名称,日期,开盘,收盘,最高,最低,成交量,成交额,振幅,涨跌幅,涨跌额,换手率
招商蛇口,2015-12-30,18.98,18.26,18.98,15.57,5148813,11533337088.0,18.25,-2.25,-0.42,27.11
招商蛇口,2015-12-31,16.8,15.94,17.42,15.94,2801830,5993870848.0,8.11,-12.71,-2.32,15.86
招商蛇口,2016-01-04,15.28,14.71,16.25,14.08,1533408,3074335088.0,13.61,-7.72,-1.23,8.68
招商蛇口,2016-01-05,14.43,14.58,15.42,13.66,1624083,3170522608.0,11.96,-0.88,-0.13,9.2
招商蛇口,2016-01-06,14.44,14.59,14.68,13.89,1244261,2388081440.0,5.42,0.07,0.01,7.04
招商蛇口,2016-01-07,14.34,12.71,14.34,12.65,316123,582790640.0,11.58,-12.89,-1.88,1.79
招商蛇口,2016-01-08,13.16,12.11,13.36,11.29,1536063,2654856480.0,16.29,-4.72,-0.6,8.7
招商蛇口,2016-01-11,11.55,10.41,11.58,10.41,1518530,2420680224.0,9.66,-14.04,-1.7,8.6
招商蛇口,2016-01-12,10.35,11.26,11.88,10.16,1405773,2257678496.0,16.52,8.17,0.85,7.4
招商蛇口,2016-01-13,11.18,11.28,12.2,10.86,1160568,1905178304.0,11.9,0.18,0.02,6.11
招商蛇口,2016-01-14,10.68,12.57,12.57,10.59,1471695,2472379792.0,17.55,11.44,1.29,7.75
招商蛇口,2016-01-15,12.19,11.68,12.5,11.49,970283,1640173408.0,8.04,-7.08,-0.89,5.11
招商蛇口,2016-01-18,11.53,11.79,12.14,11.45,757323,1271748128.0,5.91,0.94,0.11,3.99
招商蛇口,2016-01-19,12.01,12.26,12.43,11.58,912712,1546888448.0,7.21,3.99,0.47,4.81
招商蛇口,2016-01-20,12.08,11.48,12.22,11.28,866212,1442186800.0,7.67,-6.36,-0.78,4.56
招商蛇口,2016-01-21,11.21,10.9,11.73,10.88,684784,1109114912.0,7.4,-5.05,-0.58,3.61
招商蛇口,2016-01-22,11.19,10.99,11.26,10.66,468611,745103984.0,5.5,0.83,0.09,2.47
招商蛇口,2016-01-25,11.17,11.05,11.27,10.91,362215,580164736.0,3.28,0.55,0.06,1.91
招商蛇口,2016-01-26,10.88,9.46,10.91,9.45,652801,983302144.0,13.21,-14.39,-1.59,3.44
招商蛇口,2016-01-27,9.57,9.3,9.67,8.46,726845,1020051232.0,12.79,-1.69,-0.16,3.83
招商蛇口,2016-01-28,9.06,8.88,9.65,8.88,518813,737825712.0,8.28,-4.52,-0.42,2.73
招商蛇口,2016-01-29,9.0,9.5,9.64,8.92,557289,797823584.0,8.11,6.98,0.62,2.93
招商蛇口,2016-02-01,9.52,9.18,9.53,8.95,349316,496097856.0,6.11,-3.37,-0.32,1.84
招商蛇口,2016-02-02,9.28,10.11,10.58,9.22,679400,1009677200.0,14.81,10.13,0.93,3.58
招商蛇口,2016-02-03,10.08,10.35,10.7,9.8,720892,1098101712.0,8.9,2.37,0.24,3.8
招商蛇口,2016-02-04,10.35,10.36,10.62,10.18,464941,712376528.0,4.25,0.1,0.01,2.45
招商蛇口,2016-02-05,10.39,10.03,10.51,10.02,346813,525554736.0,4.73,-3.19,-0.33,1.83
招商蛇口,2016-02-15,9.39,9.72,9.93,9.39,358957,524980720.0,5.38,-3.09,-0.31,1.89
招商蛇口,2016-02-16,9.82,10.27,10.64,9.79,498783,759761552.0,8.74,5.66,0.55,2.63
招商蛇口,2016-02-17,10.23,10.5,10.66,10.18,437895,673142896.0,4.67,2.24,0.23,2.31
招商蛇口,2016-02-18,10.58,10.43,11.06,10.39,511054,797581168.0,6.38,-0.67,-0.07,2.69
招商蛇口,2016-02-19,10.47,10.15,10.55,9.97,512915,776678864.0,5.56,-2.68,-0.28,2.7
招商蛇口,2016-02-22,10.53,10.48,10.69,10.31,678283,1047169488.0,3.74,3.25,0.33,3.57
招商蛇口,2016-02-23,10.56,10.42,10.7,10.22,477177,735052624.0,4.58,-0.57,-0.06,2.51
招商蛇口,2016-02-24,10.43,10.29,10.52,9.95,435048,658691312.0,5.47,-1.25,-0.13,2.29
招商蛇口,2016-02-25,10.28,8.85,10.28,8.77,693791,997869680.0,14.67,-13.99,-1.44,3.65
招商蛇口,2016-02-26,9.0,9.08,9.33,8.8,439395,614478624.0,5.99,2.6,0.23,2.31
招商蛇口,2016-02-29,9.26,9.01,9.57,8.69,823238,1158327792.0,9.69,-0.77,-0.07,4.33
招商蛇口,2016-03-01,9.17,10.07,10.4,9.04,1283504,1906002000.0,15.09,11.76,1.06,6.76
招商蛇口,2016-03-02,9.95,11.57,11.57,9.95,1777450,2824947840.0,16.09,14.9,1.5,9.36
招商蛇口,2016-03-03,11.78,11.41,12.28,11.23,1733171,2899691984.0,9.08,-1.38,-0.16,9.12
招商蛇口,2016-03-04,11.08,11.5,12.93,11.01,1932653,3272376608.0,16.83,0.79,0.09,10.17
招商蛇口,2016-03-07,11.77,11.66,12.15,11.26,921842,1529568688.0,7.74,1.39,0.16,4.85
招商蛇口,2016-03-08,11.5,11.11,11.5,10.45,861286,1362197680.0,9.01,-4.72,-0.55,4.53
招商蛇口,2016-03-09,10.57,10.49,10.82,10.43,524858,815887472.0,3.51,-5.58,-0.62,2.76
招商蛇口,2016-03-10,10.55,9.75,10.66,9.63,693165,1038863664.0,9.82,-7.05,-0.74,3.65
招商蛇口,2016-03-11,9.49,9.53,9.73,9.28,452399,652242960.0,4.62,-2.26,-0.22,2.38
招商蛇口,2016-03-14,9.67,9.99,10.19,9.67,576267,860365328.0,5.46,4.83,0.46,3.03
招商蛇口,2016-03-15,9.9,9.75,9.97,9.54,400704,586372224.0,4.3,-2.4,-0.24,2.11
招商蛇口,2016-03-16,9.79,9.64,10.02,9.57,325317,476755632.0,4.62,-1.13,-0.11,1.71
招商蛇口,2016-03-17,9.8,10.21,10.34,9.63,677222,1011476144.0,7.37,5.91,0.57,3.57
招商蛇口,2016-03-18,10.19,10.96,11.29,10.19,1005021,1581221200.0,10.77,7.35,0.75,5.29
招商蛇口,2016-03-21,11.14,11.13,11.25,10.79,708917,1132273072.0,4.2,1.55,0.17,3.73
招商蛇口,2016-03-22,11.03,10.71,11.03,10.61,551419,867050960.0,3.77,-3.77,-0.42,2.9
招商蛇口,2016-03-23,10.62,10.69,10.8,10.38,436554,677719040.0,3.92,-0.19,-0.02,2.3
招商蛇口,2016-03-24,10.48,10.44,10.78,10.24,472215,728355856.0,5.05,-2.34,-0.25,2.49
招商蛇口,2016-03-25,10.46,10.54,10.67,10.29,327720,504676176.0,3.64,0.96,0.1,1.73
招商蛇口,2016-03-28,10.51,10.11,10.56,10.07,518016,789737392.0,4.65,-4.08,-0.43,2.73
招商蛇口,2016-03-29,10.21,9.78,10.27,9.75,373210,556640384.0,5.14,-3.26,-0.33,1.96
招商蛇口,2016-03-30,9.97,10.23,10.24,9.96,420112,631439872.0,2.86,4.6,0.45,2.21
招商蛇口,2016-03-31,10.27,10.13,10.41,10.08,394579,598377344.0,3.23,-0.98,-0.1,2.08
招商蛇口,2016-04-01,10.13,10.07,10.16,9.83,327434,487744192.0,3.26,-0.59,-0.06,1.72
招商蛇口,2016-04-05,10.08,10.68,10.86,10.08,745723,1155791312.0,7.75,6.06,0.61,3.93
招商蛇口,2016-04-06,10.64,10.52,10.64,10.35,524221,807836288.0,2.72,-1.5,-0.16,2.76
招商蛇口,2016-04-07,10.53,10.2,10.63,10.19,412807,630249248.0,4.18,-3.04,-0.32,2.17
招商蛇口,2016-04-08,10.08,9.91,10.09,9.72,510436,755144960.0,3.63,-2.84,-0.29,2.69
招商蛇口,2016-04-11,10.14,10.24,10.43,10.08,539433,819172240.0,3.53,3.33,0.33,2.84
招商蛇口,2016-04-12,10.26,9.98,10.29,9.95,358765,537699488.0,3.32,-2.54,-0.26,1.89
招商蛇口,2016-04-13,10.15,10.36,10.58,10.08,791155,1208934704.0,5.01,3.81,0.38,4.17
招商蛇口,2016-04-14,10.48,10.48,10.54,10.28,415192,636704128.0,2.51,1.16,0.12,2.19
招商蛇口,2016-04-15,10.55,10.36,10.64,10.28,377600,577662800.0,3.44,-1.15,-0.12,1.99
招商蛇口,2016-04-18,10.23,10.03,10.23,9.98,387878,580942144.0,2.41,-3.19,-0.33,2.04
招商蛇口,2016-04-19,10.14,10.09,10.15,9.99,245317,367610656.0,1.6,0.6,0.06,1.29
招商蛇口,2016-04-20,10.09,9.49,10.13,9.11,628616,913193616.0,10.11,-5.95,-0.6,3.31
招商蛇口,2016-04-21,9.38,9.31,9.6,9.29,300295,430799488.0,3.27,-1.9,-0.18,1.58
招商蛇口,2016-04-22,9.33,9.51,9.53,9.24,269000,384935296.0,3.11,2.15,0.2,1.42
招商蛇口,2016-04-25,9.38,9.31,9.41,9.25,209853,298596272.0,1.68,-2.1,-0.2,1.1
招商蛇口,2016-04-26,9.33,9.4,9.4,9.24,195376,278418688.0,1.72,0.97,0.09,1.03
招商蛇口,2016-04-27,9.42,9.33,9.48,9.32,228701,327133344.0,1.7,-0.74,-0.07,1.2
招商蛇口,2016-04-28,9.35,9.26,9.38,9.13,233656,330856608.0,2.68,-0.75,-0.07,1.23
招商蛇口,2016-04-29,9.25,9.29,9.39,9.15,205560,292234976.0,2.59,0.32,0.03,1.08
招商蛇口,2016-05-03,9.33,9.59,9.62,9.29,317899,458418976.0,3.55,3.23,0.3,1.67
招商蛇口,2016-05-04,9.58,9.53,9.68,9.44,288488,418185008.0,2.5,-0.63,-0.06,1.52
招商蛇口,2016-05-05,9.5,9.64,9.65,9.47,252677,365760912.0,1.89,1.15,0.11,1.33
招商蛇口,2016-05-06,9.69,9.32,9.74,9.32,412670,596560176.0,4.36,-3.32,-0.32,2.17
招商蛇口,2016-05-09,9.31,8.92,9.31,8.84,363948,506582128.0,5.04,-4.29,-0.4,1.92
招商蛇口,2016-05-10,8.91,8.88,9.03,8.81,188675,260560387.0,2.47,-0.45,-0.04,0.99
招商蛇口,2016-05-11,8.98,9.23,9.36,8.88,415685,587084096.0,5.41,3.94,0.35,2.19
招商蛇口,2016-05-12,9.06,9.01,9.12,8.83,278988,387743568.0,3.14,-2.38,-0.22,1.47
招商蛇口,2016-05-13,9.01,8.91,9.12,8.88,185437,257548617.0,2.66,-1.11,-0.1,0.98
招商蛇口,2016-05-16,8.86,8.95,8.95,8.75,184710,254320473.0,2.24,0.45,0.04,0.97
招商蛇口,2016-05-17,8.96,8.88,9.01,8.78,167306,230918785.0,2.57,-0.78,-0.07,0.88
招商蛇口,2016-05-18,8.97,9.04,9.32,8.8,524225,732069440.0,5.86,1.8,0.16,2.76
招商蛇口,2016-05-19,8.98,8.96,9.14,8.89,211569,294903424.0,2.77,-0.88,-0.08,1.11
招商蛇口,2016-05-20,8.96,9.0,9.0,8.87,170077,235675945.0,1.45,0.45,0.04,0.9
招商蛇口,2016-05-23,9.02,9.08,9.19,9.01,276688,387954240.0,2.0,0.89,0.08,1.46
招商蛇口,2016-05-24,9.08,8.89,9.08,8.88,193555,268274985.0,2.2,-2.09,-0.19,1.02
招商蛇口,2016-05-25,8.96,8.83,9.01,8.81,157866,218319345.0,2.25,-0.67,-0.06,0.83
招商蛇口,2016-05-26,8.88,8.78,8.94,8.58,183513,250304365.0,4.08,-0.57,-0.05,0.97
招商蛇口,2016-05-27,8.76,8.78,8.86,8.69,181857,249050696.0,1.94,0.0,0.0,0.96
招商蛇口,2016-05-30,8.73,8.81,8.84,8.64,143111,195692087.0,2.28,0.34,0.03,0.75
招商蛇口,2016-05-31,8.79,9.26,9.3,8.79,472920,665415904.0,5.79,5.11,0.45,2.49
招商蛇口,2016-06-01,9.22,9.18,9.33,9.16,247223,349573264.0,1.84,-0.86,-0.08,1.3
招商蛇口,2016-06-02,9.22,9.27,9.52,9.21,295788,421800048.0,3.38,0.98,0.09,1.56
招商蛇口,2016-06-03,9.34,9.33,9.37,9.21,232339,330250560.0,1.73,0.65,0.06,1.22
招商蛇口,2016-06-06,9.37,9.82,10.04,9.37,609937,893347408.0,7.18,5.25,0.49,3.21
招商蛇口,2016-06-07,9.64,9.65,9.85,9.55,261029,380662096.0,3.05,-1.73,-0.17,1.37
招商蛇口,2016-06-08,9.67,9.45,9.7,9.38,244817,352279984.0,3.32,-2.07,-0.2,1.29
招商蛇口,2016-06-13,9.24,8.86,9.29,8.86,281464,395090736.0,4.55,-6.24,-0.59,1.48
招商蛇口,2016-06-14,8.87,8.92,9.0,8.75,191648,264358728.0,2.82,0.68,0.06,1.01
招商蛇口,2016-06-15,8.73,9.06,9.16,8.73,245419,341973376.0,4.82,1.57,0.14,1.29
招商蛇口,2016-06-16,8.99,9.16,9.34,8.94,254590,357045040.0,4.42,1.1,0.1,1.34
招商蛇口,2016-06-17,9.21,9.42,9.53,9.14,346624,494680688.0,4.26,2.84,0.26,1.82
招商蛇口,2016-06-20,10.03,9.8,10.23,9.79,688864,1024784688.0,4.67,4.03,0.38,3.63
招商蛇口,2016-06-21,9.85,9.53,9.9,9.5,422354,616571152.0,4.08,-2.76,-0.27,2.22
招商蛇口,2016-06-22,9.53,9.67,9.71,9.47,225254,327853280.0,2.52,1.47,0.14,1.19
招商蛇口,2016-06-23,9.67,9.56,9.68,9.45,186859,270524544.0,2.38,-1.14,-0.11,0.98
招商蛇口,2016-06-24,9.62,9.3,9.71,9.02,365961,514231264.0,7.22,-2.72,-0.26,1.93
招商蛇口,2016-06-27,9.26,9.5,9.53,9.24,342866,481470336.0,3.12,2.15,0.2,1.81
招商蛇口,2016-06-28,9.37,9.74,9.81,9.33,425316,605406688.0,5.05,2.53,0.24,2.24
招商蛇口,2016-06-29,9.73,9.67,9.82,9.53,282073,403661584.0,2.98,-0.72,-0.07,1.49
招商蛇口,2016-06-30,9.69,9.59,9.78,9.56,204969,293346528.0,2.28,-0.83,-0.08,1.16
招商蛇口,2016-07-01,9.64,9.65,9.77,9.59,280544,402914848.0,1.88,0.63,0.06,1.59
招商蛇口,2016-07-04,9.52,9.98,10.08,9.44,573465,835182944.0,6.63,3.42,0.33,3.25
招商蛇口,2016-07-05,9.98,10.05,10.2,9.9,466863,687337024.0,3.01,0.7,0.07,2.64
招商蛇口,2016-07-06,10.22,9.98,10.41,9.91,604688,893653696.0,4.98,-0.7,-0.07,3.42
招商蛇口,2016-07-07,9.9,10.06,10.17,9.89,429019,631742192.0,2.81,0.8,0.08,2.43
招商蛇口,2016-07-08,10.03,10.01,10.09,9.85,230359,337271872.0,2.39,-0.5,-0.05,1.3
招商蛇口,2016-07-11,10.0,10.04,10.14,9.87,371146,543537136.0,2.7,0.3,0.03,2.1
招商蛇口,2016-07-12,10.01,10.56,10.71,9.83,698654,1043175168.0,8.76,5.18,0.52,3.96
招商蛇口,2016-07-13,10.61,10.59,10.84,10.49,577939,886684288.0,3.31,0.28,0.03,3.27
招商蛇口,2016-07-14,10.6,10.68,10.78,10.48,389326,596895088.0,2.83,0.85,0.09,2.2
招商蛇口,2016-07-15,10.84,10.97,11.28,10.77,653390,1026516560.0,4.78,2.72,0.29,3.7
招商蛇口,2016-07-18,10.86,11.01,11.29,10.84,433647,684337568.0,4.1,0.36,0.04,2.46
招商蛇口,2016-07-19,11.02,10.79,11.14,10.64,316641,488952352.0,4.54,-2.0,-0.22,1.79
招商蛇口,2016-07-20,10.76,10.62,10.91,10.58,228612,351739728.0,3.06,-1.58,-0.17,1.29
招商蛇口,2016-07-21,10.64,10.7,10.89,10.59,279424,429746032.0,2.82,0.75,0.08,1.58
招商蛇口,2016-07-22,10.72,10.42,10.82,10.33,372929,568951424.0,4.58,-2.62,-0.28,2.11
招商蛇口,2016-07-25,10.37,10.47,10.68,10.35,295749,448693856.0,3.17,0.48,0.05,1.67
招商蛇口,2016-07-26,10.43,10.87,10.97,10.39,324672,501191136.0,5.54,3.82,0.4,1.84
招商蛇口,2016-07-27,10.9,10.57,11.28,10.34,711839,1104648256.0,8.65,-2.76,-0.3,4.03
招商蛇口,2016-07-28,10.57,10.66,10.71,10.29,422044,639986496.0,3.97,0.85,0.09,2.39
招商蛇口,2016-07-29,10.6,10.67,10.8,10.51,252128,386883072.0,2.72,0.09,0.01,1.43
招商蛇口,2016-08-01,10.6,10.17,10.61,10.04,348518,520912656.0,5.34,-4.69,-0.5,1.97
招商蛇口,2016-08-02,10.16,10.3,10.33,10.07,211252,314311280.0,2.56,1.28,0.13,1.2
招商蛇口,2016-08-03,10.24,10.62,10.67,10.19,295938,449128128.0,4.66,3.11,0.32,1.68
招商蛇口,2016-08-04,10.52,10.72,10.77,10.39,314248,479812112.0,3.58,0.94,0.1,1.78
招商蛇口,2016-08-05,10.86,10.85,11.22,10.71,617613,962790944.0,4.76,1.21,0.13,3.5
招商蛇口,2016-08-08,10.81,11.09,11.21,10.74,535494,842411840.0,4.33,2.21,0.24,3.03
招商蛇口,2016-08-09,11.12,11.02,11.32,10.89,467000,735948688.0,3.88,-0.63,-0.07,2.64
招商蛇口,2016-08-10,11.0,10.71,11.03,10.63,375627,579680320.0,3.63,-2.81,-0.31,2.13
招商蛇口,2016-08-11,10.67,10.64,10.78,10.6,224637,344914816.0,1.68,-0.65,-0.07,1.27
招商蛇口,2016-08-12,10.6,11.56,11.73,10.58,983288,1560462128.0,10.81,8.65,0.92,5.57
招商蛇口,2016-08-15,11.62,12.4,12.62,11.54,1590594,2681114736.0,9.34,7.27,0.84,9.01
招商蛇口,2016-08-16,12.31,12.09,12.61,12.01,1014699,1712809696.0,4.84,-2.5,-0.31,5.75
招商蛇口,2016-08-17,12.02,11.74,12.03,11.58,572987,942602864.0,3.72,-2.89,-0.35,3.24
招商蛇口,2016-08-18,11.74,12.01,12.84,11.69,1060598,1798011008.0,9.8,2.3,0.27,6.01
招商蛇口,2016-08-19,11.85,11.7,11.95,11.65,400505,657508048.0,2.5,-2.58,-0.31,2.27
招商蛇口,2016-08-22,11.76,11.41,12.06,11.27,511636,832524832.0,6.75,-2.48,-0.29,2.9
招商蛇口,2016-08-23,11.52,11.64,12.09,11.44,588530,964868720.0,5.7,2.02,0.23,3.33
招商蛇口,2016-08-24,11.69,11.62,11.88,11.49,377753,616243024.0,3.35,-0.17,-0.02,2.14
招商蛇口,2016-08-25,11.5,11.4,11.58,11.23,525921,843454112.0,3.01,-1.89,-0.22,2.98
招商蛇口,2016-08-26,11.42,11.44,11.57,11.34,254807,410318640.0,2.02,0.35,0.04,1.44
招商蛇口,2016-08-29,11.5,11.71,11.87,11.34,445625,725356176.0,4.63,2.36,0.27,2.52
招商蛇口,2016-08-30,11.64,11.6,11.76,11.55,271669,443136304.0,1.79,-0.94,-0.11,1.54
招商蛇口,2016-08-31,11.64,11.77,12.0,11.55,496691,817944160.0,3.88,1.47,0.17,2.81
招商蛇口,2016-09-01,11.77,11.3,11.82,11.29,468463,756507056.0,4.5,-3.99,-0.47,2.65
招商蛇口,2016-09-02,11.24,11.11,11.44,11.0,388016,615608832.0,3.89,-1.68,-0.19,2.2
招商蛇口,2016-09-05,11.14,11.1,11.19,11.02,162897,256612466.0,1.53,-0.09,-0.01,0.92
招商蛇口,2016-09-06,11.11,11.25,11.31,10.95,214359,338451392.0,3.24,1.35,0.15,1.21
招商蛇口,2016-09-07,11.29,11.19,11.48,11.18,255673,408215984.0,2.67,-0.53,-0.06,1.45
招商蛇口,2016-09-08,11.15,11.22,11.36,11.15,147396,234503448.0,1.88,0.27,0.03,0.83
招商蛇口,2016-09-09,11.25,11.0,11.28,10.91,243098,381795136.0,3.3,-1.96,-0.22,1.38
招商蛇口,2016-09-12,10.79,10.76,10.83,10.6,321677,494000672.0,2.09,-2.18,-0.24,1.82
招商蛇口,2016-09-13,10.8,10.68,10.82,10.59,157455,241285244.0,2.14,-0.74,-0.08,0.89
招商蛇口,2016-09-14,10.68,10.78,10.82,10.5,206270,316881776.0,3.0,0.94,0.1,1.17
招商蛇口,2016-09-19,10.8,10.96,11.05,10.8,182164,284207696.0,2.32,1.67,0.18,1.03
招商蛇口,2016-09-20,10.96,10.82,11.0,10.79,135665,210589920.0,1.92,-1.28,-0.14,0.77
招商蛇口,2016-09-21,10.84,11.08,11.14,10.81,207208,324430624.0,3.05,2.4,0.26,1.17
招商蛇口,2016-09-22,11.19,11.32,11.52,11.14,465822,747870736.0,3.43,2.17,0.24,2.64
招商蛇口,2016-09-23,11.3,11.33,11.41,11.17,214016,341359648.0,2.12,0.09,0.01,1.21
招商蛇口,2016-09-26,11.3,10.92,11.31,10.92,214612,337262528.0,3.44,-3.62,-0.41,1.22
招商蛇口,2016-09-27,10.87,11.09,11.23,10.82,197401,309780960.0,3.75,1.56,0.17,1.12
招商蛇口,2016-09-28,11.09,11.05,11.15,10.91,135791,213469755.0,2.16,-0.36,-0.04,0.77
招商蛇口,2016-09-29,11.05,11.22,11.38,11.05,185205,294527184.0,2.99,1.54,0.17,1.05
招商蛇口,2016-09-30,11.21,11.32,11.42,11.16,141642,226370632.0,2.32,0.89,0.1,0.8
招商蛇口,2016-10-10,10.95,10.75,10.95,10.25,544339,830127248.0,6.18,-5.04,-0.57,3.08
招商蛇口,2016-10-11,10.75,10.71,10.82,10.64,255612,392830336.0,1.67,-0.37,-0.04,1.45
招商蛇口,2016-10-12,10.72,10.85,10.86,10.62,212060,326244080.0,2.24,1.31,0.14,1.2
招商蛇口,2016-10-13,10.8,11.34,11.38,10.7,484369,765099840.0,6.27,4.52,0.49,2.74
招商蛇口,2016-10-14,11.36,11.74,11.84,11.16,595983,970407424.0,6.0,3.53,0.4,3.37
招商蛇口,2016-10-17,11.73,11.71,11.96,11.6,473612,778753632.0,3.07,-0.26,-0.03,2.68
招商蛇口,2016-10-18,11.66,12.28,12.32,11.64,637953,1062021728.0,5.81,4.87,0.57,3.61
招商蛇口,2016-10-19,12.29,12.54,12.54,12.2,687449,1173330560.0,2.77,2.12,0.26,3.89
招商蛇口,2016-10-20,12.46,12.62,12.69,12.36,452700,779938160.0,2.63,0.64,0.08,2.56
招商蛇口,2016-10-21,12.54,12.85,12.86,12.31,577488,996230416.0,4.36,1.82,0.23,3.27
招商蛇口,2016-10-24,12.74,12.26,12.99,12.25,387455,664514528.0,5.76,-4.59,-0.59,2.19
招商蛇口,2016-10-25,12.24,12.35,12.44,12.2,236578,401953872.0,1.96,0.73,0.09,1.34
招商蛇口,2016-10-26,12.34,12.24,12.39,12.04,230073,387762624.0,2.83,-0.89,-0.11,1.3
招商蛇口,2016-10-27,12.16,12.3,12.58,12.09,278420,474479840.0,4.0,0.49,0.06,1.58
招商蛇口,2016-10-28,12.22,12.13,12.46,12.12,186622,315429200.0,2.76,-1.38,-0.17,1.06
招商蛇口,2016-10-31,12.24,12.21,12.26,11.94,109338,183687900.0,2.64,0.66,0.08,0.62
招商蛇口,2016-11-01,12.18,12.35,12.38,12.12,152696,258130184.0,2.13,1.15,0.14,0.86
招商蛇口,2016-11-02,12.33,11.83,12.33,11.77,277730,462308368.0,4.53,-4.21,-0.52,1.57
招商蛇口,2016-11-03,11.84,11.9,12.12,11.79,177055,293705728.0,2.79,0.59,0.07,1.0
招商蛇口,2016-11-04,11.94,11.88,12.12,11.82,140474,233601593.0,2.52,-0.17,-0.02,0.8
招商蛇口,2016-11-07,11.94,11.8,11.97,11.77,100521,165778072.0,1.68,-0.67,-0.08,0.57
招商蛇口,2016-11-08,11.87,11.82,11.98,11.77,126139,208213643.0,1.78,0.17,0.02,0.71
招商蛇口,2016-11-09,11.85,11.85,12.02,11.57,232504,383488816.0,3.81,0.25,0.03,1.32
招商蛇口,2016-11-10,11.99,12.12,12.31,11.9,239562,403174976.0,3.46,2.28,0.27,1.36
招商蛇口,2016-11-11,12.14,12.15,12.21,12.01,148947,249793836.0,1.65,0.25,0.03,0.84
招商蛇口,2016-11-14,12.13,11.94,12.29,11.87,194495,325032320.0,3.46,-1.73,-0.21,1.1
招商蛇口,2016-11-15,11.97,12.02,12.18,11.85,164235,273738160.0,2.76,0.67,0.08,0.93
招商蛇口,2016-11-16,12.02,11.84,12.05,11.82,156962,259553363.0,1.91,-1.5,-0.18,0.89
招商蛇口,2016-11-17,11.81,11.72,11.81,11.65,139835,229016981.0,1.35,-1.01,-0.12,0.79
招商蛇口,2016-11-18,11.81,11.81,12.06,11.74,173308,287756688.0,2.73,0.77,0.09,0.98
招商蛇口,2016-11-21,11.85,12.4,12.52,11.79,397576,670260896.0,6.18,5.0,0.59,2.25
招商蛇口,2016-11-22,12.49,12.3,12.64,12.26,240633,410743168.0,3.06,-0.81,-0.1,1.36
招商蛇口,2016-11-23,12.3,13.03,13.54,12.3,798559,1408672592.0,10.08,5.93,0.73,4.52
招商蛇口,2016-11-24,12.84,14.13,14.59,12.77,958163,1776728800.0,13.97,8.44,1.1,5.43
招商蛇口,2016-11-25,14.13,14.85,15.79,14.13,1138261,2232052928.0,11.75,5.1,0.72,6.45
招商蛇口,2016-11-28,15.04,14.69,15.65,14.39,846508,1651264832.0,8.48,-1.08,-0.16,4.79
招商蛇口,2016-11-29,14.56,14.64,15.44,14.4,812146,1579663136.0,7.08,-0.34,-0.05,4.6
招商蛇口,2016-11-30,14.89,14.64,15.04,14.25,497146,961683184.0,5.4,0.0,0.0,2.82
招商蛇口,2016-12-01,14.64,15.4,15.5,14.59,945006,1872807904.0,6.22,5.19,0.76,5.35
招商蛇口,2016-12-02,15.24,14.64,15.44,14.6,471466,923503840.0,5.45,-4.94,-0.76,2.67
招商蛇口,2016-12-05,14.24,13.12,14.24,12.96,928677,1679328880.0,8.74,-10.38,-1.52,5.26
招商蛇口,2016-12-06,13.12,13.0,13.33,12.89,382053,677494192.0,3.35,-0.91,-0.12,2.16
招商蛇口,2016-12-07,13.03,13.31,13.41,12.8,273480,485998496.0,4.69,2.38,0.31,1.55
招商蛇口,2016-12-08,13.31,13.05,13.39,13.04,214867,382250256.0,2.63,-1.95,-0.26,1.22
招商蛇口,2016-12-09,13.01,13.55,13.77,13.0,360301,652116832.0,5.9,3.83,0.5,2.04
招商蛇口,2016-12-12,13.59,12.75,13.75,12.7,391818,695441600.0,7.75,-5.9,-0.8,2.22
招商蛇口,2016-12-13,12.77,12.76,13.02,12.44,459593,797832384.0,4.55,0.08,0.01,2.6
招商蛇口,2016-12-14,12.84,12.41,12.96,12.41,351045,607944000.0,4.31,-2.74,-0.35,1.99
招商蛇口,2016-12-15,12.37,12.29,12.54,12.14,302804,513537248.0,3.22,-0.97,-0.12,1.71
招商蛇口,2016-12-16,12.37,12.47,12.57,12.23,288810,493597056.0,2.77,1.46,0.18,1.64
招商蛇口,2016-12-19,12.39,12.24,12.5,12.12,212183,360370320.0,3.05,-1.84,-0.23,1.2
招商蛇口,2016-12-20,12.24,12.12,12.31,12.06,170238,286290768.0,2.04,-0.98,-0.12,0.96
招商蛇口,2016-12-21,12.19,12.22,12.3,12.11,199078,335510464.0,1.57,0.83,0.1,1.13
招商蛇口,2016-12-22,12.17,12.24,12.3,11.97,224416,376942096.0,2.7,0.16,0.02,1.27
招商蛇口,2016-12-23,12.24,11.85,12.25,11.84,198245,330595808.0,3.35,-3.19,-0.39,1.12
招商蛇口,2016-12-26,11.73,11.9,11.95,11.52,164024,268648912.0,3.63,0.42,0.05,0.93
招商蛇口,2016-12-27,11.85,12.04,12.18,11.74,193119,322334896.0,3.7,1.18,0.14,1.09
招商蛇口,2016-12-28,12.04,11.76,12.04,11.73,156728,258724074.0,2.57,-2.33,-0.28,0.89
招商蛇口,2016-12-29,11.77,11.71,11.89,11.68,179947,295582896.0,1.79,-0.43,-0.05,1.02
招商蛇口,2016-12-30,11.77,11.73,11.89,11.68,148335,243692466.0,1.79,0.17,0.02,0.84
招商蛇口,2017-01-03,11.76,11.99,12.06,11.74,154328,256456585.0,2.73,2.22,0.26,0.81
招商蛇口,2017-01-04,11.95,12.1,12.11,11.94,160585,268056268.0,1.42,0.92,0.11,0.85
招商蛇口,2017-01-05,12.12,12.16,12.24,12.08,164285,276521504.0,1.32,0.5,0.06,0.86
招商蛇口,2017-01-06,12.18,12.05,12.2,12.0,117015,195631842.0,1.64,-0.9,-0.11,0.62
招商蛇口,2017-01-09,12.05,12.15,12.19,12.02,125739,211183438.0,1.41,0.83,0.1,0.66
招商蛇口,2017-01-10,12.2,12.29,12.51,12.15,204774,348414272.0,2.96,1.15,0.14,1.08
招商蛇口,2017-01-11,12.23,12.13,12.49,12.1,193662,328594336.0,3.17,-1.3,-0.16,1.02
招商蛇口,2017-01-12,12.15,11.95,12.2,11.92,152557,254691054.0,2.31,-1.48,-0.18,0.8
招商蛇口,2017-01-13,12.15,11.63,12.15,11.6,190413,313786032.0,4.6,-2.68,-0.32,1.0
招商蛇口,2017-01-16,11.58,11.29,11.64,10.92,247494,396530864.0,6.19,-2.92,-0.34,1.3
招商蛇口,2017-01-17,11.3,11.65,11.66,11.27,201550,326370336.0,3.45,3.19,0.36,1.06
招商蛇口,2017-01-18,11.67,11.84,11.94,11.55,151814,250212500.0,3.35,1.63,0.19,0.8
招商蛇口,2017-01-19,11.74,11.73,11.89,11.7,75079,123436397.0,1.6,-0.93,-0.11,0.4
招商蛇口,2017-01-20,11.75,11.86,11.89,11.73,106243,175306002.0,1.36,1.11,0.13,0.56
招商蛇口,2017-01-23,12.01,11.97,12.05,11.88,117437,195437827.0,1.43,0.93,0.11,0.62
招商蛇口,2017-01-24,11.94,11.82,12.0,11.77,102450,169099952.0,1.92,-1.25,-0.15,0.54
招商蛇口,2017-01-25,11.84,11.82,11.87,11.75,85523,140772917.0,1.02,0.0,0.0,0.45
招商蛇口,2017-01-26,11.84,11.98,11.99,11.82,110024,182446637.0,1.44,1.35,0.16,0.58
招商蛇口,2017-02-03,11.97,11.91,12.08,11.85,82316,136830356.0,1.92,-0.58,-0.07,0.43
招商蛇口,2017-02-06,11.98,11.66,12.01,11.51,200791,328300032.0,4.2,-2.1,-0.25,1.06
招商蛇口,2017-02-07,11.66,11.63,11.76,11.55,96081,156628138.0,1.8,-0.26,-0.03,0.51
招商蛇口,2017-02-08,11.59,11.81,11.82,11.58,104710,171425388.0,2.06,1.55,0.18,0.55
招商蛇口,2017-02-09,11.81,12.48,12.82,11.81,564415,968284704.0,8.55,5.67,0.67,2.97
招商蛇口,2017-02-10,12.46,12.44,12.6,12.31,218564,374164752.0,2.32,-0.32,-0.04,1.15
招商蛇口,2017-02-13,12.43,12.48,12.56,12.35,172636,295487360.0,1.69,0.32,0.04,0.91
招商蛇口,2017-02-14,12.52,12.44,12.66,12.34,160545,274953216.0,2.56,-0.32,-0.04,0.85
招商蛇口,2017-02-15,12.44,12.18,12.49,12.17,204444,346138864.0,2.57,-2.09,-0.26,1.08
招商蛇口,2017-02-16,12.12,12.25,12.36,12.09,170229,287528672.0,2.22,0.57,0.07,0.9
招商蛇口,2017-02-17,12.29,12.05,12.42,11.98,186091,312732096.0,3.59,-1.63,-0.2,0.98
招商蛇口,2017-02-20,12.08,12.67,12.69,12.02,395706,676051824.0,5.56,5.15,0.62,2.08
招商蛇口,2017-02-21,12.71,12.71,12.99,12.56,333543,581285248.0,3.39,0.32,0.04,1.76
招商蛇口,2017-02-22,12.72,12.71,12.81,12.56,191145,331395120.0,1.97,0.0,0.0,1.01
招商蛇口,2017-02-23,12.66,12.54,12.66,12.42,201967,346813600.0,1.89,-1.34,-0.17,1.06
招商蛇口,2017-02-24,12.5,12.67,12.73,12.44,162031,279478208.0,2.31,1.04,0.13,0.85
招商蛇口,2017-02-27,12.69,12.46,12.69,12.37,179584,308216000.0,2.53,-1.66,-0.21,0.95
招商蛇口,2017-02-28,12.49,12.47,12.54,12.36,131459,224760178.0,1.44,0.08,0.01,0.69
招商蛇口,2017-03-01,12.54,12.79,12.84,12.47,339851,589820208.0,2.97,2.57,0.32,1.79
招商蛇口,2017-03-02,12.8,12.63,12.87,12.63,151167,262751199.0,1.88,-1.25,-0.16,0.8
招商蛇口,2017-03-03,12.6,12.62,12.67,12.47,131179,225984430.0,1.58,-0.08,-0.01,0.69
招商蛇口,2017-03-06,12.64,13.01,13.09,12.64,343817,605006032.0,3.57,3.09,0.39,1.81
招商蛇口,2017-03-07,13.01,13.09,13.3,12.9,308853,549458800.0,3.07,0.61,0.08,1.63
招商蛇口,2017-03-08,13.09,13.13,13.25,12.94,306554,545738128.0,2.37,0.31,0.04,1.61
招商蛇口,2017-03-09,13.14,12.88,13.17,12.84,193755,341342928.0,2.51,-1.9,-0.25,1.02
招商蛇口,2017-03-10,12.92,12.99,13.16,12.85,243966,431063344.0,2.41,0.85,0.11,1.28
招商蛇口,2017-03-13,12.99,13.44,13.63,12.78,525253,943423856.0,6.54,3.46,0.45,2.77
招商蛇口,2017-03-14,13.39,13.44,13.89,13.27,408174,746038720.0,4.61,0.0,0.0,2.15
招商蛇口,2017-03-15,13.49,13.59,13.88,13.39,357304,654926512.0,3.65,1.12,0.15,1.88
招商蛇口,2017-03-16,13.67,13.65,13.89,13.45,268001,490413360.0,3.24,0.44,0.06,1.41
招商蛇口,2017-03-17,13.66,13.1,13.82,13.03,402865,725043056.0,5.79,-4.03,-0.55,2.12
招商蛇口,2017-03-20,12.85,12.76,13.08,12.58,423919,738875968.0,3.82,-2.6,-0.34,2.23
招商蛇口,2017-03-21,12.77,12.91,13.02,12.75,200271,351686160.0,2.12,1.18,0.15,1.05
招商蛇口,2017-03-22,12.76,12.6,12.83,12.53,254796,440707040.0,2.32,-2.4,-0.31,1.34
招商蛇口,2017-03-23,12.65,12.7,12.78,12.55,207726,359430736.0,1.83,0.79,0.1,1.09
招商蛇口,2017-03-24,12.65,12.99,13.02,12.63,293623,514435088.0,3.07,2.28,0.29,1.55
招商蛇口,2017-03-27,12.97,13.11,13.17,12.86,210475,373263184.0,2.39,0.92,0.12,1.11
招商蛇口,2017-03-28,13.14,13.0,13.45,12.98,319696,571715168.0,3.59,-0.84,-0.11,1.68
招商蛇口,2017-03-29,13.02,12.85,13.14,12.7,153759,270380176.0,3.38,-1.15,-0.15,0.81
招商蛇口,2017-03-30,12.86,12.81,12.95,12.62,228256,397900352.0,2.57,-0.31,-0.04,1.2
招商蛇口,2017-03-31,12.77,12.94,12.98,12.73,154725,271870608.0,1.95,1.01,0.13,0.81
招商蛇口,2017-04-05,13.82,13.37,14.51,13.29,707633,1297321232.0,9.43,3.32,0.43,3.73
招商蛇口,2017-04-06,13.25,13.67,13.79,13.24,461679,843669008.0,4.11,2.24,0.3,2.43
招商蛇口,2017-04-07,13.66,13.53,13.83,13.35,341703,623441552.0,3.51,-1.02,-0.14,1.8
招商蛇口,2017-04-10,13.69,14.87,14.94,13.62,1244205,2375510816.0,9.76,9.9,1.34,6.55
招商蛇口,2017-04-11,14.92,15.47,15.68,14.17,1060766,2069836048.0,10.15,4.03,0.6,5.58
招商蛇口,2017-04-12,16.82,16.29,17.48,16.0,1890906,4030738720.0,9.57,5.3,0.82,9.96
招商蛇口,2017-04-13,16.31,16.14,16.63,15.56,914165,1896797680.0,6.57,-0.92,-0.15,4.81
招商蛇口,2017-04-14,15.96,15.33,16.13,15.31,640167,1303132176.0,5.08,-5.02,-0.81,3.37
招商蛇口,2017-04-17,15.31,15.1,15.31,14.8,456391,900985152.0,3.33,-1.5,-0.23,2.4
招商蛇口,2017-04-18,15.19,15.1,15.62,15.07,398848,797683552.0,3.64,0.0,0.0,2.1
招商蛇口,2017-04-19,14.91,14.94,15.05,14.34,453386,879299344.0,4.7,-1.06,-0.16,2.39
招商蛇口,2017-04-20,14.99,15.13,15.51,14.9,413680,823528064.0,4.08,1.27,0.19,2.18
招商蛇口,2017-04-21,15.32,15.09,15.67,15.07,314328,629281888.0,3.97,-0.26,-0.04,1.65
招商蛇口,2017-04-24,14.94,14.57,14.96,14.45,308364,597012768.0,3.38,-3.45,-0.52,1.62
招商蛇口,2017-04-25,14.57,14.45,14.87,14.43,300091,579332768.0,3.02,-0.82,-0.12,1.58
招商蛇口,2017-04-26,14.5,14.72,14.78,14.37,241190,464063504.0,2.84,1.87,0.27,1.27
招商蛇口,2017-04-27,14.72,14.39,14.74,14.1,374686,714685664.0,4.35,-2.24,-0.33,1.97
招商蛇口,2017-04-28,14.39,14.46,14.64,14.17,204039,390463520.0,3.27,0.49,0.07,1.07
招商蛇口,2017-05-02,14.44,14.22,14.47,14.15,244945,463502080.0,2.21,-1.66,-0.24,1.29
招商蛇口,2017-05-03,14.24,14.32,14.58,14.19,254374,483915808.0,2.74,0.7,0.1,1.34
招商蛇口,2017-05-04,14.19,14.14,14.36,14.1,217524,410364448.0,1.82,-1.26,-0.18,1.15
招商蛇口,2017-05-05,14.02,13.57,14.08,13.57,306116,564038224.0,3.61,-4.03,-0.57,1.61
招商蛇口,2017-05-08,13.46,13.16,13.54,13.08,275024,492236960.0,3.39,-3.02,-0.41,1.45
招商蛇口,2017-05-09,13.14,13.38,13.49,13.11,163727,294230144.0,2.89,1.67,0.22,0.86
招商蛇口,2017-05-10,13.42,13.41,13.9,13.37,257345,470905344.0,3.96,0.22,0.03,1.35
招商蛇口,2017-05-11,13.43,13.71,13.78,13.26,232558,424067648.0,3.88,2.24,0.3,1.22
招商蛇口,2017-05-12,13.64,13.99,14.16,13.6,267150,496973536.0,4.08,2.04,0.28,1.41
招商蛇口,2017-05-15,14.04,13.95,14.24,13.82,254992,475419728.0,3.0,-0.29,-0.04,1.34
招商蛇口,2017-05-16,13.9,14.07,14.09,13.64,243285,450892352.0,3.23,0.86,0.12,1.28
招商蛇口,2017-05-17,14.15,14.17,14.33,14.08,227214,428181296.0,1.78,0.71,0.1,1.2
招商蛇口,2017-05-18,14.01,15.44,15.64,13.9,712635,1388155248.0,12.28,8.96,1.27,3.75
招商蛇口,2017-05-19,15.09,14.98,15.3,14.81,369108,725928768.0,3.17,-2.98,-0.46,1.94
招商蛇口,2017-05-22,14.82,14.83,15.29,14.74,270710,531113296.0,3.67,-1.0,-0.15,1.43
招商蛇口,2017-05-23,14.89,14.67,14.92,14.32,273099,524290288.0,4.05,-1.08,-0.16,1.44
招商蛇口,2017-05-24,14.44,14.4,14.74,14.25,247361,473624992.0,3.34,-1.84,-0.27,1.3
招商蛇口,2017-05-25,14.59,15.17,15.27,14.4,497722,979190784.0,6.04,5.35,0.77,2.62
招商蛇口,2017-05-26,15.14,15.17,15.73,15.1,431952,866930064.0,4.15,0.0,0.0,2.27
招商蛇口,2017-05-31,15.64,15.4,15.99,15.32,449056,914053296.0,4.42,1.52,0.23,2.36
招商蛇口,2017-06-01,15.18,15.44,15.72,15.18,322616,651246464.0,3.51,0.26,0.04,1.7
招商蛇口,2017-06-02,15.37,15.41,15.62,14.97,283941,566699456.0,4.21,-0.19,-0.03,1.49
招商蛇口,2017-06-05,15.34,15.15,15.49,15.07,243216,482346816.0,2.73,-1.69,-0.26,1.28
招商蛇口,2017-06-06,15.12,15.84,15.86,14.97,441517,892810912.0,5.87,4.55,0.69,2.32
招商蛇口,2017-06-07,15.54,16.35,16.51,15.49,584849,1219165824.0,6.44,3.22,0.51,3.08
招商蛇口,2017-06-08,16.52,16.41,16.81,16.17,484121,1025142912.0,3.91,0.37,0.06,2.55
招商蛇口,2017-06-09,16.38,16.46,16.78,16.34,315864,668686832.0,2.68,0.3,0.05,1.66
招商蛇口,2017-06-12,16.34,16.03,16.82,15.99,438982,925104320.0,5.04,-2.61,-0.43,2.31
招商蛇口,2017-06-13,15.98,16.35,16.4,15.8,355497,737052800.0,3.74,2.0,0.32,1.87
招商蛇口,2017-06-14,16.18,15.67,16.19,15.63,413882,849642256.0,3.43,-4.16,-0.68,2.18
招商蛇口,2017-06-15,15.66,15.75,15.83,15.47,244270,494679952.0,2.3,0.51,0.08,1.29
招商蛇口,2017-06-16,15.74,15.65,15.89,15.63,191123,390338912.0,1.65,-0.63,-0.1,1.01
招商蛇口,2017-06-19,15.79,16.1,16.27,15.79,306116,635519472.0,3.07,2.88,0.45,1.61
招商蛇口,2017-06-20,16.04,16.08,16.19,15.89,254688,527600240.0,1.86,-0.12,-0.02,1.34
招商蛇口,2017-06-21,16.27,16.48,16.52,16.03,303827,637669312.0,3.05,2.49,0.4,1.6
招商蛇口,2017-06-22,16.49,16.04,16.71,16.02,377499,795644608.0,4.19,-2.67,-0.44,1.99
招商蛇口,2017-06-23,16.03,16.49,16.53,15.89,430935,899434480.0,3.99,2.81,0.45,2.27
招商蛇口,2017-06-26,16.61,17.33,17.39,16.6,716959,1561742336.0,4.79,5.09,0.84,3.77
招商蛇口,2017-06-27,17.34,17.42,17.43,17.0,436705,955090672.0,2.48,0.52,0.09,2.3
招商蛇口,2017-06-28,17.34,16.98,17.63,16.95,355361,776693616.0,3.9,-2.53,-0.44,1.87
招商蛇口,2017-06-29,17.13,16.94,17.42,16.92,288943,628582672.0,2.94,-0.24,-0.04,1.52
招商蛇口,2017-06-30,16.84,16.7,17.12,16.65,312115,669312464.0,2.77,-1.42,-0.24,1.64
招商蛇口,2017-07-03,16.87,16.6,17.18,16.5,379293,814496464.0,4.07,-0.6,-0.1,2.0
招商蛇口,2017-07-04,16.61,15.74,16.61,15.65,558295,1153006768.0,5.78,-5.18,-0.86,2.94
招商蛇口,2017-07-05,15.8,15.92,16.0,15.47,346280,706969664.0,3.37,1.14,0.18,1.82
招商蛇口,2017-07-06,15.95,15.69,16.22,15.62,336900,690842848.0,3.77,-1.44,-0.23,1.77
招商蛇口,2017-07-07,15.71,15.87,16.01,15.66,271860,557751408.0,2.23,1.15,0.18,1.43
招商蛇口,2017-07-10,15.77,15.98,16.03,15.69,243314,500423648.0,2.14,0.69,0.11,1.28
招商蛇口,2017-07-11,16.09,16.06,16.29,15.95,283592,589483520.0,2.13,0.5,0.08,1.49
招商蛇口,2017-07-12,16.15,16.52,16.62,16.04,431333,907991984.0,3.61,2.86,0.46,2.27
招商蛇口,2017-07-13,16.54,16.28,16.54,16.2,270645,554906048.0,2.06,-1.45,-0.24,1.42
招商蛇口,2017-07-14,16.5,16.54,16.62,16.23,252100,519934864.0,2.4,1.6,0.26,1.33
招商蛇口,2017-07-17,16.56,15.72,16.6,15.44,474510,954417200.0,7.01,-4.96,-0.82,2.5
招商蛇口,2017-07-18,15.64,15.65,15.86,15.41,304922,602850768.0,2.86,-0.45,-0.07,1.61
招商蛇口,2017-07-19,15.73,16.11,16.12,15.62,290758,585400032.0,3.19,2.94,0.46,1.53
招商蛇口,2017-07-20,15.93,16.47,16.69,15.93,301980,621986368.0,4.72,2.23,0.36,1.59
招商蛇口,2017-07-21,16.36,16.0,16.61,15.99,271337,553436704.0,3.76,-2.85,-0.47,1.43
招商蛇口,2017-07-24,15.97,15.83,16.16,15.79,273632,549544576.0,2.31,-1.06,-0.17,1.44
招商蛇口,2017-07-25,15.78,15.33,15.92,15.3,380883,750197136.0,3.92,-3.16,-0.5,2.01
招商蛇口,2017-07-26,15.34,15.18,15.49,14.96,290775,561483280.0,3.46,-0.98,-0.15,1.53
招商蛇口,2017-07-27,15.17,15.54,15.71,15.04,210791,413152400.0,4.41,2.37,0.36,1.11
招商蛇口,2017-07-28,15.59,15.46,15.65,15.4,132837,261221071.0,1.61,-0.51,-0.08,0.7
招商蛇口,2017-07-31,15.46,15.26,15.5,15.1,234600,455555472.0,2.59,-1.29,-0.2,1.23
招商蛇口,2017-08-01,15.31,15.44,15.58,15.06,217544,424292272.0,3.41,1.18,0.18,1.15
招商蛇口,2017-08-02,15.43,14.99,15.43,14.95,428496,826435616.0,3.11,-2.91,-0.45,2.26
招商蛇口,2017-08-03,15.01,14.9,15.15,14.81,244356,466582768.0,2.27,-0.6,-0.09,1.29
招商蛇口,2017-08-04,14.98,14.77,15.08,14.76,169659,323339392.0,2.15,-0.87,-0.13,0.89
招商蛇口,2017-08-07,14.78,14.78,14.93,14.66,197262,373504912.0,1.83,0.07,0.01,1.04
招商蛇口,2017-08-08,14.85,15.02,15.04,14.76,176772,337292624.0,1.89,1.62,0.24,0.93
招商蛇口,2017-08-09,15.0,14.95,15.03,14.87,117251,224008341.0,1.07,-0.47,-0.07,0.62
招商蛇口,2017-08-10,15.0,15.04,15.16,14.8,184674,353583664.0,2.41,0.6,0.09,0.97
招商蛇口,2017-08-11,14.92,14.66,15.04,14.64,164961,313058912.0,2.66,-2.53,-0.38,0.87
招商蛇口,2017-08-14,14.68,14.88,14.9,14.41,223043,418983456.0,3.34,1.5,0.22,1.17
招商蛇口,2017-08-15,14.83,14.82,14.93,14.73,106517,201966911.0,1.34,-0.4,-0.06,0.56
招商蛇口,2017-08-16,14.84,15.1,15.19,14.79,266297,510675344.0,2.7,1.89,0.28,1.4
招商蛇口,2017-08-17,15.12,15.02,15.15,14.91,142727,273605120.0,1.59,-0.53,-0.08,0.75
招商蛇口,2017-08-18,14.93,15.23,15.31,14.88,241760,467525952.0,2.86,1.4,0.21,1.27
招商蛇口,2017-08-21,15.23,15.28,15.36,15.12,162091,314477088.0,1.58,0.33,0.05,0.85
招商蛇口,2017-08-22,15.0,15.0,15.28,14.96,232289,447535616.0,2.09,-1.83,-0.28,1.22
招商蛇口,2017-08-23,15.01,14.76,15.03,14.64,185146,350720096.0,2.6,-1.6,-0.24,0.97
招商蛇口,2017-08-24,14.78,14.75,14.91,14.72,87194,165149695.0,1.29,-0.07,-0.01,0.46
招商蛇口,2017-08-25,14.75,14.98,15.0,14.65,174123,330951696.0,2.37,1.56,0.23,0.92
招商蛇口,2017-08-28,15.02,15.21,15.34,14.94,279155,540852416.0,2.67,1.54,0.23,1.47
招商蛇口,2017-08-29,15.23,15.07,15.29,14.99,162279,312649904.0,1.97,-0.92,-0.14,0.85
招商蛇口,2017-08-30,15.1,15.08,15.26,14.97,144886,279122928.0,1.92,0.07,0.01,0.76
招商蛇口,2017-08-31,15.04,14.81,15.16,14.74,204210,389828448.0,2.79,-1.79,-0.27,1.07
招商蛇口,2017-09-01,14.73,14.71,14.91,14.61,221286,418091792.0,2.03,-0.68,-0.1,1.16
招商蛇口,2017-09-04,14.73,14.45,14.73,14.36,370269,689857808.0,2.52,-1.77,-0.26,1.95
招商蛇口,2017-09-05,14.42,14.55,14.61,14.42,166703,311621536.0,1.31,0.69,0.1,0.88
招商蛇口,2017-09-06,14.52,14.69,14.77,14.46,168161,316111392.0,2.13,0.96,0.14,0.89
招商蛇口,2017-09-07,14.75,15.26,15.49,14.71,630590,1223439360.0,5.31,3.88,0.57,3.32
招商蛇口,2017-09-08,15.22,15.37,15.53,15.07,355303,692335856.0,3.01,0.72,0.11,1.87
招商蛇口,2017-09-11,15.46,15.29,15.69,15.27,273429,536629744.0,2.73,-0.52,-0.08,1.44
招商蛇口,2017-09-12,15.24,15.0,15.36,14.96,245929,472994240.0,2.62,-1.9,-0.29,1.29
招商蛇口,2017-09-13,15.08,15.17,15.26,14.9,155273,298623152.0,2.4,1.13,0.17,0.82
招商蛇口,2017-09-14,15.14,15.51,15.69,14.99,489094,958754160.0,4.61,2.24,0.34,2.57
招商蛇口,2017-09-15,15.41,15.72,16.24,15.37,659238,1328667504.0,5.61,1.35,0.21,3.47
招商蛇口,2017-09-18,15.83,16.03,16.27,15.62,412087,829666160.0,4.13,1.97,0.31,2.17
招商蛇口,2017-09-19,16.04,15.8,16.56,15.71,504468,1027416928.0,5.3,-1.43,-0.23,2.66
招商蛇口,2017-09-20,15.79,15.72,15.87,15.5,197873,392996800.0,2.34,-0.51,-0.08,1.04
招商蛇口,2017-09-21,15.73,15.61,15.92,15.54,173326,344550224.0,2.42,-0.7,-0.11,0.91
招商蛇口,2017-09-22,15.6,15.52,15.71,15.42,149714,294972480.0,1.86,-0.58,-0.09,0.79
招商蛇口,2017-09-25,15.24,14.36,15.29,14.14,644169,1205355936.0,7.41,-7.47,-1.16,3.39
招商蛇口,2017-09-26,14.34,14.36,14.53,14.22,195948,362989536.0,2.16,0.0,0.0,1.03
招商蛇口,2017-09-27,14.4,14.35,14.46,14.21,152076,281078576.0,1.74,-0.07,-0.01,0.8
招商蛇口,2017-09-28,14.32,13.98,14.4,13.89,225168,411262160.0,3.55,-2.58,-0.37,1.19
招商蛇口,2017-09-29,13.97,14.12,14.19,13.96,138545,253219264.0,1.65,1.0,0.14,0.73
招商蛇口,2017-10-09,14.55,14.45,14.77,14.4,321470,603034928.0,2.62,2.34,0.33,1.69
招商蛇口,2017-10-10,14.5,14.27,14.61,14.2,258677,478050912.0,2.84,-1.25,-0.18,1.36
招商蛇口,2017-10-11,14.33,14.04,14.33,14.0,263119,480739248.0,2.31,-1.61,-0.23,1.39
招商蛇口,2017-10-12,14.09,14.0,14.12,13.84,173699,315090016.0,1.99,-0.28,-0.04,0.91
招商蛇口,2017-10-13,14.01,14.13,14.23,13.97,143711,262441745.0,1.86,0.93,0.13,0.76
招商蛇口,2017-10-16,14.1,14.16,14.19,13.99,148417,271067312.0,1.42,0.21,0.03,0.78
招商蛇口,2017-10-17,14.2,13.95,14.2,13.9,152843,277102784.0,2.12,-1.48,-0.21,0.8
招商蛇口,2017-10-18,13.94,13.95,14.08,13.93,103153,187319344.0,1.08,0.0,0.0,0.54
招商蛇口,2017-10-19,13.95,13.68,13.95,13.54,188676,338098400.0,2.94,-1.94,-0.27,0.99
招商蛇口,2017-10-20,13.68,14.02,14.11,13.65,140842,255013936.0,3.36,2.49,0.34,0.74
招商蛇口,2017-10-23,14.04,13.99,14.12,13.84,120295,217906786.0,2.0,-0.21,-0.03,0.63
招商蛇口,2017-10-24,13.98,14.28,14.4,13.95,301277,554704480.0,3.22,2.07,0.29,1.59
招商蛇口,2017-10-25,14.25,14.32,14.53,14.18,161082,298353936.0,2.45,0.28,0.04,0.85
招商蛇口,2017-10-26,14.26,14.28,14.45,14.19,146033,269711376.0,1.82,-0.28,-0.04,0.77
招商蛇口,2017-10-27,14.35,14.32,14.55,14.26,180138,334448272.0,2.03,0.28,0.04,0.95
招商蛇口,2017-10-30,14.42,14.19,14.44,14.05,173850,319325184.0,2.72,-0.91,-0.13,0.92
招商蛇口,2017-10-31,14.14,14.01,14.14,13.82,237567,429700656.0,2.26,-1.27,-0.18,1.25
招商蛇口,2017-11-01,14.01,14.1,14.44,13.92,262720,483740288.0,3.71,0.64,0.09,1.38
招商蛇口,2017-11-02,14.08,14.37,14.4,14.04,170911,314404608.0,2.55,1.91,0.27,0.9
招商蛇口,2017-11-03,14.34,14.06,14.34,13.95,117935,215605130.0,2.71,-2.16,-0.31,0.62
招商蛇口,2017-11-06,14.12,13.89,14.14,13.73,135806,244665047.0,2.92,-1.21,-0.17,0.71
招商蛇口,2017-11-07,13.96,14.05,14.26,13.72,220270,398418080.0,3.89,1.15,0.16,1.16
招商蛇口,2017-11-08,14.06,13.94,14.14,13.89,141387,256630721.0,1.78,-0.78,-0.11,0.74
招商蛇口,2017-11-09,13.93,14.48,14.57,13.92,342697,635165056.0,4.66,3.87,0.54,1.8
招商蛇口,2017-11-10,14.52,14.49,14.53,14.24,224324,416595472.0,2.0,0.07,0.01,1.18
招商蛇口,2017-11-13,14.49,14.42,14.68,14.32,193280,360692528.0,2.48,-0.48,-0.07,1.02
招商蛇口,2017-11-14,14.49,14.49,14.62,14.24,172644,321553712.0,2.64,0.49,0.07,0.91
招商蛇口,2017-11-15,14.47,14.41,14.54,14.3,131687,244604757.0,1.66,-0.55,-0.08,0.69
招商蛇口,2017-11-16,14.43,14.85,14.98,14.35,285019,540260784.0,4.37,3.05,0.44,1.5
招商蛇口,2017-11-17,14.82,14.95,15.12,14.54,332730,634191488.0,3.91,0.67,0.1,1.75
招商蛇口,2017-11-20,14.92,15.1,15.16,14.65,214267,408493520.0,3.41,1.0,0.15,1.13
招商蛇口,2017-11-21,15.24,15.82,15.99,15.17,489714,972537040.0,5.43,4.77,0.72,2.58
招商蛇口,2017-11-22,15.8,15.48,16.06,15.4,328909,654178112.0,4.17,-2.15,-0.34,1.73
招商蛇口,2017-11-23,15.67,15.37,15.94,15.32,330174,656216768.0,4.01,-0.71,-0.11,1.74
招商蛇口,2017-11-24,15.37,15.69,15.7,15.02,328767,639993600.0,4.42,2.08,0.32,1.73
招商蛇口,2017-11-27,15.58,15.66,15.82,15.26,185385,365730000.0,3.57,-0.19,-0.03,0.98
招商蛇口,2017-11-28,15.64,15.25,15.79,15.12,178988,349435056.0,4.28,-2.62,-0.41,0.94
招商蛇口,2017-11-29,15.27,16.13,16.19,14.9,507030,1002370928.0,8.46,5.77,0.88,2.67
招商蛇口,2017-11-30,16.04,15.36,16.04,15.06,343973,678289648.0,6.08,-4.77,-0.77,1.81
招商蛇口,2017-12-01,15.35,15.26,15.57,15.16,234018,456310000.0,2.67,-0.65,-0.1,1.23
招商蛇口,2017-12-04,15.21,15.07,15.35,15.04,157184,304586592.0,2.03,-1.25,-0.19,0.83
招商蛇口,2017-12-05,15.07,15.12,15.37,15.06,180265,349584720.0,2.06,0.33,0.05,0.95
招商蛇口,2017-12-06,15.1,14.59,15.19,14.56,289441,548844384.0,4.17,-3.51,-0.53,1.52
招商蛇口,2017-12-07,14.58,14.35,14.92,14.33,212835,398476672.0,4.04,-1.64,-0.24,1.12
招商蛇口,2017-12-08,14.35,14.63,14.71,14.3,146350,273674080.0,2.86,1.95,0.28,0.77
招商蛇口,2017-12-11,14.84,14.62,14.92,14.45,139445,262160101.0,3.21,-0.07,-0.01,0.73
招商蛇口,2017-12-12,14.64,14.37,14.81,14.34,125544,235064007.0,3.21,-1.71,-0.25,0.66
招商蛇口,2017-12-13,14.37,14.5,14.58,14.34,86533,161055396.0,1.67,0.9,0.13,0.46
招商蛇口,2017-12-14,14.55,14.51,14.7,14.47,114631,214570497.0,1.59,0.07,0.01,0.6
招商蛇口,2017-12-15,14.58,14.31,14.58,14.26,161540,299145664.0,2.21,-1.38,-0.2,0.85
招商蛇口,2017-12-18,14.29,14.31,14.5,14.25,110877,205332794.0,1.75,0.0,0.0,0.58
招商蛇口,2017-12-19,14.32,14.76,14.92,14.32,158836,299373392.0,4.19,3.14,0.45,0.84
招商蛇口,2017-12-20,14.79,14.82,14.86,14.45,129234,242420882.0,2.78,0.41,0.06,0.68
招商蛇口,2017-12-21,14.72,15.28,15.52,14.69,302627,585749296.0,5.6,3.1,0.46,1.59
招商蛇口,2017-12-22,15.22,15.25,15.42,15.16,107737,209390179.0,1.7,-0.2,-0.03,0.57
招商蛇口,2017-12-25,15.54,15.36,16.08,15.32,366697,727397968.0,4.98,0.72,0.11,1.93
招商蛇口,2017-12-26,15.38,15.65,15.75,15.34,177513,351200528.0,2.67,1.89,0.29,0.93
招商蛇口,2017-12-27,15.55,15.05,15.65,14.99,168167,326061424.0,4.22,-3.83,-0.6,0.89
招商蛇口,2017-12-28,15.15,15.45,15.57,14.95,212236,412471152.0,4.12,2.66,0.4,1.12
招商蛇口,2017-12-29,15.36,15.4,15.51,15.3,191105,373980592.0,1.36,-0.32,-0.05,1.01
招商蛇口,2018-01-02,15.36,16.07,16.32,15.36,474237,962808336.0,6.23,4.35,0.67,2.5
招商蛇口,2018-01-03,16.04,16.51,16.9,16.04,572079,1190361728.0,5.35,2.74,0.44,3.01
招商蛇口,2018-01-04,16.59,16.59,16.72,16.14,321504,661505776.0,3.51,0.48,0.08,1.69
招商蛇口,2018-01-05,16.37,17.33,17.67,16.37,822149,1758204048.0,7.84,4.46,0.74,4.33
招商蛇口,2018-01-08,17.43,17.97,18.64,17.39,841735,1870854304.0,7.21,3.69,0.64,4.43
招商蛇口,2018-01-09,17.84,18.0,18.26,17.62,329058,727641936.0,3.56,0.17,0.03,1.73
招商蛇口,2018-01-10,17.84,17.59,18.32,17.31,356192,781964960.0,5.61,-2.28,-0.41,1.88
招商蛇口,2018-01-11,17.73,17.29,17.74,17.14,328576,706044400.0,3.41,-1.71,-0.3,1.73
招商蛇口,2018-01-12,17.48,17.47,17.94,17.22,292732,636646448.0,4.16,1.04,0.18,1.54
招商蛇口,2018-01-15,17.73,17.59,18.17,17.44,392674,863879616.0,4.18,0.69,0.12,2.07
招商蛇口,2018-01-16,18.14,19.77,19.77,18.04,989302,2303326912.0,9.84,12.39,2.18,5.21
招商蛇口,2018-01-17,20.14,20.54,21.19,19.72,1252810,3074306000.0,7.44,3.89,0.77,6.59
招商蛇口,2018-01-18,20.35,20.2,20.53,19.83,549105,1334491536.0,3.41,-1.66,-0.34,2.89
招商蛇口,2018-01-19,20.05,19.8,20.85,19.72,596636,1457796352.0,5.59,-1.98,-0.4,3.14
招商蛇口,2018-01-22,19.81,20.24,20.69,19.79,470687,1145844560.0,4.55,2.22,0.44,2.48
招商蛇口,2018-01-23,20.48,21.52,22.14,20.29,756813,1915866208.0,9.14,6.32,1.28,3.98
招商蛇口,2018-01-24,21.24,20.83,21.74,20.64,536182,1353484672.0,5.11,-3.21,-0.69,2.82
招商蛇口,2018-01-25,20.79,21.12,21.95,20.0,596466,1493416224.0,9.36,1.39,0.29,3.14
招商蛇口,2018-01-26,20.89,21.89,22.65,20.85,707176,1848012960.0,8.52,3.65,0.77,3.72
招商蛇口,2018-01-29,21.89,21.84,22.59,21.32,534973,1398643440.0,5.8,-0.23,-0.05,2.82
招商蛇口,2018-01-30,21.66,20.94,22.22,20.69,530128,1350041584.0,7.01,-4.12,-0.9,2.79
招商蛇口,2018-01-31,21.12,21.62,22.34,20.62,656072,1689574832.0,8.21,3.25,0.68,3.45
招商蛇口,2018-02-01,21.69,21.69,22.34,21.39,531455,1382784432.0,4.39,0.32,0.07,2.8
招商蛇口,2018-02-02,20.99,22.71,22.84,20.28,676682,1777267024.0,11.8,4.7,1.02,3.56
招商蛇口,2018-02-05,22.29,23.22,23.24,22.14,515797,1387561248.0,4.84,2.25,0.51,2.72
招商蛇口,2018-02-06,22.58,21.44,22.94,21.02,682873,1788770224.0,8.27,-7.67,-1.78,3.59
招商蛇口,2018-02-07,22.14,18.89,22.34,18.88,934291,2268034480.0,16.14,-11.89,-2.55,4.92
招商蛇口,2018-02-08,18.64,18.37,19.2,18.03,548449,1245246416.0,6.19,-2.75,-0.52,2.89
招商蛇口,2018-02-09,17.64,16.94,18.03,16.25,777861,1643668400.0,9.69,-7.78,-1.43,4.09
招商蛇口,2018-02-12,16.99,17.62,17.83,16.61,533407,1135852992.0,7.2,4.01,0.68,2.81
招商蛇口,2018-02-13,17.89,18.54,19.05,17.69,443726,1009650544.0,7.72,5.22,0.92,2.34
招商蛇口,2018-02-14,18.54,19.04,19.19,18.25,237671,547746224.0,5.07,2.7,0.5,1.25
招商蛇口,2018-02-22,19.54,19.15,19.62,18.74,383200,895635232.0,4.62,0.58,0.11,2.02
招商蛇口,2018-02-23,19.34,19.57,19.93,18.94,298815,708214512.0,5.17,2.19,0.42,1.57
招商蛇口,2018-02-26,19.54,18.95,19.59,17.77,497713,1130979344.0,9.3,-3.17,-0.62,2.62
招商蛇口,2018-02-27,18.91,17.75,18.91,17.52,648897,1434279776.0,7.34,-6.33,-1.2,3.42
招商蛇口,2018-02-28,17.5,17.71,18.41,17.1,663667,1453532512.0,7.38,-0.23,-0.04,3.49
招商蛇口,2018-03-01,17.44,17.52,18.0,17.14,317372,690293712.0,4.86,-1.07,-0.19,1.67
招商蛇口,2018-03-02,17.36,17.77,17.99,17.13,330111,719206016.0,4.91,1.43,0.25,1.74
招商蛇口,2018-03-05,17.99,17.93,18.59,17.78,362211,807846080.0,4.56,0.9,0.16,1.91
招商蛇口,2018-03-06,18.09,18.85,18.85,17.25,536503,1197529568.0,8.92,5.13,0.92,2.82
招商蛇口,2018-03-07,18.54,18.37,19.0,18.34,310630,708092560.0,3.5,-2.55,-0.48,1.64
招商蛇口,2018-03-08,18.33,18.68,18.91,18.24,300117,686425264.0,3.65,1.69,0.31,1.58
招商蛇口,2018-03-09,18.72,18.82,19.28,18.57,341698,787823312.0,3.8,0.75,0.14,1.8
招商蛇口,2018-03-12,18.97,17.88,18.97,17.64,699574,1543134560.0,7.07,-4.99,-0.94,3.68
招商蛇口,2018-03-13,17.79,17.57,17.96,17.56,256788,560688864.0,2.24,-1.73,-0.31,1.35
招商蛇口,2018-03-14,17.78,18.02,18.28,17.68,376450,833470592.0,3.41,2.56,0.45,1.98
招商蛇口,2018-03-15,18.03,18.11,18.5,17.95,292642,655851040.0,3.05,0.5,0.09,1.54
招商蛇口,2018-03-16,18.06,18.3,18.82,17.97,291556,660803920.0,4.69,1.05,0.19,1.53
招商蛇口,2018-03-19,18.22,17.86,18.22,17.7,196895,434156192.0,2.84,-2.4,-0.44,1.04
招商蛇口,2018-03-20,17.64,17.68,17.79,17.41,166856,362982368.0,2.13,-1.01,-0.18,0.88
招商蛇口,2018-03-21,17.79,17.9,18.34,17.72,267689,595899472.0,3.51,1.24,0.22,1.41
招商蛇口,2018-03-22,17.94,17.27,18.04,17.15,272452,587287552.0,4.97,-3.52,-0.63,1.43
招商蛇口,2018-03-23,16.56,16.88,17.09,16.15,356836,736519552.0,5.44,-2.26,-0.39,1.88
招商蛇口,2018-03-26,16.34,16.79,16.94,16.34,213888,444682528.0,3.55,-0.53,-0.09,1.13
招商蛇口,2018-03-27,17.24,16.94,17.44,16.63,280938,594228416.0,4.82,0.89,0.15,1.48
招商蛇口,2018-03-28,16.74,16.84,17.24,16.45,202623,425303376.0,4.66,-0.59,-0.1,1.07
招商蛇口,2018-03-29,16.87,17.98,18.33,16.44,566405,1225371568.0,11.22,6.77,1.14,2.98
招商蛇口,2018-03-30,17.92,17.64,17.92,17.46,292113,636796880.0,2.56,-1.89,-0.34,1.54
招商蛇口,2018-04-02,17.63,17.59,18.29,17.52,300428,662086192.0,4.37,-0.28,-0.05,1.58
招商蛇口,2018-04-03,17.24,17.29,17.75,16.96,212097,454861504.0,4.49,-1.71,-0.3,1.12
招商蛇口,2018-04-04,17.25,17.32,17.74,17.14,216044,467162736.0,3.47,0.17,0.03,1.14
招商蛇口,2018-04-09,17.3,17.18,17.51,17.02,225399,482365712.0,2.83,-0.81,-0.14,1.19
招商蛇口,2018-04-10,17.37,17.8,17.94,17.22,309540,675307296.0,4.19,3.61,0.62,1.63
招商蛇口,2018-04-11,17.94,18.32,18.7,17.8,421616,945318576.0,5.06,2.92,0.52,2.22
招商蛇口,2018-04-12,18.24,18.18,18.69,18.12,259221,583949088.0,3.11,-0.76,-0.14,1.36
招商蛇口,2018-04-13,18.63,18.32,18.92,18.27,286781,652829776.0,3.58,0.77,0.14,1.51
招商蛇口,2018-04-16,18.2,17.59,18.64,17.34,338086,739605408.0,7.1,-3.98,-0.73,1.78
招商蛇口,2018-04-17,17.64,17.28,17.83,17.18,249484,539216928.0,3.7,-1.76,-0.31,1.31
招商蛇口,2018-04-18,17.57,17.62,17.96,17.25,363410,791370784.0,4.11,1.97,0.34,1.91
招商蛇口,2018-04-19,17.74,17.9,18.07,17.55,227490,500860064.0,2.95,1.59,0.28,1.2
招商蛇口,2018-04-20,17.77,17.48,17.94,17.29,218622,474108080.0,3.63,-2.35,-0.42,1.15
招商蛇口,2018-04-23,17.48,17.0,17.66,16.5,316897,669294192.0,6.64,-2.75,-0.48,1.67
招商蛇口,2018-04-24,17.24,17.63,18.16,17.24,588578,1295960576.0,5.41,3.71,0.63,3.1
招商蛇口,2018-04-25,17.42,17.75,17.87,17.34,230149,500685664.0,3.01,0.68,0.12,1.21
招商蛇口,2018-04-26,18.04,17.47,18.11,17.39,194534,422695344.0,4.06,-1.58,-0.28,1.02
招商蛇口,2018-04-27,17.64,17.35,17.75,16.74,304104,648631472.0,5.78,-0.69,-0.12,1.6
招商蛇口,2018-05-02,17.5,17.64,17.87,17.32,208378,454043440.0,3.17,1.67,0.29,1.1
招商蛇口,2018-05-03,17.64,17.63,17.67,17.29,235477,509144992.0,2.15,-0.06,-0.01,1.24
招商蛇口,2018-05-04,17.63,17.93,18.02,17.45,259239,570191984.0,3.23,1.7,0.3,1.36
招商蛇口,2018-05-07,17.93,18.39,18.54,17.79,303561,678934896.0,4.18,2.57,0.46,1.6
招商蛇口,2018-05-08,18.46,19.07,19.4,18.45,425798,984478144.0,5.17,3.7,0.68,2.24
招商蛇口,2018-05-09,19.26,19.02,19.26,18.76,299249,676382000.0,2.62,-0.26,-0.05,1.58
招商蛇口,2018-05-10,19.12,19.63,20.01,19.02,362086,833573456.0,5.21,3.21,0.61,1.91
招商蛇口,2018-05-11,19.66,19.35,19.91,19.16,265167,610738784.0,3.82,-1.43,-0.28,1.4
招商蛇口,2018-05-14,19.35,19.61,19.72,19.32,212106,490249984.0,2.07,1.34,0.26,1.12
招商蛇口,2018-05-15,19.6,19.35,19.73,18.92,254109,579775488.0,4.13,-1.33,-0.26,1.34
招商蛇口,2018-05-16,19.26,19.05,19.39,18.88,216012,488578992.0,2.64,-1.55,-0.3,1.14
招商蛇口,2018-05-17,19.08,19.14,19.58,19.07,261989,599231968.0,2.68,0.47,0.09,1.38
招商蛇口,2018-05-18,19.15,19.53,19.65,18.77,224161,511488256.0,4.6,2.04,0.39,1.18
招商蛇口,2018-05-21,19.65,19.18,19.75,19.11,280652,642324608.0,3.28,-1.79,-0.35,1.48
招商蛇口,2018-05-22,19.28,18.71,19.3,18.56,327061,728949280.0,3.86,-2.45,-0.47,1.72
招商蛇口,2018-05-23,18.61,18.47,18.65,18.13,251760,552141248.0,2.78,-1.28,-0.24,1.33
招商蛇口,2018-05-24,18.5,18.54,18.56,18.22,155923,342159328.0,1.84,0.38,0.07,0.82
招商蛇口,2018-05-25,18.54,18.11,18.57,18.02,198263,430520592.0,2.97,-2.32,-0.43,1.04
招商蛇口,2018-05-28,18.12,17.98,18.34,17.92,131634,285340608.0,2.32,-0.72,-0.13,0.69
招商蛇口,2018-05-29,17.94,17.72,18.03,17.3,308131,650940256.0,4.06,-1.45,-0.26,1.62
招商蛇口,2018-05-30,17.41,17.07,17.46,17.04,183076,380374640.0,2.37,-3.67,-0.65,0.96
招商蛇口,2018-05-31,17.24,17.65,17.66,16.76,317532,659886528.0,5.27,3.4,0.58,1.67
招商蛇口,2018-06-01,17.46,17.73,18.22,17.36,270700,579260592.0,4.87,0.45,0.08,1.43
招商蛇口,2018-06-04,17.83,18.54,18.64,17.73,420316,922678208.0,5.13,4.57,0.81,2.21
招商蛇口,2018-06-05,18.37,18.69,18.78,18.34,255521,566193552.0,2.37,0.81,0.15,1.35
招商蛇口,2018-06-06,18.61,18.36,18.81,18.25,235120,518400192.0,3.0,-1.77,-0.33,1.24
招商蛇口,2018-06-07,18.41,18.71,18.89,18.36,255922,570545536.0,2.89,1.91,0.35,1.35
招商蛇口,2018-06-08,18.74,18.31,18.82,18.09,210159,461826256.0,3.9,-2.14,-0.4,1.11
招商蛇口,2018-06-11,18.1,18.74,19.09,18.08,294887,657934032.0,5.52,2.35,0.43,1.55
招商蛇口,2018-06-12,18.77,19.06,19.26,18.59,243268,547804032.0,3.58,1.71,0.32,1.28
招商蛇口,2018-06-13,18.97,19.01,19.54,18.76,316943,722115760.0,4.09,-0.26,-0.05,1.67
招商蛇口,2018-06-14,18.9,18.64,19.23,18.56,203900,455065216.0,3.52,-1.95,-0.37,1.07
招商蛇口,2018-06-15,18.62,19.03,19.53,18.62,414904,943396496.0,4.88,2.09,0.39,2.18
招商蛇口,2018-06-19,18.76,17.93,18.76,17.79,448287,977265968.0,5.1,-5.78,-1.1,2.36
招商蛇口,2018-06-20,17.91,18.41,18.58,17.76,246785,537973664.0,4.57,2.68,0.48,1.3
招商蛇口,2018-06-21,18.41,18.58,19.38,18.31,328196,738339616.0,5.81,0.92,0.17,1.73
招商蛇口,2018-06-22,18.7,19.16,19.16,18.27,265024,592946624.0,4.79,3.12,0.58,1.4
招商蛇口,2018-06-25,19.35,17.64,19.45,17.56,473477,1041909040.0,9.86,-7.93,-1.52,2.49
招商蛇口,2018-06-26,16.96,16.64,17.05,16.14,538481,1085949120.0,5.16,-5.67,-1.0,2.83
招商蛇口,2018-06-27,16.67,15.38,16.72,15.02,464865,899775744.0,10.22,-7.57,-1.26,2.45
招商蛇口,2018-06-28,15.05,14.76,15.64,14.63,327669,611324256.0,6.57,-4.03,-0.62,1.72
招商蛇口,2018-06-29,14.67,15.51,15.73,14.67,298744,562774400.0,7.18,5.08,0.75,1.57
招商蛇口,2018-07-02,15.46,14.11,15.47,13.83,555563,997356592.0,10.57,-9.03,-1.4,2.92
招商蛇口,2018-07-03,14.21,14.25,14.38,13.22,510214,888995984.0,8.22,0.99,0.14,2.69
招商蛇口,2018-07-04,14.03,13.67,14.35,13.64,217109,380779264.0,4.98,-4.07,-0.58,1.14
招商蛇口,2018-07-05,13.67,13.66,14.0,13.46,176700,305378448.0,3.95,-0.07,-0.01,0.93
招商蛇口,2018-07-06,13.83,13.54,13.84,12.96,326601,554677488.0,6.44,-0.88,-0.12,1.72
招商蛇口,2018-07-09,13.67,14.2,14.23,13.56,264254,464692816.0,4.95,4.87,0.66,1.39
招商蛇口,2018-07-10,14.29,14.58,14.82,14.09,296604,533916272.0,5.14,2.68,0.38,1.56
招商蛇口,2018-07-11,14.12,13.9,14.14,13.6,233473,405302912.0,3.7,-4.66,-0.68,1.23
招商蛇口,2018-07-12,13.9,14.41,14.52,13.86,244729,435991792.0,4.75,3.67,0.51,1.29
招商蛇口,2018-07-13,14.76,14.56,14.97,14.19,263710,476625616.0,5.41,1.04,0.15,1.39
招商蛇口,2018-07-16,14.56,14.21,14.57,13.92,213650,377741984.0,4.46,-2.4,-0.35,1.12
招商蛇口,2018-07-17,14.14,13.88,14.14,13.66,216839,377240352.0,3.38,-2.32,-0.33,1.14
招商蛇口,2018-07-18,13.9,13.62,14.03,13.58,215644,372570608.0,3.24,-1.87,-0.26,1.14
招商蛇口,2018-07-19,13.81,13.48,13.87,13.33,216617,371543920.0,3.96,-1.03,-0.14,1.14
招商蛇口,2018-07-20,13.52,13.84,14.08,13.16,412556,707441216.0,6.82,2.67,0.36,2.17
招商蛇口,2018-07-23,13.65,14.61,14.74,13.58,432609,771459168.0,8.38,5.56,0.77,2.28
招商蛇口,2018-07-24,14.74,15.09,15.46,14.72,433154,813872800.0,5.07,3.29,0.48,2.28
招商蛇口,2018-07-25,15.24,15.02,15.26,14.81,189552,351755504.0,2.98,-0.46,-0.07,1.0
招商蛇口,2018-07-26,15.19,14.66,15.37,14.53,182918,337858624.0,5.59,-2.4,-0.36,0.96
招商蛇口,2018-07-27,14.74,14.77,15.01,14.47,134256,245794310.0,3.68,0.75,0.11,0.71
招商蛇口,2018-07-30,14.79,14.76,15.11,14.49,128923,236307944.0,4.2,-0.07,-0.01,0.68
招商蛇口,2018-07-31,14.72,15.48,15.51,14.66,374488,703189312.0,5.76,4.88,0.72,1.97
招商蛇口,2018-08-01,15.14,14.56,15.22,14.49,331482,608504352.0,4.72,-5.94,-0.92,1.74
招商蛇口,2018-08-02,14.41,13.83,14.41,13.46,283096,492014192.0,6.52,-5.01,-0.73,1.49
招商蛇口,2018-08-03,13.86,13.18,13.93,13.15,232751,394860496.0,5.64,-4.7,-0.65,1.23
招商蛇口,2018-08-06,13.04,12.56,13.17,12.38,286506,466041472.0,5.99,-4.7,-0.62,1.51
招商蛇口,2018-08-07,12.62,13.07,13.11,12.49,258317,423666064.0,4.94,4.06,0.51,1.36
招商蛇口,2018-08-08,13.11,12.61,13.31,12.57,202295,334062448.0,5.66,-3.52,-0.46,1.06
招商蛇口,2018-08-09,12.65,13.3,13.56,12.56,339845,569922368.0,7.93,5.47,0.69,1.79
招商蛇口,2018-08-10,13.63,13.73,14.24,13.63,380875,665297664.0,4.59,3.23,0.43,2.0
招商蛇口,2018-08-13,13.47,13.28,13.47,13.06,264707,444638832.0,2.99,-3.28,-0.45,1.39
招商蛇口,2018-08-14,13.36,13.44,13.57,13.03,214792,362309008.0,4.07,1.2,0.16,1.13
招商蛇口,2018-08-15,13.42,12.96,13.43,12.91,144386,240108860.0,3.87,-3.57,-0.48,0.76
招商蛇口,2018-08-16,12.85,13.09,13.2,12.54,157581,260009265.0,5.09,1.0,0.13,0.83
招商蛇口,2018-08-17,13.26,13.1,13.58,12.98,163308,275432848.0,4.58,0.08,0.01,0.86
招商蛇口,2018-08-20,13.32,13.61,13.76,13.12,215605,366546064.0,4.89,3.89,0.51,1.13
招商蛇口,2018-08-21,13.66,13.59,13.74,13.39,196595,337088400.0,2.57,-0.15,-0.02,1.03
招商蛇口,2018-08-22,13.47,13.49,13.59,13.35,126267,214602698.0,1.77,-0.74,-0.1,0.66
招商蛇口,2018-08-23,13.56,13.43,13.68,13.27,112564,191681403.0,3.04,-0.44,-0.06,0.59
招商蛇口,2018-08-24,13.43,13.1,13.43,12.96,201594,336314512.0,3.5,-2.46,-0.33,1.06
招商蛇口,2018-08-27,13.1,13.85,13.85,13.1,294042,503755888.0,5.73,5.73,0.75,1.55
招商蛇口,2018-08-28,13.81,13.86,14.04,13.73,148307,258593528.0,2.24,0.07,0.01,0.78
招商蛇口,2018-08-29,13.86,13.97,14.23,13.84,172706,304281488.0,2.81,0.79,0.11,0.91
招商蛇口,2018-08-30,13.92,13.76,14.19,13.73,141892,248530507.0,3.29,-1.5,-0.21,0.75
招商蛇口,2018-08-31,13.68,14.46,14.55,13.52,314389,559458048.0,7.49,5.09,0.7,1.65
招商蛇口,2018-09-03,14.29,14.16,14.68,13.97,257161,456737152.0,4.91,-2.07,-0.3,1.35
招商蛇口,2018-09-04,14.16,14.41,14.49,13.78,250669,444288128.0,5.01,1.77,0.25,1.32
招商蛇口,2018-09-05,14.23,13.74,14.28,13.74,171207,299960560.0,3.75,-4.65,-0.67,0.9
招商蛇口,2018-09-06,13.76,13.23,13.87,13.01,215106,363864080.0,6.26,-3.71,-0.51,1.13
招商蛇口,2018-09-07,13.21,13.36,13.64,13.12,178212,301896064.0,3.93,0.98,0.13,0.94
招商蛇口,2018-09-10,13.31,13.59,13.8,13.31,207409,355680000.0,3.67,1.72,0.23,1.09
招商蛇口,2018-09-11,13.6,13.42,13.81,13.39,143750,245674744.0,3.09,-1.25,-0.17,0.76
招商蛇口,2018-09-12,13.36,13.33,13.53,13.16,127286,214992593.0,2.76,-0.67,-0.09,0.67
招商蛇口,2018-09-13,13.59,13.59,13.64,13.37,94996,161901053.0,2.03,1.95,0.26,0.5
招商蛇口,2018-09-14,13.72,14.16,14.26,13.52,240043,420490128.0,5.45,4.19,0.57,1.26
招商蛇口,2018-09-17,13.97,13.95,14.32,13.87,166275,292307952.0,3.18,-1.48,-0.21,0.88
招商蛇口,2018-09-18,13.8,14.18,14.29,13.76,172163,302397680.0,3.8,1.65,0.23,0.91
招商蛇口,2018-09-19,14.18,15.49,15.75,14.16,571828,1071861056.0,11.21,9.24,1.31,3.01
招商蛇口,2018-09-20,15.31,15.65,15.86,15.24,440894,845746032.0,4.0,1.03,0.16,2.32
招商蛇口,2018-09-21,15.58,16.34,16.47,15.15,467577,908725952.0,8.43,4.41,0.69,2.46
招商蛇口,2018-09-25,15.46,15.17,15.48,14.82,470277,881489872.0,4.04,-7.16,-1.17,2.48
招商蛇口,2018-09-26,15.16,15.2,15.58,14.91,311927,587275600.0,4.42,0.2,0.03,1.64
招商蛇口,2018-09-27,15.15,15.04,15.25,14.92,179525,333738736.0,2.17,-1.05,-0.16,0.95
招商蛇口,2018-09-28,15.11,15.15,15.52,15.04,219159,412352992.0,3.19,0.73,0.11,1.15
招商蛇口,2018-10-08,14.54,14.11,14.6,13.95,288118,512808752.0,4.29,-6.86,-1.04,1.52
招商蛇口,2018-10-09,14.0,13.89,14.21,13.77,171133,298810560.0,3.12,-1.56,-0.22,0.9
招商蛇口,2018-10-10,13.94,14.11,14.15,13.57,170975,298275408.0,4.18,1.58,0.22,0.9
招商蛇口,2018-10-11,13.66,12.56,13.76,12.46,320364,535070304.0,9.21,-10.99,-1.55,1.69
招商蛇口,2018-10-12,12.46,13.3,13.39,12.46,258791,427531488.0,7.4,5.89,0.74,1.36
招商蛇口,2018-10-15,13.35,12.96,13.57,12.9,182663,305518576.0,5.04,-2.56,-0.34,0.96
招商蛇口,2018-10-16,13.09,12.77,13.28,12.67,143563,237115387.0,4.71,-1.47,-0.19,0.76
招商蛇口,2018-10-17,13.06,12.95,13.23,12.57,143178,235703990.0,5.17,1.41,0.18,0.75
招商蛇口,2018-10-18,12.85,12.7,12.88,12.47,125573,204144540.0,3.17,-1.93,-0.25,0.66
招商蛇口,2018-10-19,12.79,13.36,13.46,12.55,214800,357771904.0,7.17,5.2,0.66,1.13
招商蛇口,2018-10-22,13.55,14.44,14.77,13.52,401615,715834416.0,9.36,8.08,1.08,2.11
招商蛇口,2018-10-23,14.61,13.85,14.62,13.69,240533,423227152.0,6.44,-4.09,-0.59,1.27
招商蛇口,2018-10-24,13.85,14.07,14.61,13.79,250946,444288304.0,5.92,1.59,0.22,1.32
招商蛇口,2018-10-25,13.58,14.93,14.94,13.45,405969,732272704.0,10.59,6.11,0.86,2.14
招商蛇口,2018-10-26,14.99,14.95,15.94,14.63,362386,681783904.0,8.77,0.13,0.02,1.91
招商蛇口,2018-10-29,15.22,14.51,15.31,14.16,226287,414264896.0,7.69,-2.94,-0.44,1.19
招商蛇口,2018-10-30,14.78,15.1,15.35,14.32,238020,441971472.0,7.1,4.07,0.59,1.25
招商蛇口,2018-10-31,15.09,15.26,15.53,14.79,187119,350928384.0,4.9,1.06,0.16,0.99
招商蛇口,2018-11-01,15.96,15.41,16.34,15.32,327484,631867696.0,6.68,0.98,0.15,1.72
招商蛇口,2018-11-02,15.97,15.21,15.97,14.75,520154,969265344.0,7.92,-1.3,-0.2,2.74
招商蛇口,2018-11-05,15.11,14.79,15.11,14.58,227770,416454176.0,3.48,-2.76,-0.42,1.2
招商蛇口,2018-11-06,14.79,14.89,14.98,14.56,171710,315127888.0,2.84,0.68,0.1,0.9
招商蛇口,2018-11-07,14.88,14.69,15.04,14.59,131135,240333846.0,3.02,-1.34,-0.2,0.69
招商蛇口,2018-11-08,14.86,14.56,14.99,14.47,142840,260756281.0,3.54,-0.88,-0.13,0.75
招商蛇口,2018-11-09,14.46,14.19,14.62,14.15,145884,260561199.0,3.23,-2.54,-0.37,0.77
招商蛇口,2018-11-12,14.11,14.45,14.51,14.08,96864,173570457.0,3.03,1.83,0.26,0.51
招商蛇口,2018-11-13,14.17,14.77,14.89,14.12,167576,305394256.0,5.33,2.21,0.32,0.88
招商蛇口,2018-11-14,14.91,15.12,15.21,14.76,243898,453132352.0,3.05,2.37,0.35,1.28
招商蛇口,2018-11-15,15.07,15.18,15.28,14.96,132060,246895992.0,2.12,0.4,0.06,0.7
招商蛇口,2018-11-16,15.16,15.16,15.41,14.76,216527,403150992.0,4.28,-0.13,-0.02,1.14
招商蛇口,2018-11-19,15.26,15.89,15.96,15.26,360550,696408688.0,4.62,4.82,0.73,1.9
招商蛇口,2018-11-20,15.71,15.4,16.26,15.27,216443,416908128.0,6.23,-3.08,-0.49,1.14
招商蛇口,2018-11-21,15.1,15.66,15.91,15.1,218617,420253104.0,5.26,1.69,0.26,1.15
招商蛇口,2018-11-22,15.66,15.17,15.77,15.13,171848,323119680.0,4.09,-3.13,-0.49,0.9
招商蛇口,2018-11-23,15.17,14.88,15.22,14.81,120336,222607428.0,2.7,-1.91,-0.29,0.63
招商蛇口,2018-11-26,15.06,14.99,15.21,14.75,110716,205753237.0,3.09,0.74,0.11,0.58
招商蛇口,2018-11-27,14.99,14.83,15.05,14.67,93398,171654347.0,2.54,-1.07,-0.16,0.49
招商蛇口,2018-11-28,14.84,15.3,15.41,14.79,155457,291656336.0,4.18,3.17,0.47,0.82
招商蛇口,2018-11-29,15.43,14.98,15.81,14.91,121282,228803000.0,5.88,-2.09,-0.32,0.64
招商蛇口,2018-11-30,14.97,15.3,15.3,14.75,88762,165433131.0,3.67,2.14,0.32,0.47
招商蛇口,2018-12-03,15.75,15.41,15.75,14.94,294315,553656272.0,5.29,0.72,0.11,1.55
招商蛇口,2018-12-04,15.37,14.89,15.38,14.64,264729,488573824.0,4.8,-3.37,-0.52,1.39
招商蛇口,2018-12-05,14.64,14.9,15.01,14.56,140236,258395644.0,3.02,0.07,0.01,0.74
招商蛇口,2018-12-06,14.57,14.65,14.86,14.52,116061,210808358.0,2.28,-1.68,-0.25,0.61
招商蛇口,2018-12-07,14.62,14.67,14.89,14.59,82830,151222642.0,2.05,0.14,0.02,0.44
招商蛇口,2018-12-10,14.5,14.42,14.68,14.37,88362,159380427.0,2.11,-1.7,-0.25,0.47
招商蛇口,2018-12-11,14.4,14.8,14.82,14.31,102681,187293772.0,3.54,2.64,0.38,0.54
招商蛇口,2018-12-12,15.12,15.05,15.23,14.98,182281,339671536.0,1.69,1.69,0.25,0.96
招商蛇口,2018-12-13,15.22,15.47,15.67,15.2,283828,539780080.0,3.12,2.79,0.42,1.49
招商蛇口,2018-12-14,15.39,15.05,15.68,14.97,192455,360928432.0,4.59,-2.71,-0.42,1.01
招商蛇口,2018-12-17,15.16,15.2,15.29,14.84,133522,248750239.0,2.99,1.0,0.15,0.7
招商蛇口,2018-12-18,14.98,14.55,15.16,14.47,163597,299371888.0,4.54,-4.28,-0.65,0.86
招商蛇口,2018-12-19,14.7,14.38,15.0,14.38,128730,233953087.0,4.26,-1.17,-0.17,0.68
招商蛇口,2018-12-20,14.44,13.97,14.71,13.86,188880,334124320.0,5.91,-2.85,-0.41,0.99
招商蛇口,2018-12-21,13.89,13.46,13.95,13.22,257935,436509472.0,5.23,-3.65,-0.51,1.36
招商蛇口,2018-12-24,13.31,13.4,13.46,13.06,169756,285642656.0,2.97,-0.45,-0.06,0.89
招商蛇口,2018-12-25,13.44,13.55,13.63,13.14,151220,256934618.0,3.66,1.12,0.15,0.8
招商蛇口,2018-12-26,13.56,13.5,13.6,13.35,86695,147629580.0,1.85,-0.37,-0.05,0.46
招商蛇口,2018-12-27,13.68,13.41,13.93,13.3,125663,215213632.0,4.67,-0.67,-0.09,0.66
招商蛇口,2018-12-28,13.41,13.81,13.81,13.38,153856,264258138.0,3.21,2.98,0.4,0.81
招商蛇口,2019-01-02,13.76,13.29,13.78,13.24,137120,232577828.0,3.91,-3.77,-0.52,0.72
招商蛇口,2019-01-03,13.21,13.39,13.56,13.21,99178,168210864.0,2.63,0.75,0.1,0.52
招商蛇口,2019-01-04,13.31,13.83,13.85,13.21,167989,288853328.0,4.78,3.29,0.44,0.88
招商蛇口,2019-01-07,14.06,14.08,14.41,14.0,231668,409942288.0,2.96,1.81,0.25,1.22
招商蛇口,2019-01-08,14.18,14.1,14.2,13.91,127686,224950596.0,2.06,0.14,0.02,0.67
招商蛇口,2019-01-09,14.36,14.11,14.42,14.06,159269,283533632.0,2.55,0.07,0.01,0.84
招商蛇口,2019-01-10,13.91,13.87,14.09,13.85,107226,187705904.0,1.7,-1.7,-0.24,0.56
招商蛇口,2019-01-11,14.02,14.14,14.17,13.9,107054,188519422.0,1.95,1.95,0.27,0.56
招商蛇口,2019-01-14,13.97,13.85,14.14,13.71,99123,172881595.0,3.04,-2.05,-0.29,0.41
招商蛇口,2019-01-15,13.79,14.2,14.24,13.46,149444,260845689.0,5.63,2.53,0.35,0.62
招商蛇口,2019-01-16,14.06,14.17,14.3,14.02,94531,167337129.0,1.97,-0.21,-0.03,0.39
招商蛇口,2019-01-17,14.76,14.58,15.01,14.55,388623,709672384.0,3.25,2.89,0.41,1.62
招商蛇口,2019-01-18,14.69,14.85,14.88,14.46,193926,353753888.0,2.88,1.85,0.27,0.81
招商蛇口,2019-01-21,14.81,14.84,15.03,14.68,129803,239016760.0,2.36,-0.07,-0.01,0.54
招商蛇口,2019-01-22,14.77,14.67,15.04,14.64,157190,289410288.0,2.7,-1.15,-0.17,0.65
招商蛇口,2019-01-23,14.72,14.83,15.0,14.61,150224,275645152.0,2.66,1.09,0.16,0.63
招商蛇口,2019-01-24,14.95,14.86,14.95,14.54,114888,210605872.0,2.76,0.2,0.03,0.48
招商蛇口,2019-01-25,14.95,15.14,15.3,14.86,200374,374772848.0,2.96,1.88,0.28,0.83
招商蛇口,2019-01-28,15.17,14.89,15.46,14.75,189940,351962000.0,4.69,-1.65,-0.25,0.79
招商蛇口,2019-01-29,14.74,15.28,15.32,14.74,159264,297050224.0,3.9,2.62,0.39,0.66
招商蛇口,2019-01-30,15.28,15.37,15.71,15.18,232948,443050448.0,3.47,0.59,0.09,0.97
招商蛇口,2019-01-31,15.56,15.73,15.74,15.39,180861,346007568.0,2.28,2.34,0.36,0.75
招商蛇口,2019-02-01,15.86,15.48,15.89,15.05,184317,347762816.0,5.34,-1.59,-0.25,0.77
招商蛇口,2019-02-11,15.28,15.77,15.81,15.22,186201,354772384.0,3.81,1.87,0.29,0.78
招商蛇口,2019-02-12,15.67,15.81,16.19,15.42,240278,464518000.0,4.88,0.25,0.04,1.0
招商蛇口,2019-02-13,15.82,16.35,16.51,15.7,244270,482113328.0,5.12,3.42,0.54,1.02
招商蛇口,2019-02-14,16.3,16.31,16.55,16.09,222917,441528464.0,2.81,-0.24,-0.04,0.93
招商蛇口,2019-02-15,16.25,15.67,16.31,15.66,210488,410272336.0,3.99,-3.92,-0.64,0.88
招商蛇口,2019-02-18,15.96,16.51,16.53,15.96,255782,506463120.0,3.64,5.36,0.84,1.06
招商蛇口,2019-02-19,17.26,16.58,17.34,16.41,720875,1470337520.0,5.63,0.42,0.07,3.0
招商蛇口,2019-02-20,16.6,17.71,18.02,16.6,858632,1806902448.0,8.56,6.82,1.13,3.57
招商蛇口,2019-02-21,17.84,17.51,17.93,17.27,434226,916307184.0,3.73,-1.13,-0.2,1.81
招商蛇口,2019-02-22,17.3,17.41,17.52,16.97,386312,801795648.0,3.14,-0.57,-0.1,1.61
招商蛇口,2019-02-25,17.42,18.29,18.51,17.26,782496,1673198832.0,7.18,5.05,0.88,3.26
招商蛇口,2019-02-26,18.24,17.58,18.28,17.52,552237,1180132560.0,4.16,-3.88,-0.71,2.3
招商蛇口,2019-02-27,17.6,17.97,18.44,17.6,619930,1340344192.0,4.78,2.22,0.39,2.58
招商蛇口,2019-02-28,17.96,17.66,18.14,17.56,264798,565686320.0,3.23,-1.73,-0.31,1.1
招商蛇口,2019-03-01,17.71,17.68,17.79,17.17,345746,726305520.0,3.51,0.11,0.02,1.44
招商蛇口,2019-03-04,17.73,18.41,19.12,17.73,794809,1751412880.0,7.86,4.13,0.73,3.31
招商蛇口,2019-03-05,18.62,18.28,19.04,18.1,534687,1181296480.0,5.11,-0.71,-0.13,2.23
招商蛇口,2019-03-06,18.28,18.16,18.35,17.86,412739,889705312.0,2.68,-0.66,-0.12,1.72
招商蛇口,2019-03-07,18.11,17.69,18.11,17.49,455664,968608016.0,3.41,-2.59,-0.47,1.9
招商蛇口,2019-03-08,17.46,17.19,17.57,17.08,295664,615211888.0,2.77,-2.83,-0.5,1.23
招商蛇口,2019-03-11,16.9,17.46,17.51,16.47,354919,726468880.0,6.05,1.57,0.27,1.48
招商蛇口,2019-03-12,17.51,17.74,17.79,17.4,382775,810096240.0,2.23,1.6,0.28,1.59
招商蛇口,2019-03-13,17.51,18.05,18.14,17.51,406735,871100320.0,3.55,1.75,0.31,1.69
招商蛇口,2019-03-14,18.12,17.6,18.3,17.47,224749,478099072.0,4.6,-2.49,-0.45,0.94
招商蛇口,2019-03-15,17.5,17.81,18.11,17.5,264403,564951584.0,3.47,1.19,0.21,1.1
招商蛇口,2019-03-18,17.91,18.71,18.79,17.54,465065,1013197488.0,7.02,5.05,0.9,1.94
招商蛇口,2019-03-19,18.75,18.34,19.02,18.21,341471,753926224.0,4.33,-1.98,-0.37,1.42
招商蛇口,2019-03-20,18.38,19.1,19.31,18.08,527238,1178014208.0,6.71,4.14,0.76,2.2
招商蛇口,2019-03-21,19.11,18.98,19.49,18.81,328722,745642448.0,3.56,-0.63,-0.12,1.37
招商蛇口,2019-03-22,18.84,19.08,19.16,18.46,216850,484073456.0,3.69,0.53,0.1,0.9
招商蛇口,2019-03-25,18.76,18.33,18.76,18.14,398242,875542368.0,3.25,-3.93,-0.75,1.66
招商蛇口,2019-03-26,18.46,18.63,18.98,18.13,397021,881571376.0,4.64,1.64,0.3,1.65
招商蛇口,2019-03-27,18.65,18.87,19.01,18.44,248312,554960752.0,3.06,1.29,0.24,1.03
招商蛇口,2019-03-28,18.68,18.76,19.08,18.62,192146,429458528.0,2.44,-0.58,-0.11,0.8
招商蛇口,2019-03-29,18.74,19.5,19.54,18.62,473061,1079805072.0,4.9,3.94,0.74,1.97
招商蛇口,2019-04-01,19.66,19.76,20.39,19.59,477354,1119397376.0,4.1,1.33,0.26,1.99
招商蛇口,2019-04-02,19.94,19.74,19.98,19.54,306630,712893376.0,2.23,-0.1,-0.02,1.28
招商蛇口,2019-04-03,19.85,20.05,20.17,19.5,284878,666359904.0,3.39,1.57,0.31,1.19
招商蛇口,2019-04-04,20.05,20.36,20.66,19.98,344711,821378672.0,3.39,1.55,0.31,1.44
招商蛇口,2019-04-08,20.56,20.28,21.03,20.11,313026,752960128.0,4.52,-0.39,-0.08,1.3
招商蛇口,2019-04-09,20.45,20.37,20.59,19.96,302848,718300928.0,3.11,0.44,0.09,1.26
招商蛇口,2019-04-10,20.38,19.85,20.41,19.72,232520,545044480.0,3.39,-2.55,-0.52,0.97
招商蛇口,2019-04-11,19.85,19.16,20.18,19.1,285791,656959008.0,5.44,-3.48,-0.69,1.19
招商蛇口,2019-04-12,19.3,19.09,19.52,18.91,182102,414402512.0,3.18,-0.37,-0.07,0.76
招商蛇口,2019-04-15,19.46,19.15,19.87,19.11,368490,846924864.0,3.98,0.31,0.06,1.53
招商蛇口,2019-04-16,19.26,19.63,19.65,18.91,335375,763712704.0,3.86,2.51,0.48,1.4
招商蛇口,2019-04-17,19.62,19.21,19.62,19.08,264269,602070816.0,2.75,-2.14,-0.42,1.1
招商蛇口,2019-04-18,19.18,19.21,19.28,19.04,162390,368083248.0,1.25,0.0,0.0,0.68
招商蛇口,2019-04-19,19.19,19.21,19.33,19.05,148102,336480224.0,1.46,0.0,0.0,0.62
招商蛇口,2019-04-22,18.96,18.21,18.96,18.19,356656,784277024.0,4.01,-5.21,-1.0,1.48
招商蛇口,2019-04-23,18.21,18.34,18.69,18.19,192403,423561392.0,2.75,0.71,0.13,0.8
招商蛇口,2019-04-24,18.53,18.61,18.74,18.35,185854,410183232.0,2.13,1.47,0.27,0.77
招商蛇口,2019-04-25,18.47,18.24,18.74,18.14,131141,288213536.0,3.22,-1.99,-0.37,0.55
招商蛇口,2019-04-26,18.16,17.9,18.46,17.82,159034,343925760.0,3.51,-1.86,-0.34,0.66
招商蛇口,2019-04-29,18.06,18.3,18.33,17.79,209244,452311536.0,3.02,2.23,0.4,0.87
招商蛇口,2019-04-30,17.89,18.46,18.55,17.66,202112,439121904.0,4.86,0.87,0.16,0.84
招商蛇口,2019-05-06,17.86,17.09,18.06,16.37,335539,697990768.0,9.15,-7.42,-1.37,1.39
招商蛇口,2019-05-07,17.28,17.53,17.71,16.96,204968,430986464.0,4.39,2.57,0.44,0.85
招商蛇口,2019-05-08,17.25,17.44,17.74,17.12,180843,380982720.0,3.54,-0.51,-0.09,0.75
招商蛇口,2019-05-09,17.22,16.93,17.51,16.82,155752,320824304.0,3.96,-2.92,-0.51,0.65
招商蛇口,2019-05-10,17.21,17.56,17.57,16.58,174570,363120480.0,5.85,3.72,0.63,0.72
招商蛇口,2019-05-13,17.22,17.46,17.46,16.93,128797,266413955.0,3.02,-0.57,-0.1,0.53
招商蛇口,2019-05-14,17.06,17.51,17.89,16.96,257009,541793072.0,5.33,0.29,0.05,1.07
招商蛇口,2019-05-15,17.65,17.78,17.96,17.42,162056,344605648.0,3.08,1.54,0.27,0.67
招商蛇口,2019-05-16,17.62,18.02,18.42,17.62,225567,488640336.0,4.5,1.35,0.24,0.94
招商蛇口,2019-05-17,18.02,17.57,18.09,17.46,121585,257483510.0,3.5,-2.5,-0.45,0.5
招商蛇口,2019-05-20,17.46,18.03,18.4,17.37,249422,535479552.0,5.86,2.62,0.46,1.04
招商蛇口,2019-05-21,18.02,17.79,18.27,17.73,175181,376687632.0,3.0,-1.33,-0.24,0.73
招商蛇口,2019-05-22,17.73,18.06,18.25,17.46,275784,590920528.0,4.44,1.52,0.27,1.14
招商蛇口,2019-05-23,17.86,17.75,17.88,17.52,142456,302481408.0,1.99,-1.72,-0.31,0.59
招商蛇口,2019-05-24,17.74,18.13,18.34,17.71,257486,557620368.0,3.55,2.14,0.38,1.07
招商蛇口,2019-05-27,18.08,18.33,18.33,17.83,178480,387464064.0,2.76,1.1,0.2,0.74
招商蛇口,2019-05-28,18.21,18.79,18.81,18.18,336750,743563920.0,3.44,2.51,0.46,1.4
招商蛇口,2019-05-29,18.52,18.41,18.64,18.11,120995,264336243.0,2.82,-2.02,-0.38,0.5
招商蛇口,2019-05-30,18.44,18.09,18.44,17.88,95400,205612143.0,3.04,-1.74,-0.32,0.4
招商蛇口,2019-05-31,18.04,18.18,18.51,17.94,181044,395898768.0,3.15,0.5,0.09,0.75
招商蛇口,2019-06-03,18.21,17.94,18.41,17.91,152937,329947168.0,2.75,-1.32,-0.24,0.63
招商蛇口,2019-06-04,17.96,17.86,18.34,17.67,187104,403634768.0,3.73,-0.45,-0.08,0.78
招商蛇口,2019-06-05,18.11,17.89,18.32,17.77,174102,376048416.0,3.08,0.17,0.03,0.72
招商蛇口,2019-06-06,17.89,17.47,17.96,17.33,159131,336350224.0,3.52,-2.35,-0.42,0.66
招商蛇口,2019-06-10,17.55,17.69,17.91,17.5,102282,217522582.0,2.35,1.26,0.22,0.42
招商蛇口,2019-06-11,17.76,18.08,18.23,17.76,140416,302552912.0,2.66,2.2,0.39,0.58
招商蛇口,2019-06-12,18.09,18.03,18.32,17.8,171961,371011696.0,2.88,-0.28,-0.05,0.71
招商蛇口,2019-06-13,17.94,17.7,17.98,17.56,107754,228457210.0,2.33,-1.83,-0.33,0.45
招商蛇口,2019-06-14,17.84,17.64,18.16,17.56,150134,320604320.0,3.39,-0.34,-0.06,0.62
招商蛇口,2019-06-17,17.58,17.49,17.73,17.48,67837,143113832.0,1.42,-0.85,-0.15,0.28
招商蛇口,2019-06-18,17.56,17.16,17.56,17.14,114922,238655073.0,2.4,-1.89,-0.33,0.48
招商蛇口,2019-06-19,17.57,17.14,17.63,17.02,129932,270725600.0,3.55,-0.12,-0.02,0.54
招商蛇口,2019-06-20,17.18,17.41,17.63,17.07,138787,290302016.0,3.27,1.58,0.27,0.58
招商蛇口,2019-06-21,17.56,17.74,17.75,17.39,143172,302372160.0,2.07,1.9,0.33,0.59
招商蛇口,2019-06-24,17.63,17.48,17.74,17.35,89851,188955811.0,2.2,-1.47,-0.26,0.37
招商蛇口,2019-06-25,17.49,17.53,17.57,17.16,78021,163269554.0,2.35,0.29,0.05,0.32
招商蛇口,2019-06-26,17.45,17.3,17.51,17.24,52708,110009549.0,1.54,-1.31,-0.23,0.22
招商蛇口,2019-06-27,17.34,17.48,17.72,17.3,109196,230518051.0,2.43,1.04,0.18,0.45
招商蛇口,2019-06-28,17.5,17.36,17.53,17.29,53586,112001809.0,1.37,-0.69,-0.12,0.22
招商蛇口,2019-07-01,17.56,17.96,18.01,17.38,235550,499970048.0,3.63,3.46,0.6,0.98
招商蛇口,2019-07-02,17.85,18.06,18.12,17.61,179157,382980848.0,2.84,0.56,0.1,0.23
招商蛇口,2019-07-03,17.97,18.34,18.52,17.85,181776,396999520.0,3.71,1.55,0.28,0.23
招商蛇口,2019-07-04,18.41,18.51,18.94,18.36,171625,381454272.0,3.16,0.93,0.17,0.22
招商蛇口,2019-07-05,18.66,18.45,18.67,18.25,108506,238383719.0,2.27,-0.32,-0.06,0.14
招商蛇口,2019-07-08,18.31,18.2,18.57,17.85,93978,204045175.0,3.9,-1.36,-0.25,0.12
招商蛇口,2019-07-09,18.21,18.21,18.47,18.05,95470,208197969.0,2.31,0.05,0.01,0.12
招商蛇口,2019-07-10,18.49,18.2,18.55,18.09,91533,199383756.0,2.53,-0.05,-0.01,0.12
招商蛇口,2019-07-11,18.55,17.78,18.55,17.75,145050,301175168.0,4.4,-2.31,-0.42,0.18
招商蛇口,2019-07-12,17.76,18.25,18.4,17.72,166198,347634256.0,3.82,2.64,0.47,0.21
招商蛇口,2019-07-15,18.18,18.24,18.54,17.89,109923,230710924.0,3.56,-0.05,-0.01,0.14
招商蛇口,2019-07-16,18.26,18.03,18.32,18.02,105686,220331219.0,1.64,-1.15,-0.21,0.13
招商蛇口,2019-07-17,18.05,18.3,18.49,17.99,102570,216162317.0,2.77,1.5,0.27,0.13
招商蛇口,2019-07-18,18.39,18.13,18.39,17.97,60239,125891248.0,2.3,-0.93,-0.17,0.08
招商蛇口,2019-07-19,18.29,18.64,18.85,18.29,149637,320600688.0,3.09,2.81,0.51,0.19
招商蛇口,2019-07-22,18.6,18.8,19.01,18.49,163969,353791904.0,2.79,0.86,0.16,0.21
招商蛇口,2019-07-23,18.68,18.37,18.8,18.15,143562,303408160.0,3.46,-2.29,-0.43,0.18
招商蛇口,2019-07-24,18.41,18.27,18.45,18.2,110970,233653221.0,1.36,-0.54,-0.1,0.14
招商蛇口,2019-07-25,18.2,18.25,18.29,18.06,88745,185907023.0,1.26,-0.11,-0.02,0.11
招商蛇口,2019-07-26,18.07,18.3,18.39,18.07,68643,144312434.0,1.75,0.27,0.05,0.09
招商蛇口,2019-07-29,18.17,18.2,18.48,18.17,75165,158338145.0,1.69,-0.55,-0.1,0.09
招商蛇口,2019-07-30,18.33,18.38,18.53,18.18,81856,173462166.0,1.92,0.99,0.18,0.1
招商蛇口,2019-07-31,18.2,17.88,18.22,17.84,154382,319967984.0,2.07,-2.72,-0.5,0.2
招商蛇口,2019-08-01,17.75,17.27,17.88,17.18,194270,391697008.0,3.91,-3.41,-0.61,0.25
招商蛇口,2019-08-02,16.85,17.06,17.21,16.46,189561,371979584.0,4.34,-1.22,-0.21,0.24
招商蛇口,2019-08-05,16.79,16.62,16.93,16.6,147765,288223312.0,1.93,-2.58,-0.44,0.19
招商蛇口,2019-08-06,16.55,16.66,16.85,16.26,173121,335021344.0,3.55,0.24,0.04,0.22
招商蛇口,2019-08-07,16.77,16.92,17.04,16.77,92212,181330025.0,1.62,1.56,0.26,0.12
招商蛇口,2019-08-08,16.91,16.97,17.02,16.83,80214,158019648.0,1.12,0.3,0.05,0.1
招商蛇口,2019-08-09,16.8,16.58,16.84,16.24,223425,429351008.0,3.54,-2.3,-0.39,0.28
招商蛇口,2019-08-12,16.57,16.77,16.95,16.48,92876,181375209.0,2.83,1.15,0.19,0.12
招商蛇口,2019-08-13,16.7,16.65,16.93,16.48,77526,150311647.0,2.68,-0.72,-0.12,0.1
招商蛇口,2019-08-14,16.91,16.41,16.92,16.38,80210,154745199.0,3.24,-1.44,-0.24,0.1
招商蛇口,2019-08-15,16.25,16.79,16.87,16.15,98042,189979743.0,4.39,2.32,0.38,0.12
招商蛇口,2019-08-16,16.79,16.68,16.97,16.66,56280,110080479.0,1.85,-0.66,-0.11,0.07
招商蛇口,2019-08-19,17.85,17.86,18.34,17.5,485515,998549248.0,5.04,7.07,1.18,0.61
招商蛇口,2019-08-20,17.86,17.88,18.2,17.71,168838,349373024.0,2.74,0.11,0.02,0.21
招商蛇口,2019-08-21,17.8,17.35,17.81,17.28,169047,342205408.0,2.96,-2.96,-0.53,0.21
招商蛇口,2019-08-22,17.46,17.36,17.53,17.22,181277,364478944.0,1.79,0.06,0.01,0.23
招商蛇口,2019-08-23,17.38,17.61,17.66,17.29,155549,314774656.0,2.13,1.44,0.25,0.2
招商蛇口,2019-08-26,17.09,17.61,17.63,16.97,137336,276708464.0,3.75,0.0,0.0,0.17
招商蛇口,2019-08-27,17.6,17.67,17.87,17.35,259133,531019280.0,2.95,0.34,0.06,0.33
招商蛇口,2019-08-28,17.8,17.69,17.81,17.55,75243,153706935.0,1.47,0.11,0.02,0.1
招商蛇口,2019-08-29,17.56,16.97,17.69,16.94,202433,403184224.0,4.24,-4.07,-0.72,0.26
招商蛇口,2019-08-30,17.24,17.0,17.24,16.9,82769,163610282.0,2.0,0.18,0.03,0.1
招商蛇口,2019-09-02,17.08,16.94,17.16,16.83,90825,179222941.0,1.94,-0.35,-0.06,0.11
招商蛇口,2019-09-03,16.9,16.85,17.09,16.78,115398,226536385.0,1.83,-0.53,-0.09,0.15
招商蛇口,2019-09-04,16.94,17.31,17.4,16.85,181280,360926672.0,3.26,2.73,0.46,0.23
招商蛇口,2019-09-05,17.31,17.33,17.78,17.27,175978,356942032.0,2.95,0.12,0.02,0.22
招商蛇口,2019-09-06,17.53,17.28,17.54,17.15,103589,207027025.0,2.25,-0.29,-0.05,0.13
招商蛇口,2019-09-09,17.37,17.43,17.59,17.25,151310,303876768.0,1.97,0.87,0.15,0.19
招商蛇口,2019-09-10,17.54,17.3,17.54,17.24,82474,165323154.0,1.72,-0.75,-0.13,0.1
招商蛇口,2019-09-11,17.35,17.34,17.41,17.05,107461,215182676.0,2.08,0.23,0.04,0.14
招商蛇口,2019-09-12,17.44,17.58,17.83,17.43,145005,295491776.0,2.31,1.38,0.24,0.18
招商蛇口,2019-09-16,17.55,17.46,17.59,17.38,71006,143483907.0,1.19,-0.68,-0.12,0.09
招商蛇口,2019-09-17,17.33,17.17,17.45,17.08,84453,168916106.0,2.12,-1.66,-0.29,0.11
招商蛇口,2019-09-18,17.31,17.08,17.37,17.07,91786,183199831.0,1.75,-0.52,-0.09,0.12
招商蛇口,2019-09-19,17.16,16.97,17.19,16.91,73109,144551061.0,1.64,-0.64,-0.11,0.09
招商蛇口,2019-09-20,17.06,17.15,17.19,16.85,168957,333829680.0,2.0,1.06,0.18,0.21
招商蛇口,2019-09-23,17.09,16.82,17.1,16.7,67112,131275466.0,2.33,-1.92,-0.33,0.08
招商蛇口,2019-09-24,16.91,16.74,16.94,16.71,74403,145663034.0,1.37,-0.48,-0.08,0.09
招商蛇口,2019-09-25,16.66,16.51,16.74,16.51,76402,147597764.0,1.37,-1.37,-0.23,0.1
招商蛇口,2019-09-26,16.51,16.37,16.63,16.33,147392,283246368.0,1.82,-0.85,-0.14,0.19
招商蛇口,2019-09-27,16.31,16.25,16.42,16.16,103261,196669293.0,1.59,-0.73,-0.12,0.13
招商蛇口,2019-09-30,16.17,16.24,16.52,16.17,96664,184436344.0,2.15,-0.06,-0.01,0.12
招商蛇口,2019-10-08,16.23,16.78,16.89,16.21,154974,301724256.0,4.19,3.33,0.54,0.2
招商蛇口,2019-10-09,16.63,17.01,17.24,16.59,144258,285368832.0,3.87,1.37,0.23,0.18
招商蛇口,2019-10-10,17.08,17.07,17.31,16.99,99265,197300560.0,1.88,0.35,0.06,0.13
招商蛇口,2019-10-11,17.34,17.24,17.37,17.05,100903,201566601.0,1.87,1.0,0.17,0.13
招商蛇口,2019-10-14,17.3,17.45,17.63,17.23,192304,388314560.0,2.32,1.22,0.21,0.24
招商蛇口,2019-10-15,17.55,17.21,17.55,17.16,62058,124370652.0,2.23,-1.38,-0.24,0.08
招商蛇口,2019-10-16,17.35,17.39,17.8,17.29,144698,293282416.0,2.96,1.05,0.18,0.18
招商蛇口,2019-10-17,17.39,17.14,17.42,16.95,123552,246186290.0,2.7,-1.44,-0.25,0.16
招商蛇口,2019-10-18,17.22,16.85,17.4,16.69,113522,223830994.0,4.14,-1.69,-0.29,0.14
招商蛇口,2019-10-21,16.85,17.03,17.19,16.85,64221,127329699.0,2.02,1.07,0.18,0.08
招商蛇口,2019-10-22,17.2,17.01,17.25,16.87,55938,110544343.0,2.23,-0.12,-0.02,0.07
招商蛇口,2019-10-23,17.01,16.91,17.09,16.78,64886,127189849.0,1.82,-0.59,-0.1,0.08
招商蛇口,2019-10-24,16.94,16.96,17.09,16.75,62238,122574127.0,2.01,0.3,0.05,0.08
招商蛇口,2019-10-25,17.05,16.97,17.15,16.76,89685,176095467.0,2.3,0.06,0.01,0.11
招商蛇口,2019-10-28,16.94,16.77,17.08,16.66,106649,208086653.0,2.47,-1.18,-0.2,0.13
招商蛇口,2019-10-29,16.84,16.61,16.89,16.57,89337,173683007.0,1.91,-0.95,-0.16,0.11
招商蛇口,2019-10-30,16.58,16.28,16.72,16.15,158630,303356912.0,3.43,-1.99,-0.33,0.2
招商蛇口,2019-10-31,16.28,15.97,16.4,15.89,161890,303773072.0,3.13,-1.9,-0.31,0.2
招商蛇口,2019-11-01,15.97,16.19,16.31,15.8,84997,160401528.0,3.19,1.38,0.22,0.11
招商蛇口,2019-11-04,16.34,16.29,16.41,16.12,96599,183288062.0,1.79,0.62,0.1,0.12
招商蛇口,2019-11-05,16.37,16.4,16.53,16.06,118548,226735727.0,2.89,0.68,0.11,0.15
招商蛇口,2019-11-06,16.39,16.15,16.41,16.06,67721,128136026.0,2.13,-1.52,-0.25,0.09
招商蛇口,2019-11-07,16.12,16.13,16.25,16.07,57998,109572424.0,1.11,-0.12,-0.02,0.07
招商蛇口,2019-11-08,16.14,15.96,16.22,15.92,97299,182614644.0,1.86,-1.05,-0.17,0.12
招商蛇口,2019-11-11,15.86,15.77,16.02,15.75,87332,162188920.0,1.69,-1.19,-0.19,0.11
招商蛇口,2019-11-12,15.95,15.89,16.01,15.71,67963,126629018.0,1.9,0.76,0.12,0.09
招商蛇口,2019-11-13,15.82,15.63,15.9,15.53,86479,159087312.0,2.33,-1.64,-0.26,0.11
招商蛇口,2019-11-14,15.72,15.51,15.72,15.45,86311,157835576.0,1.73,-0.77,-0.12,0.11
招商蛇口,2019-11-15,15.62,15.55,15.73,15.41,78541,143805005.0,2.06,0.26,0.04,0.1
招商蛇口,2019-11-18,15.55,15.38,15.62,15.28,86372,157324960.0,2.19,-1.09,-0.17,0.11
招商蛇口,2019-11-19,15.38,15.72,15.76,15.35,56626,103956728.0,2.67,2.21,0.34,0.07
招商蛇口,2019-11-20,15.5,15.54,15.76,15.5,46069,84726639.0,1.65,-1.15,-0.18,0.06
招商蛇口,2019-11-21,15.48,15.65,15.72,15.43,58514,107274928.0,1.87,0.71,0.11,0.07
招商蛇口,2019-11-22,15.74,15.58,15.78,15.46,66799,122492963.0,2.04,-0.45,-0.07,0.08
招商蛇口,2019-11-25,15.64,16.03,16.13,15.55,139762,262226450.0,3.72,2.89,0.45,0.18
招商蛇口,2019-11-26,16.17,16.28,16.28,15.95,170968,323530384.0,2.06,1.56,0.25,0.22
招商蛇口,2019-11-27,16.13,15.82,16.22,15.68,89829,167302655.0,3.32,-2.83,-0.46,0.11
招商蛇口,2019-11-28,15.85,15.58,15.87,15.49,65273,119693897.0,2.4,-1.52,-0.24,0.08
招商蛇口,2019-11-29,15.46,15.36,15.64,15.29,76630,138847472.0,2.25,-1.41,-0.22,0.1
招商蛇口,2019-12-02,15.44,15.61,15.63,15.37,38582,70571003.0,1.69,1.63,0.25,0.05
招商蛇口,2019-12-03,15.43,15.88,15.94,15.43,77271,143332194.0,3.27,1.73,0.27,0.1
招商蛇口,2019-12-04,15.84,15.88,15.93,15.7,65497,121716818.0,1.45,0.0,0.0,0.08
招商蛇口,2019-12-05,15.97,15.89,16.0,15.8,69222,129256875.0,1.26,0.06,0.01,0.09
招商蛇口,2019-12-06,15.95,16.02,16.03,15.82,61596,115085581.0,1.32,0.82,0.13,0.08
招商蛇口,2019-12-09,16.15,16.31,16.58,16.13,123451,235665586.0,2.81,1.81,0.29,0.16
招商蛇口,2019-12-10,16.3,16.15,16.31,16.14,54398,103120079.0,1.04,-0.98,-0.16,0.07
招商蛇口,2019-12-11,16.15,16.28,16.49,16.15,89385,170576086.0,2.11,0.8,0.13,0.11
招商蛇口,2019-12-12,16.34,16.25,16.39,16.15,93701,178281864.0,1.47,-0.18,-0.03,0.12
招商蛇口,2019-12-13,16.4,16.33,16.48,16.31,207858,398569520.0,1.05,0.49,0.08,0.26
招商蛇口,2019-12-16,16.33,16.65,16.73,16.28,172455,332739472.0,2.76,1.96,0.32,0.22
招商蛇口,2019-12-17,16.67,16.9,17.27,16.55,196040,385587792.0,4.32,1.5,0.25,0.25
招商蛇口,2019-12-18,16.9,17.1,17.3,16.9,153476,305597696.0,2.37,1.18,0.2,0.19
招商蛇口,2019-12-19,17.1,17.12,17.3,17.05,109657,218735326.0,1.46,0.12,0.02,0.14
招商蛇口,2019-12-20,17.26,17.25,17.53,17.14,136636,274074688.0,2.28,0.76,0.13,0.17
招商蛇口,2019-12-23,17.4,17.07,17.41,17.0,123866,246888557.0,2.38,-1.04,-0.18,0.16
招商蛇口,2019-12-24,16.97,16.87,17.08,16.67,54678,106899999.0,2.4,-1.17,-0.2,0.07
招商蛇口,2019-12-25,16.87,16.79,16.87,16.63,43170,84150263.0,1.42,-0.47,-0.08,0.05
招商蛇口,2019-12-26,16.84,17.12,17.24,16.84,68858,136731380.0,2.38,1.97,0.33,0.09
招商蛇口,2019-12-27,17.13,17.01,17.22,16.91,95275,189163315.0,1.81,-0.64,-0.11,0.12
招商蛇口,2019-12-30,17.03,17.23,17.25,16.89,134659,267815884.0,2.12,1.29,0.22,0.17
招商蛇口,2019-12-31,17.23,17.12,17.27,17.01,111057,220881051.0,1.51,-0.64,-0.11,0.14
招商蛇口,2020-01-02,17.24,17.58,17.71,17.24,161554,328587984.0,2.75,2.69,0.46,0.2
招商蛇口,2020-01-03,17.7,17.58,17.73,17.36,97180,196848915.0,2.1,0.0,0.0,0.12
招商蛇口,2020-01-06,17.4,17.16,17.56,16.96,154834,309098992.0,3.41,-2.39,-0.42,0.2
招商蛇口,2020-01-07,17.23,17.29,17.36,17.15,76763,153397693.0,1.22,0.76,0.13,0.1
招商蛇口,2020-01-08,17.06,16.73,17.22,16.58,174327,340691584.0,3.7,-3.24,-0.56,0.22
招商蛇口,2020-01-09,16.96,17.05,17.1,16.86,97393,192307890.0,1.43,1.91,0.32,0.12
招商蛇口,2020-01-10,17.11,16.88,17.14,16.83,89615,176342178.0,1.82,-1.0,-0.17,0.11
招商蛇口,2020-01-13,16.89,16.92,17.0,16.77,94907,186100205.0,1.36,0.24,0.04,0.12
招商蛇口,2020-01-14,16.96,16.74,17.05,16.67,115518,226383032.0,2.25,-1.06,-0.18,0.15
招商蛇口,2020-01-15,16.67,16.47,16.73,16.45,105552,203722261.0,1.67,-1.61,-0.27,0.13
招商蛇口,2020-01-16,16.55,16.27,16.6,16.15,144727,275639104.0,2.73,-1.21,-0.2,0.18
招商蛇口,2020-01-17,16.4,16.12,16.41,15.91,156973,295422944.0,3.07,-0.92,-0.15,0.2
招商蛇口,2020-01-20,16.12,15.91,16.12,15.84,138303,258229908.0,1.74,-1.3,-0.21,0.17
招商蛇口,2020-01-21,15.83,15.64,15.95,15.55,165890,305165824.0,2.51,-1.7,-0.27,0.21
招商蛇口,2020-01-22,15.54,15.88,15.93,15.5,151293,280111840.0,2.75,1.53,0.24,0.19
招商蛇口,2020-01-23,15.71,15.38,15.81,15.3,174811,318079184.0,3.21,-3.15,-0.5,0.22
招商蛇口,2020-02-03,13.57,13.57,13.77,13.57,232357,379354432.0,1.3,-11.77,-1.81,0.29
招商蛇口,2020-02-04,13.15,13.63,13.68,13.15,249538,404748816.0,3.91,0.44,0.06,0.32
招商蛇口,2020-02-05,13.65,13.82,13.94,13.4,178948,295689536.0,3.96,1.39,0.19,0.23
招商蛇口,2020-02-06,13.99,13.86,13.99,13.61,157508,260758066.0,2.75,0.29,0.04,0.2
招商蛇口,2020-02-07,13.69,13.71,13.77,13.5,199482,327054784.0,1.95,-1.08,-0.15,0.25
招商蛇口,2020-02-10,13.67,14.26,14.35,13.55,181532,305606528.0,5.84,4.01,0.55,0.23
招商蛇口,2020-02-11,14.33,14.42,14.56,14.16,119772,205874608.0,2.81,1.12,0.16,0.15
招商蛇口,2020-02-12,14.42,14.49,14.56,14.3,92451,159109524.0,1.8,0.49,0.07,0.12
招商蛇口,2020-02-13,14.59,14.85,15.15,14.53,190622,337514368.0,4.28,2.48,0.36,0.24
招商蛇口,2020-02-14,14.92,15.3,15.45,14.84,168788,303400992.0,4.11,3.03,0.45,0.21
招商蛇口,2020-02-17,15.24,15.32,15.45,15.15,144545,260930501.0,1.96,0.13,0.02,0.18
招商蛇口,2020-02-18,15.28,15.19,15.3,14.94,136563,243550062.0,2.35,-0.85,-0.13,0.17
招商蛇口,2020-02-19,15.2,15.25,15.4,15.02,116330,209388971.0,2.5,0.39,0.06,0.15
招商蛇口,2020-02-20,15.25,15.26,15.33,15.09,116256,208825406.0,1.57,0.07,0.01,0.15
招商蛇口,2020-02-21,15.26,15.25,15.32,15.05,118285,212208860.0,1.77,-0.07,-0.01,0.15
招商蛇口,2020-02-24,15.15,14.91,15.2,14.85,141155,250131636.0,2.3,-2.23,-0.34,0.18
招商蛇口,2020-02-25,14.76,14.72,15.14,14.67,148149,260472837.0,3.15,-1.27,-0.19,0.19
招商蛇口,2020-02-26,14.55,14.96,15.38,14.55,170494,304437936.0,5.64,1.63,0.24,0.22
招商蛇口,2020-02-27,15.0,14.72,15.13,14.7,102398,180065285.0,2.87,-1.6,-0.24,0.13
招商蛇口,2020-02-28,14.55,14.59,15.16,14.33,177424,309159040.0,5.64,-0.88,-0.13,0.22
招商蛇口,2020-03-02,14.55,15.77,15.89,14.55,366140,669928560.0,9.18,8.09,1.18,0.46
招商蛇口,2020-03-03,15.88,15.78,16.05,15.39,213939,393090976.0,4.19,0.06,0.01,0.27
招商蛇口,2020-03-04,15.93,16.56,16.68,15.75,300847,573663904.0,5.89,4.94,0.78,0.38
招商蛇口,2020-03-05,16.46,16.45,16.52,16.1,155271,295767760.0,2.54,-0.66,-0.11,0.2
招商蛇口,2020-03-06,16.21,15.97,16.45,15.93,90754,170505771.0,3.16,-2.92,-0.48,0.11
招商蛇口,2020-03-09,15.4,15.59,15.91,15.37,130483,239116631.0,3.38,-2.38,-0.38,0.16
招商蛇口,2020-03-10,15.65,15.67,16.23,15.39,105087,194553956.0,5.39,0.51,0.08,0.13
招商蛇口,2020-03-11,15.91,15.45,15.91,15.43,78676,143711294.0,3.06,-1.4,-0.22,0.1
招商蛇口,2020-03-12,15.3,15.08,15.33,14.91,106391,189643166.0,2.72,-2.39,-0.37,0.13
招商蛇口,2020-03-13,14.36,14.77,14.96,14.29,102126,177332137.0,4.44,-2.06,-0.31,0.13
招商蛇口,2020-03-16,14.93,14.21,14.93,14.01,147612,252749370.0,6.23,-3.79,-0.56,0.19
招商蛇口,2020-03-17,14.15,14.02,14.56,13.88,136697,230454140.0,4.79,-1.34,-0.19,0.17
招商蛇口,2020-03-18,14.13,13.77,14.24,13.73,104715,175113806.0,3.64,-1.78,-0.25,0.13
招商蛇口,2020-03-19,13.66,13.46,13.87,13.2,96092,156312814.0,4.87,-2.25,-0.31,0.12
招商蛇口,2020-03-20,13.86,14.19,14.2,13.55,223142,371106208.0,4.83,5.42,0.73,0.28
招商蛇口,2020-03-23,13.66,13.48,13.7,13.35,103269,167885889.0,2.47,-5.0,-0.71,0.13
招商蛇口,2020-03-24,13.63,13.72,13.9,13.57,94119,155037653.0,2.45,1.78,0.24,0.12
招商蛇口,2020-03-25,14.02,14.4,14.42,13.76,152782,257611530.0,4.81,4.96,0.68,0.19
招商蛇口,2020-03-26,14.17,14.1,14.27,14.05,55755,94196908.0,1.53,-2.08,-0.3,0.07
招商蛇口,2020-03-27,14.26,14.09,14.53,14.08,127506,216685214.0,3.19,-0.07,-0.01,0.16
招商蛇口,2020-03-30,13.75,13.68,14.02,13.61,87652,144512354.0,2.91,-2.91,-0.41,0.11
招商蛇口,2020-03-31,13.79,13.73,13.99,13.55,56365,92928335.0,3.22,0.37,0.05,0.07
招商蛇口,2020-04-01,13.84,13.75,13.89,13.64,82034,135520829.0,1.82,0.15,0.02,0.1
招商蛇口,2020-04-02,13.62,13.86,13.86,13.57,50360,83060606.0,2.11,0.8,0.11,0.06
招商蛇口,2020-04-03,13.87,13.7,13.87,13.64,50371,82925017.0,1.66,-1.15,-0.16,0.06
招商蛇口,2020-04-07,13.93,13.97,14.03,13.86,76594,127746732.0,1.24,1.97,0.27,0.1
招商蛇口,2020-04-08,13.95,13.86,13.95,13.73,44083,73083649.0,1.57,-0.79,-0.11,0.06
招商蛇口,2020-04-09,13.98,13.85,14.05,13.84,46046,76748618.0,1.52,-0.07,-0.01,0.06
招商蛇口,2020-04-10,14.0,13.84,14.01,13.74,67348,111916009.0,1.95,-0.07,-0.01,0.09
招商蛇口,2020-04-13,13.83,13.9,13.96,13.76,79032,131466700.0,1.45,0.43,0.06,0.1
招商蛇口,2020-04-14,13.81,13.97,14.04,13.79,120112,200231481.0,1.8,0.5,0.07,0.15
招商蛇口,2020-04-15,13.96,13.97,14.07,13.76,84759,141660016.0,2.22,0.0,0.0,0.11
招商蛇口,2020-04-16,13.94,13.89,14.0,13.76,74442,123441548.0,1.72,-0.57,-0.08,0.09
招商蛇口,2020-04-17,14.05,14.03,14.2,13.84,121987,204407707.0,2.59,1.01,0.14,0.15
招商蛇口,2020-04-20,14.09,14.03,14.09,13.81,96226,160821792.0,2.0,0.0,0.0,0.12
招商蛇口,2020-04-21,13.96,13.86,14.24,13.86,105510,176815128.0,2.71,-1.21,-0.17,0.13
招商蛇口,2020-04-22,13.77,13.86,13.93,13.68,66959,110925631.0,1.8,0.0,0.0,0.08
招商蛇口,2020-04-23,14.05,14.42,14.5,13.95,153627,261609204.0,3.97,4.04,0.56,0.19
招商蛇口,2020-04-24,14.5,14.4,14.52,14.27,105843,181217739.0,1.73,-0.14,-0.02,0.13
招商蛇口,2020-04-27,14.48,14.2,14.54,14.15,72814,124622822.0,2.71,-1.39,-0.2,0.09
招商蛇口,2020-04-28,14.38,14.2,14.73,13.87,101420,172164966.0,6.06,0.0,0.0,0.13
招商蛇口,2020-04-29,13.95,14.62,14.67,13.89,127947,218314260.0,5.49,2.96,0.42,0.16
招商蛇口,2020-04-30,14.53,14.37,14.7,14.37,109924,189738089.0,2.26,-1.71,-0.25,0.14
招商蛇口,2020-05-06,14.13,14.07,14.25,13.96,146994,246575989.0,2.02,-2.09,-0.3,0.19
招商蛇口,2020-05-07,13.99,13.88,14.07,13.86,86036,143455364.0,1.49,-1.35,-0.19,0.11
招商蛇口,2020-05-08,13.88,13.91,14.0,13.82,103692,172597038.0,1.3,0.22,0.03,0.13
招商蛇口,2020-05-11,13.99,13.98,14.05,13.88,67807,113334733.0,1.22,0.5,0.07,0.09
招商蛇口,2020-05-12,14.01,13.88,14.01,13.83,50090,83425502.0,1.29,-0.72,-0.1,0.06
招商蛇口,2020-05-13,13.83,13.87,13.94,13.72,49134,81334405.0,1.59,-0.07,-0.01,0.06
招商蛇口,2020-05-14,13.85,13.55,13.85,13.53,81527,133847149.0,2.31,-2.31,-0.32,0.1
招商蛇口,2020-05-15,13.65,13.63,13.8,13.6,52560,86398431.0,1.48,0.59,0.08,0.07
招商蛇口,2020-05-18,13.58,13.64,13.75,13.48,65448,107397142.0,1.98,0.07,0.01,0.08
招商蛇口,2020-05-19,13.73,13.66,13.79,13.61,61052,100194126.0,1.32,0.15,0.02,0.08
招商蛇口,2020-05-20,13.69,13.59,13.7,13.56,38946,63737840.0,1.02,-0.51,-0.07,0.05
招商蛇口,2020-05-21,13.68,13.61,13.71,13.58,51510,84394995.0,0.96,0.15,0.02,0.07
招商蛇口,2020-05-22,13.57,13.25,13.59,13.25,64018,103164249.0,2.5,-2.65,-0.36,0.08
招商蛇口,2020-05-25,13.25,13.43,13.49,13.17,33919,54684180.0,2.42,1.36,0.18,0.04
招商蛇口,2020-05-26,13.41,13.48,13.49,13.36,27144,43932862.0,0.97,0.37,0.05,0.03
招商蛇口,2020-05-27,13.41,13.37,13.5,13.34,37586,60700575.0,1.19,-0.82,-0.11,0.05
招商蛇口,2020-05-28,13.41,13.44,13.77,13.39,55399,90534053.0,2.84,0.52,0.07,0.07
招商蛇口,2020-05-29,13.45,13.28,13.49,13.26,105731,169781254.0,1.71,-1.19,-0.16,0.13
招商蛇口,2020-06-08,14.09,14.14,14.73,13.85,265885,450338160.0,6.63,6.48,0.86,0.34
招商蛇口,2020-06-09,14.15,14.23,14.37,14.05,113740,193059154.0,2.26,0.64,0.09,0.14
招商蛇口,2020-06-10,14.25,13.96,14.29,13.94,119085,199632883.0,2.46,-1.9,-0.27,0.15
招商蛇口,2020-06-11,13.99,13.78,14.13,13.77,101255,168726817.0,2.58,-1.29,-0.18,0.13
招商蛇口,2020-06-12,13.55,13.65,13.72,13.46,138171,226251606.0,1.89,-0.94,-0.13,0.17
招商蛇口,2020-06-15,13.63,13.64,13.95,13.63,136985,225976912.0,2.34,-0.07,-0.01,0.17
招商蛇口,2020-06-16,13.8,13.93,14.01,13.73,117892,196598848.0,2.05,2.13,0.29,0.15
招商蛇口,2020-06-17,14.06,13.8,14.06,13.73,68863,114212344.0,2.37,-0.93,-0.13,0.09
招商蛇口,2020-06-18,13.8,13.97,14.0,13.75,77142,128695137.0,1.81,1.23,0.17,0.1
招商蛇口,2020-06-19,13.93,13.92,14.02,13.79,134944,224869090.0,1.65,-0.36,-0.05,0.17
招商蛇口,2020-06-22,13.88,13.79,14.04,13.79,98109,163191736.0,1.8,-0.93,-0.13,0.12
招商蛇口,2020-06-23,13.8,13.69,13.85,13.61,85594,140878566.0,1.74,-0.73,-0.1,0.11
招商蛇口,2020-06-24,13.75,13.94,14.13,13.72,128005,213988073.0,2.99,1.83,0.25,0.16
招商蛇口,2020-06-29,13.9,13.63,13.93,13.63,93567,154010637.0,2.15,-2.22,-0.31,0.12
招商蛇口,2020-06-30,13.76,13.69,13.79,13.58,128783,211412501.0,1.54,0.44,0.06,0.16
招商蛇口,2020-07-01,13.69,14.51,14.7,13.59,358738,609458304.0,8.11,5.99,0.82,0.45
招商蛇口,2020-07-02,14.36,14.8,14.94,14.35,356006,621641136.0,4.07,2.0,0.29,0.45
招商蛇口,2020-07-03,14.87,14.82,15.13,14.57,275597,483792112.0,3.78,0.14,0.02,0.35
招商蛇口,2020-07-06,15.12,16.55,16.56,15.1,436340,817825504.0,9.85,11.67,1.73,0.55
招商蛇口,2020-07-07,16.65,16.02,17.25,15.91,576680,1106717984.0,8.1,-3.2,-0.53,0.73
招商蛇口,2020-07-08,15.83,15.81,16.02,15.36,500349,919829840.0,4.12,-1.31,-0.21,0.63
招商蛇口,2020-07-09,15.8,16.38,17.12,15.65,520495,989777136.0,9.3,3.61,0.57,0.66
招商蛇口,2020-07-10,16.15,17.1,17.25,16.05,690244,1346809920.0,7.33,4.4,0.72,0.87
招商蛇口,2020-07-13,17.24,17.05,17.61,16.38,555658,1092463824.0,7.19,-0.29,-0.05,0.7
招商蛇口,2020-07-14,16.72,16.24,16.95,16.08,465404,894975952.0,5.1,-4.75,-0.81,0.59
招商蛇口,2020-07-15,16.35,15.42,16.5,15.4,372497,687131616.0,6.77,-5.05,-0.82,0.47
招商蛇口,2020-07-16,15.56,15.26,15.93,15.22,266934,489323264.0,4.6,-1.04,-0.16,0.34
招商蛇口,2020-07-17,15.28,15.57,15.67,15.05,189352,343298096.0,4.06,2.03,0.31,0.24
招商蛇口,2020-07-20,15.71,16.02,16.15,15.45,212264,395207744.0,4.5,2.89,0.45,0.27
招商蛇口,2020-07-21,16.03,15.92,16.1,15.75,179237,333563680.0,2.18,-0.62,-0.1,0.23
招商蛇口,2020-07-22,15.93,16.13,16.21,15.69,200155,375725984.0,3.27,1.32,0.21,0.25
招商蛇口,2020-07-23,15.91,15.47,15.91,15.34,258317,451358768.0,3.53,-4.09,-0.66,0.33
招商蛇口,2020-07-24,15.38,15.16,15.64,14.94,193657,332695440.0,4.52,-2.0,-0.31,0.24
招商蛇口,2020-07-27,15.17,14.92,15.32,14.84,106853,180449140.0,3.17,-1.58,-0.24,0.13
招商蛇口,2020-07-28,15.02,15.16,15.25,14.7,165051,280539472.0,3.69,1.61,0.24,0.21
招商蛇口,2020-07-29,15.18,15.3,15.35,15.03,106435,182612697.0,2.11,0.92,0.14,0.13
招商蛇口,2020-07-30,15.3,15.15,15.3,15.04,152753,260602039.0,1.7,-0.98,-0.15,0.19
招商蛇口,2020-07-31,15.15,15.14,15.32,14.98,157285,268779472.0,2.24,-0.07,-0.01,0.2
招商蛇口,2020-08-03,15.2,15.56,15.62,15.15,255339,440388752.0,3.1,2.77,0.42,0.32
招商蛇口,2020-08-04,15.49,15.59,15.8,15.29,308292,538016528.0,3.28,0.19,0.03,0.39
招商蛇口,2020-08-05,15.48,15.23,15.5,15.15,167608,288171872.0,2.25,-2.31,-0.36,0.21
招商蛇口,2020-08-06,15.28,15.27,15.38,15.06,147692,253273097.0,2.1,0.26,0.04,0.19
招商蛇口,2020-08-07,15.19,14.93,15.22,14.81,146728,248500528.0,2.69,-2.23,-0.34,0.19
招商蛇口,2020-08-10,14.96,15.27,15.28,14.92,159312,272298704.0,2.41,2.28,0.34,0.2
招商蛇口,2020-08-11,15.38,14.96,15.42,14.96,145097,249023471.0,3.01,-2.03,-0.31,0.18
招商蛇口,2020-08-12,14.94,15.19,15.23,14.79,159022,268935440.0,2.94,1.54,0.23,0.2
招商蛇口,2020-08-13,15.11,15.1,15.3,15.09,79118,135131869.0,1.38,-0.59,-0.09,0.1
招商蛇口,2020-08-14,15.11,15.4,15.48,14.94,181889,313218240.0,3.58,1.99,0.3,0.23
招商蛇口,2020-08-17,15.4,15.53,15.84,15.36,228640,400984816.0,3.12,0.84,0.13,0.29
招商蛇口,2020-08-18,15.49,15.3,15.52,15.19,158310,273219904.0,2.12,-1.48,-0.23,0.2
招商蛇口,2020-08-19,15.33,15.14,15.35,15.1,122235,209433770.0,1.63,-1.05,-0.16,0.15
招商蛇口,2020-08-20,15.15,15.03,15.23,14.99,91192,155079217.0,1.59,-0.73,-0.11,0.12
招商蛇口,2020-08-21,15.15,15.19,15.25,15.03,89331,152435377.0,1.46,1.06,0.16,0.11
招商蛇口,2020-08-24,15.25,15.12,15.38,15.03,115792,197874215.0,2.3,-0.46,-0.07,0.15
招商蛇口,2020-08-25,15.03,14.99,15.15,14.92,117869,199410241.0,1.52,-0.86,-0.13,0.15
招商蛇口,2020-08-26,14.96,14.6,14.96,14.53,166678,276971360.0,2.87,-2.6,-0.39,0.21
招商蛇口,2020-08-27,14.6,14.49,14.75,14.31,110851,181510389.0,3.01,-0.75,-0.11,0.14
招商蛇口,2020-08-28,14.46,14.67,14.77,14.38,104747,172932214.0,2.69,1.24,0.18,0.13
招商蛇口,2020-08-31,14.64,14.78,14.86,14.48,114519,189551435.0,2.59,0.75,0.11,0.14
招商蛇口,2020-09-01,14.59,14.52,14.62,14.41,67420,110778786.0,1.42,-1.76,-0.26,0.09
招商蛇口,2020-09-02,14.52,14.84,15.08,14.38,179880,298331552.0,4.82,2.2,0.32,0.23
招商蛇口,2020-09-03,14.48,14.54,14.71,14.48,108705,179247823.0,1.55,-2.02,-0.3,0.14
招商蛇口,2020-09-04,14.43,14.55,14.62,14.35,82707,135619307.0,1.86,0.07,0.01,0.1
招商蛇口,2020-09-07,14.5,14.38,14.75,14.38,100141,164980862.0,2.54,-1.17,-0.17,0.13
招商蛇口,2020-09-08,14.4,14.48,14.53,14.32,99361,162621180.0,1.46,0.7,0.1,0.13
招商蛇口,2020-09-09,14.36,14.26,14.45,14.26,92365,150094614.0,1.31,-1.52,-0.22,0.12
招商蛇口,2020-09-10,14.3,14.25,14.61,14.17,113409,184436542.0,3.09,-0.07,-0.01,0.14
招商蛇口,2020-09-11,14.2,14.13,14.23,14.09,78906,126682097.0,0.98,-0.84,-0.12,0.1
招商蛇口,2020-09-14,14.13,14.0,14.2,13.92,77037,122884438.0,1.98,-0.92,-0.13,0.1
招商蛇口,2020-09-15,14.0,13.83,14.02,13.78,125348,198130757.0,1.71,-1.21,-0.17,0.16
招商蛇口,2020-09-16,13.74,13.69,13.84,13.58,135637,211583343.0,1.88,-1.01,-0.14,0.17
招商蛇口,2020-09-17,13.73,13.58,13.78,13.55,118144,183548105.0,1.68,-0.8,-0.11,0.15
招商蛇口,2020-09-18,13.58,14.07,14.1,13.53,177905,281023968.0,4.2,3.61,0.49,0.22
招商蛇口,2020-09-21,14.1,13.93,14.1,13.88,81070,128655920.0,1.56,-1.0,-0.14,0.1
招商蛇口,2020-09-22,13.88,13.7,13.99,13.69,73088,115079992.0,2.15,-1.65,-0.23,0.09
招商蛇口,2020-09-24,13.73,13.67,14.0,13.51,105991,165389537.0,3.58,-0.22,-0.03,0.13
招商蛇口,2020-09-25,13.68,13.42,13.76,13.38,69749,107619724.0,2.78,-1.83,-0.25,0.09
招商蛇口,2020-09-28,13.51,13.39,13.68,13.35,88901,137402385.0,2.46,-0.22,-0.03,0.11
招商蛇口,2020-09-29,13.51,13.29,13.54,13.28,83057,126816423.0,1.94,-0.75,-0.1,0.1
招商蛇口,2020-09-30,13.31,13.23,13.37,13.08,88521,133978606.0,2.18,-0.45,-0.06,0.11
招商蛇口,2020-10-09,13.27,13.26,13.39,13.25,91487,139381987.0,1.06,0.23,0.03,0.12
招商蛇口,2020-10-12,13.68,13.84,14.23,13.68,353173,558979584.0,4.15,4.37,0.58,0.45
招商蛇口,2020-10-13,13.88,13.81,13.88,13.63,173947,271952784.0,1.81,-0.22,-0.03,0.22
招商蛇口,2020-10-14,13.84,13.46,13.84,13.44,152932,237068055.0,2.9,-2.53,-0.35,0.19
招商蛇口,2020-10-15,13.57,13.47,13.61,13.44,79211,122162507.0,1.26,0.07,0.01,0.1
招商蛇口,2020-10-16,13.42,13.46,13.51,13.33,100870,154706315.0,1.34,-0.07,-0.01,0.13
招商蛇口,2020-10-19,13.52,13.34,13.76,13.26,145893,224271763.0,3.71,-0.89,-0.12,0.18
招商蛇口,2020-10-20,13.3,13.39,13.41,13.13,95773,145537048.0,2.1,0.37,0.05,0.12
招商蛇口,2020-10-21,13.4,13.36,13.46,13.26,67926,103575420.0,1.49,-0.22,-0.03,0.09
招商蛇口,2020-10-22,13.36,13.38,13.43,13.28,62842,96032301.0,1.12,0.15,0.02,0.08
招商蛇口,2020-10-23,13.36,13.38,13.44,13.31,75176,115181570.0,0.97,0.0,0.0,0.09
招商蛇口,2020-10-26,13.38,13.26,13.43,13.2,68466,104093917.0,1.72,-0.9,-0.12,0.09
招商蛇口,2020-10-27,13.26,13.14,13.27,13.11,69028,104028725.0,1.21,-0.9,-0.12,0.09
招商蛇口,2020-10-28,13.14,12.78,13.14,12.74,154121,227234670.0,3.04,-2.74,-0.36,0.19
招商蛇口,2020-10-29,12.64,12.6,12.74,12.49,128110,186081352.0,1.96,-1.41,-0.18,0.16
招商蛇口,2020-10-30,12.58,12.14,12.72,12.1,151793,216941564.0,4.92,-3.65,-0.46,0.19
招商蛇口,2020-11-02,12.16,11.85,12.26,11.79,150700,209819851.0,3.87,-2.39,-0.29,0.19
招商蛇口,2020-11-03,11.91,12.37,12.51,11.81,183218,260122596.0,5.91,4.39,0.52,0.23
招商蛇口,2020-11-04,12.42,12.26,12.46,12.18,93131,132219243.0,2.26,-0.89,-0.11,0.12
招商蛇口,2020-11-05,12.28,12.57,12.58,12.27,114609,164892029.0,2.53,2.53,0.31,0.14
招商蛇口,2020-11-06,12.63,12.62,12.67,12.44,70315,101801099.0,1.83,0.4,0.05,0.09
招商蛇口,2020-11-09,12.68,12.8,12.87,12.63,122270,179631244.0,1.9,1.43,0.18,0.15
招商蛇口,2020-11-10,12.88,12.71,13.0,12.66,87838,129544822.0,2.66,-0.7,-0.09,0.11
招商蛇口,2020-11-11,12.6,12.96,13.04,12.6,114463,169773983.0,3.46,1.97,0.25,0.14
招商蛇口,2020-11-12,12.97,12.7,13.0,12.7,63414,93334198.0,2.31,-2.01,-0.26,0.08
招商蛇口,2020-11-13,12.79,12.51,12.79,12.4,62954,90927474.0,3.07,-1.5,-0.19,0.08
招商蛇口,2020-11-16,12.53,12.64,12.7,12.48,67569,98142039.0,1.76,1.04,0.13,0.09
招商蛇口,2020-11-17,12.59,13.07,13.21,12.57,198716,295899680.0,5.06,3.4,0.43,0.25
招商蛇口,2020-11-18,13.05,13.1,13.16,12.89,98598,147635115.0,2.07,0.23,0.03,0.12
招商蛇口,2020-11-19,13.08,12.98,13.25,12.94,94636,141563045.0,2.37,-0.92,-0.12,0.12
招商蛇口,2020-11-20,12.98,12.77,12.99,12.62,122188,179211562.0,2.85,-1.62,-0.21,0.15
招商蛇口,2020-11-23,12.7,12.78,12.87,12.59,118597,173635545.0,2.19,0.08,0.01,0.15
招商蛇口,2020-11-24,12.75,12.67,12.88,12.62,93183,136595899.0,2.03,-0.86,-0.11,0.12
招商蛇口,2020-11-25,12.73,12.56,12.93,12.54,104552,153085625.0,3.08,-0.87,-0.11,0.13
招商蛇口,2020-11-26,12.5,12.31,12.61,12.26,139469,199747646.0,2.79,-1.99,-0.25,0.18
招商蛇口,2020-11-27,12.33,12.55,12.75,12.32,158443,228539634.0,3.49,1.95,0.24,0.2
招商蛇口,2020-11-30,12.63,12.74,13.02,12.63,226775,334583552.0,3.11,1.51,0.19,0.29
招商蛇口,2020-12-01,12.69,12.67,12.73,12.35,224067,324144704.0,2.98,-0.55,-0.07,0.28
招商蛇口,2020-12-02,12.83,12.66,12.91,12.66,214431,315104512.0,1.97,-0.08,-0.01,0.27
招商蛇口,2020-12-03,12.73,12.51,12.77,12.44,203230,294007824.0,2.61,-1.18,-0.15,0.26
招商蛇口,2020-12-04,12.52,12.19,12.55,12.07,284780,403216384.0,3.84,-2.56,-0.32,0.36
招商蛇口,2020-12-07,12.2,11.95,12.26,11.92,183673,255656601.0,2.79,-1.97,-0.24,0.23
招商蛇口,2020-12-08,11.95,11.9,12.01,11.83,127853,176485681.0,1.51,-0.42,-0.05,0.16
招商蛇口,2020-12-09,11.93,11.8,11.96,11.78,120204,165667268.0,1.51,-0.84,-0.1,0.15
招商蛇口,2020-12-10,11.79,11.82,11.89,11.78,90266,123994834.0,0.93,0.17,0.02,0.11
招商蛇口,2020-12-11,11.83,11.5,11.84,11.4,198011,265698304.0,3.72,-2.71,-0.32,0.25
招商蛇口,2020-12-14,11.5,11.6,11.7,11.39,107404,145027864.0,2.7,0.87,0.1,0.14
招商蛇口,2020-12-15,11.6,11.54,11.6,11.45,65321,87781055.0,1.29,-0.52,-0.06,0.08
招商蛇口,2020-12-16,11.56,11.62,11.71,11.48,80708,109121919.0,1.99,0.69,0.08,0.1
招商蛇口,2020-12-17,11.61,11.65,11.67,11.45,85201,114979714.0,1.89,0.26,0.03,0.11
招商蛇口,2020-12-18,11.64,11.55,11.73,11.55,70292,95240443.0,1.55,-0.86,-0.1,0.09
招商蛇口,2020-12-21,11.53,11.38,11.55,11.26,111989,148968240.0,2.51,-1.47,-0.17,0.14
招商蛇口,2020-12-22,11.36,11.31,11.57,11.26,99456,132235825.0,2.72,-0.62,-0.07,0.13
招商蛇口,2020-12-23,11.43,11.25,11.43,11.19,83049,109389672.0,2.12,-0.53,-0.06,0.1
招商蛇口,2020-12-24,11.23,11.14,11.3,11.08,72042,94112551.0,1.96,-0.98,-0.11,0.09
招商蛇口,2020-12-25,11.13,11.06,11.13,10.9,78915,102070149.0,2.06,-0.72,-0.08,0.1
招商蛇口,2020-12-28,11.03,10.79,11.03,10.77,103845,133000104.0,2.35,-2.44,-0.27,0.13
招商蛇口,2020-12-29,10.79,11.15,11.18,10.74,120467,156295830.0,4.08,3.34,0.36,0.15
招商蛇口,2020-12-30,11.06,11.06,11.2,11.03,61482,80033925.0,1.52,-0.81,-0.09,0.08
招商蛇口,2020-12-31,11.06,11.37,11.41,11.0,108866,143635916.0,3.71,2.8,0.31,0.14
招商蛇口,2021-01-04,11.23,11.01,11.27,10.94,164494,213082327.0,2.9,-3.17,-0.36,0.21
招商蛇口,2021-01-05,10.98,11.02,11.02,10.68,159518,203133636.0,3.09,0.09,0.01,0.2
招商蛇口,2021-01-06,10.89,11.03,11.17,10.87,131576,170451414.0,2.72,0.09,0.01,0.17
招商蛇口,2021-01-07,11.04,11.09,11.24,10.93,128476,166462618.0,2.81,0.54,0.06,0.16
招商蛇口,2021-01-08,10.96,11.35,11.49,10.95,180035,237568500.0,4.87,2.34,0.26,0.23
招商蛇口,2021-01-11,11.35,11.33,11.56,11.16,166241,220835980.0,3.52,-0.18,-0.02,0.21
招商蛇口,2021-01-12,11.33,11.2,11.42,11.01,134400,175388083.0,3.62,-1.15,-0.13,0.17
招商蛇口,2021-01-13,11.17,11.03,11.2,10.92,165229,214028204.0,2.5,-1.52,-0.17,0.21
招商蛇口,2021-01-14,10.98,11.28,11.43,10.98,143650,189232121.0,4.08,2.27,0.25,0.18
招商蛇口,2021-01-15,11.28,11.3,11.51,11.18,140709,186959192.0,2.93,0.18,0.02,0.18
招商蛇口,2021-01-18,11.31,11.39,11.47,11.19,142271,188325564.0,2.48,0.8,0.09,0.18
招商蛇口,2021-01-19,11.33,11.73,11.93,11.23,291373,394808320.0,6.15,2.99,0.34,0.37
招商蛇口,2021-01-20,11.67,11.38,11.73,11.31,181612,242543144.0,3.58,-2.98,-0.35,0.23
招商蛇口,2021-01-21,11.34,11.23,11.41,11.17,139925,184235108.0,2.11,-1.32,-0.15,0.18
招商蛇口,2021-01-22,11.26,10.89,11.26,10.88,149682,193323640.0,3.38,-3.03,-0.34,0.19
招商蛇口,2021-01-25,10.83,10.71,10.85,10.65,134998,170598713.0,1.84,-1.65,-0.18,0.17
招商蛇口,2021-01-26,10.7,10.46,10.83,10.33,135485,169737732.0,4.67,-2.33,-0.25,0.17
招商蛇口,2021-01-27,10.39,10.35,10.61,10.25,140562,173373151.0,3.44,-1.05,-0.11,0.18
招商蛇口,2021-01-28,10.25,10.01,10.34,9.97,157079,188641987.0,3.57,-3.29,-0.34,0.2
招商蛇口,2021-01-29,10.01,9.9,10.11,9.9,101830,121343731.0,2.1,-1.1,-0.11,0.13
招商蛇口,2021-02-01,9.92,9.96,10.05,9.74,110163,130006179.0,3.13,0.61,0.06,0.14
招商蛇口,2021-02-02,10.03,9.9,10.24,9.83,138053,164932956.0,4.12,-0.6,-0.06,0.17
招商蛇口,2021-02-03,9.93,9.72,9.94,9.58,121457,141527696.0,3.64,-1.82,-0.18,0.15
招商蛇口,2021-02-04,9.68,9.78,9.85,9.5,119987,139443627.0,3.6,0.62,0.06,0.15
招商蛇口,2021-02-05,9.79,9.93,10.05,9.79,101222,119971565.0,2.66,1.53,0.15,0.13
招商蛇口,2021-02-08,9.91,9.84,10.06,9.8,99861,118223957.0,2.62,-0.91,-0.09,0.13
招商蛇口,2021-02-09,9.85,9.91,9.92,9.59,89617,104562155.0,3.35,0.71,0.07,0.11
招商蛇口,2021-02-10,9.85,9.86,9.99,9.7,107840,126507240.0,2.93,-0.5,-0.05,0.14
招商蛇口,2021-02-18,9.99,10.22,10.33,9.99,142709,172641310.0,3.45,3.65,0.36,0.18
招商蛇口,2021-02-19,10.16,10.55,10.58,10.13,169603,209579602.0,4.4,3.23,0.33,0.21
招商蛇口,2021-02-22,10.62,10.82,11.0,10.58,191268,243608947.0,3.98,2.56,0.27,0.24
招商蛇口,2021-02-23,10.76,10.59,10.83,10.54,131691,165917496.0,2.68,-2.13,-0.23,0.17
招商蛇口,2021-02-24,10.65,10.69,10.85,10.58,151641,191266858.0,2.55,0.94,0.1,0.19
招商蛇口,2021-02-25,10.63,11.58,11.95,10.62,705340,954136256.0,12.44,8.33,0.89,0.89
招商蛇口,2021-02-26,11.39,10.94,11.43,10.93,359274,467834816.0,4.32,-5.53,-0.64,0.45
招商蛇口,2021-03-01,10.93,11.13,11.34,10.8,203309,264390226.0,4.94,1.74,0.19,0.26
招商蛇口,2021-03-02,11.11,11.01,11.36,10.93,146260,190394193.0,3.86,-1.08,-0.12,0.18
招商蛇口,2021-03-03,10.88,10.99,11.16,10.88,116001,149806641.0,2.54,-0.18,-0.02,0.15
招商蛇口,2021-03-04,10.94,10.89,11.17,10.86,106828,137713867.0,2.82,-0.91,-0.1,0.13
招商蛇口,2021-03-05,10.8,10.8,10.97,10.65,106765,135545144.0,2.94,-0.83,-0.09,0.13
招商蛇口,2021-03-08,10.84,10.66,10.93,10.66,92671,117684178.0,2.5,-1.3,-0.14,0.12
招商蛇口,2021-03-09,10.66,10.61,10.91,10.54,122239,154323104.0,3.47,-0.47,-0.05,0.15
招商蛇口,2021-03-10,10.69,10.61,10.82,10.57,80169,100926084.0,2.36,0.0,0.0,0.1
招商蛇口,2021-03-11,10.73,10.63,10.76,10.59,90501,113770442.0,1.6,0.19,0.02,0.11
招商蛇口,2021-03-12,10.6,10.72,10.91,10.5,127212,160225251.0,3.86,0.85,0.09,0.16
招商蛇口,2021-03-15,10.7,10.6,10.76,10.52,111591,140133204.0,2.24,-1.12,-0.12,0.14
招商蛇口,2021-03-16,10.6,10.98,11.03,10.54,188868,240846099.0,4.62,3.58,0.38,0.24
招商蛇口,2021-03-17,10.89,10.79,11.03,10.73,135370,172682485.0,2.73,-1.73,-0.19,0.17
招商蛇口,2021-03-18,10.74,10.62,10.83,10.61,109447,138219551.0,2.04,-1.58,-0.17,0.14
招商蛇口,2021-03-19,10.58,10.42,10.62,10.25,164643,203112264.0,3.48,-1.88,-0.2,0.21
招商蛇口,2021-03-22,10.28,10.77,10.85,10.27,163838,205677832.0,5.57,3.36,0.35,0.21
招商蛇口,2021-03-23,10.88,10.78,11.0,10.71,161914,206848930.0,2.69,0.09,0.01,0.2
招商蛇口,2021-03-24,10.73,10.69,10.88,10.66,115169,145870864.0,2.04,-0.83,-0.09,0.15
招商蛇口,2021-03-25,10.77,10.65,10.8,10.6,103265,130116637.0,1.87,-0.37,-0.04,0.13
招商蛇口,2021-03-26,10.68,10.61,10.73,10.57,104022,130634566.0,1.5,-0.38,-0.04,0.13
招商蛇口,2021-03-29,10.59,10.58,10.63,10.41,96956,120733302.0,2.07,-0.28,-0.03,0.12
招商蛇口,2021-03-30,10.49,10.35,10.58,10.33,124868,153792696.0,2.36,-2.17,-0.23,0.16
招商蛇口,2021-03-31,10.33,10.35,10.39,10.25,104776,128139173.0,1.35,0.0,0.0,0.13
招商蛇口,2021-04-01,10.42,10.35,10.45,10.3,70586,86641942.0,1.45,0.0,0.0,0.09
招商蛇口,2021-04-02,10.33,10.39,10.55,10.32,86850,107246527.0,2.22,0.39,0.04,0.11
招商蛇口,2021-04-06,10.43,10.34,10.46,10.33,68964,84685684.0,1.25,-0.48,-0.05,0.09
招商蛇口,2021-04-07,10.34,10.38,10.46,10.29,100152,123152457.0,1.64,0.39,0.04,0.13
招商蛇口,2021-04-08,10.36,10.14,10.39,10.14,130924,159278194.0,2.41,-2.31,-0.24,0.17
招商蛇口,2021-04-09,10.19,10.18,10.22,10.13,59631,72071716.0,0.89,0.39,0.04,0.08
招商蛇口,2021-04-12,10.18,10.16,10.24,10.12,80600,97577674.0,1.18,-0.2,-0.02,0.1
招商蛇口,2021-04-13,10.25,10.03,10.25,9.96,101101,121201004.0,2.85,-1.28,-0.13,0.13
招商蛇口,2021-04-14,10.0,10.07,10.13,9.99,67812,81301404.0,1.4,0.4,0.04,0.09
招商蛇口,2021-04-15,10.01,10.09,10.1,9.96,76424,91376383.0,1.39,0.2,0.02,0.1
招商蛇口,2021-04-16,10.09,10.26,10.28,10.04,82922,100546821.0,2.38,1.68,0.17,0.1
招商蛇口,2021-04-19,10.27,10.32,10.35,10.16,85064,103782354.0,1.85,0.58,0.06,0.11
招商蛇口,2021-04-20,10.24,10.13,10.26,10.07,119647,144449990.0,1.84,-1.84,-0.19,0.15
招商蛇口,2021-04-21,10.13,10.11,10.2,10.02,73683,88738103.0,1.78,-0.2,-0.02,0.09
招商蛇口,2021-04-22,10.16,10.1,10.3,10.09,96278,116230154.0,2.08,-0.1,-0.01,0.12
招商蛇口,2021-04-23,10.1,9.96,10.1,9.94,98977,117962148.0,1.58,-1.39,-0.14,0.12
招商蛇口,2021-04-26,9.96,9.79,10.01,9.79,82900,97890401.0,2.21,-1.71,-0.17,0.1
招商蛇口,2021-04-27,9.77,9.75,9.87,9.73,68797,80620964.0,1.43,-0.41,-0.04,0.09
招商蛇口,2021-04-28,9.8,9.79,9.82,9.73,61586,71969611.0,0.92,0.41,0.04,0.08
招商蛇口,2021-04-29,9.79,9.82,9.9,9.76,57727,67823200.0,1.43,0.31,0.03,0.07
招商蛇口,2021-04-30,9.79,9.7,9.86,9.59,114376,133023544.0,2.75,-1.22,-0.12,0.14
招商蛇口,2021-05-06,9.68,9.69,9.88,9.64,91106,106603056.0,2.47,-0.1,-0.01,0.12
招商蛇口,2021-05-07,9.69,9.67,9.77,9.65,105266,122349319.0,1.24,-0.21,-0.02,0.13
招商蛇口,2021-05-10,9.71,9.68,9.72,9.53,85052,98290343.0,1.96,0.1,0.01,0.11
招商蛇口,2021-05-11,9.66,9.71,9.82,9.59,82767,96166671.0,2.38,0.31,0.03,0.1
招商蛇口,2021-05-12,9.72,9.62,9.75,9.59,101232,116968164.0,1.65,-0.93,-0.09,0.13
招商蛇口,2021-05-13,9.6,9.63,9.73,9.57,106273,123018078.0,1.66,0.1,0.01,0.13
招商蛇口,2021-05-14,9.63,9.8,9.82,9.63,100387,116903325.0,1.97,1.77,0.17,0.13
招商蛇口,2021-05-17,9.79,9.93,10.02,9.76,121232,143578099.0,2.65,1.33,0.13,0.15
招商蛇口,2021-05-18,9.89,9.88,9.96,9.83,84434,99694340.0,1.31,-0.5,-0.05,0.11
招商蛇口,2021-05-19,9.87,9.76,9.88,9.69,73955,86380002.0,1.92,-1.21,-0.12,0.09
招商蛇口,2021-05-20,9.69,9.57,9.74,9.54,173412,199792353.0,2.05,-1.95,-0.19,0.22
招商蛇口,2021-05-21,9.59,9.5,9.63,9.49,98595,113059009.0,1.46,-0.73,-0.07,0.12
招商蛇口,2021-05-24,9.5,9.51,9.57,9.38,117042,133330484.0,2.0,0.11,0.01,0.15
招商蛇口,2021-05-25,9.53,9.76,9.8,9.46,171347,199008531.0,3.58,2.63,0.25,0.22
招商蛇口,2021-05-26,9.8,9.96,10.06,9.78,193560,229837347.0,2.87,2.05,0.2,0.24
招商蛇口,2021-05-27,9.98,9.99,9.99,9.85,177432,210040198.0,1.41,0.3,0.03,0.22
招商蛇口,2021-05-28,9.9,9.76,9.98,9.73,140315,164417434.0,2.5,-2.3,-0.23,0.18
招商蛇口,2021-05-31,9.76,9.68,9.78,9.61,90466,104745417.0,1.74,-0.82,-0.08,0.11
招商蛇口,2021-06-01,9.66,9.66,9.75,9.61,104936,121366382.0,1.45,-0.21,-0.02,0.13
招商蛇口,2021-06-02,9.66,9.64,9.7,9.56,141188,162940425.0,1.45,-0.21,-0.02,0.18
招商蛇口,2021-06-03,9.64,9.54,9.76,9.54,159685,184352659.0,2.28,-1.04,-0.1,0.2
招商蛇口,2021-06-04,9.58,9.51,9.61,9.48,127304,145694238.0,1.36,-0.31,-0.03,0.16
招商蛇口,2021-06-07,9.5,9.39,9.5,9.39,140764,159755835.0,1.16,-1.26,-0.12,0.18
招商蛇口,2021-06-08,9.41,9.4,9.46,9.37,141191,159725786.0,0.96,0.11,0.01,0.18
招商蛇口,2021-06-09,9.41,9.39,9.46,9.36,120679,136607103.0,1.06,-0.11,-0.01,0.15
招商蛇口,2021-06-10,9.38,9.29,9.39,9.29,150683,169440489.0,1.06,-1.06,-0.1,0.19
招商蛇口,2021-06-11,9.3,9.29,9.34,9.22,181571,203337492.0,1.29,0.0,0.0,0.23
招商蛇口,2021-06-15,9.3,9.04,9.31,8.99,202534,222843483.0,3.44,-2.69,-0.25,0.26
招商蛇口,2021-06-16,9.05,9.13,9.2,9.03,155935,172165846.0,1.88,1.0,0.09,0.2
招商蛇口,2021-06-17,9.08,9.18,9.21,9.02,167150,185218189.0,2.08,0.55,0.05,0.21
招商蛇口,2021-06-18,9.18,8.96,9.19,8.94,162628,177714228.0,2.72,-2.4,-0.22,0.21
招商蛇口,2021-06-21,8.95,9.12,9.14,8.88,176841,193007926.0,2.9,1.79,0.16,0.22
招商蛇口,2021-06-22,9.11,9.11,9.21,9.05,105731,116437698.0,1.75,-0.11,-0.01,0.13
招商蛇口,2021-06-23,9.09,9.04,9.14,9.02,92907,101883879.0,1.32,-0.77,-0.07,0.12
招商蛇口,2021-06-24,9.04,9.02,9.09,8.98,86490,94774178.0,1.22,-0.22,-0.02,0.11
招商蛇口,2021-06-25,9.03,9.1,9.1,9.0,88599,97375557.0,1.11,0.89,0.08,0.11
招商蛇口,2021-06-28,9.1,9.07,9.13,9.02,102656,112712442.0,1.21,-0.33,-0.03,0.13
招商蛇口,2021-06-29,9.1,9.02,9.2,9.0,171337,188891129.0,2.21,-0.55,-0.05,0.22
招商蛇口,2021-06-30,9.03,9.03,9.11,8.97,103640,113467412.0,1.55,0.11,0.01,0.13
招商蛇口,2021-07-01,9.26,9.54,9.68,9.21,407322,464672720.0,5.2,5.65,0.51,0.51
招商蛇口,2021-07-02,9.54,9.4,9.71,9.34,313877,358407376.0,3.88,-1.47,-0.14,0.4
招商蛇口,2021-07-05,9.44,9.28,9.48,9.18,204182,229170579.0,3.19,-1.28,-0.12,0.26
招商蛇口,2021-07-06,9.31,9.73,9.82,9.25,462624,533812384.0,6.14,4.85,0.45,0.58
招商蛇口,2021-07-07,9.75,9.54,9.84,9.47,292944,337265232.0,3.8,-1.95,-0.19,0.37
招商蛇口,2021-07-08,9.52,9.33,9.57,9.24,310860,349523120.0,3.46,-2.2,-0.21,0.39
招商蛇口,2021-07-09,9.29,9.37,9.43,9.24,206837,232977075.0,2.04,0.43,0.04,0.26
招商蛇口,2021-07-12,9.44,9.17,9.5,9.12,313191,349919424.0,4.06,-2.13,-0.2,0.4
招商蛇口,2021-07-13,9.19,9.18,9.29,9.14,173082,192458722.0,1.64,0.11,0.01,0.22
招商蛇口,2021-07-14,9.18,9.09,9.22,9.05,201097,221882223.0,1.85,-0.98,-0.09,0.25
招商蛇口,2021-07-15,9.09,9.15,9.18,9.04,162073,179087137.0,1.54,0.66,0.06,0.2
招商蛇口,2021-07-16,9.11,9.23,9.24,9.06,221164,244880252.0,1.97,0.87,0.08,0.28
招商蛇口,2021-07-19,9.21,9.15,9.23,9.09,183665,203120498.0,1.52,-0.87,-0.08,0.23
招商蛇口,2021-07-20,9.1,9.1,9.15,8.98,141464,155107559.0,1.86,-0.55,-0.05,0.18
招商蛇口,2021-07-21,9.13,9.12,9.2,9.1,133185,147214326.0,1.1,0.22,0.02,0.17
招商蛇口,2021-07-22,9.13,9.28,9.28,9.05,204968,227731106.0,2.52,1.75,0.16,0.26
招商蛇口,2021-07-23,9.28,9.12,9.28,9.1,163532,180909418.0,1.94,-1.72,-0.16,0.21
招商蛇口,2021-07-26,9.09,8.96,9.09,8.89,210952,228960277.0,2.19,-1.75,-0.16,0.27
招商蛇口,2021-07-27,8.93,8.54,9.0,8.49,329008,346823152.0,5.69,-4.69,-0.42,0.42
招商蛇口,2021-07-28,8.53,8.38,8.57,8.35,263441,255947960.0,2.58,-1.87,-0.16,0.33
招商蛇口,2021-07-29,8.42,8.24,8.47,8.22,197707,189445418.0,2.98,-1.67,-0.14,0.25
招商蛇口,2021-07-30,8.2,8.08,8.22,8.0,159335,149476606.0,2.67,-1.94,-0.16,0.2
招商蛇口,2021-08-02,8.03,8.13,8.2,7.74,258802,239113513.0,5.69,0.62,0.05,0.33
招商蛇口,2021-08-03,8.04,8.05,8.19,8.01,190181,178239568.0,2.21,-0.98,-0.08,0.24
招商蛇口,2021-08-04,8.06,7.9,8.06,7.88,168148,154813488.0,2.24,-1.86,-0.15,0.21
招商蛇口,2021-08-05,8.04,8.11,8.31,7.98,231245,217962586.0,4.18,2.66,0.21,0.29
招商蛇口,2021-08-06,7.98,7.99,8.05,7.89,218331,202204853.0,1.97,-1.48,-0.12,0.28
招商蛇口,2021-08-09,8.01,8.34,8.56,7.96,357550,344263504.0,7.51,4.38,0.35,0.45
招商蛇口,2021-08-10,8.33,8.37,8.44,8.2,167144,160205160.0,2.88,0.36,0.03,0.21
招商蛇口,2021-08-11,8.53,8.93,9.11,8.53,587965,601277088.0,6.93,6.69,0.56,0.74
招商蛇口,2021-08-12,8.93,8.72,8.98,8.67,249664,250807698.0,3.47,-2.35,-0.21,0.32
招商蛇口,2021-08-13,8.67,8.7,8.76,8.58,134142,133471306.0,2.06,-0.23,-0.02,0.17
招商蛇口,2021-08-16,8.7,8.95,9.04,8.67,264385,270095008.0,4.25,2.87,0.25,0.33
招商蛇口,2021-08-17,8.9,8.94,9.16,8.84,251687,258993885.0,3.58,-0.11,-0.01,0.32
招商蛇口,2021-08-18,8.89,9.03,9.1,8.74,210856,214961192.0,4.03,1.01,0.09,0.27
招商蛇口,2021-08-19,8.95,8.71,8.99,8.64,200029,200953539.0,3.88,-3.54,-0.32,0.25
招商蛇口,2021-08-20,8.71,8.76,8.84,8.64,183182,183485168.0,2.3,0.57,0.05,0.23
招商蛇口,2021-08-23,8.79,8.8,8.9,8.74,122027,123124420.0,1.83,0.46,0.04,0.15
招商蛇口,2021-08-24,8.82,9.12,9.16,8.8,352091,363853888.0,4.09,3.64,0.32,0.44
招商蛇口,2021-08-25,9.13,8.95,9.18,8.88,220993,227351661.0,3.29,-1.86,-0.17,0.28
招商蛇口,2021-08-26,8.9,8.81,8.99,8.75,202294,204635047.0,2.68,-1.56,-0.14,0.26
招商蛇口,2021-08-27,8.74,8.76,8.78,8.68,138261,138256202.0,1.14,-0.57,-0.05,0.17
招商蛇口,2021-08-30,8.74,8.51,8.74,8.33,288737,282562864.0,4.68,-2.85,-0.25,0.36
招商蛇口,2021-08-31,8.46,8.68,8.79,8.44,403489,399883856.0,4.11,2.0,0.17,0.51
招商蛇口,2021-09-01,8.59,9.12,9.22,8.56,513873,532371472.0,7.6,5.07,0.44,0.65
招商蛇口,2021-09-02,9.09,9.15,9.25,9.05,281338,293413872.0,2.19,0.33,0.03,0.36
招商蛇口,2021-09-03,9.07,9.2,9.24,8.95,256805,267448786.0,3.17,0.55,0.05,0.32
招商蛇口,2021-09-06,9.28,9.08,9.36,9.04,293911,305762816.0,3.48,-1.3,-0.12,0.37
招商蛇口,2021-09-07,9.52,9.36,9.7,9.18,647709,690048832.0,5.73,3.08,0.28,0.82
招商蛇口,2021-09-08,9.32,9.18,9.32,9.11,295094,309540304.0,2.24,-1.92,-0.18,0.37
招商蛇口,2021-09-09,9.15,9.16,9.2,9.02,230164,239078697.0,1.96,-0.22,-0.02,0.29
招商蛇口,2021-09-10,9.12,9.14,9.42,9.12,292446,308075696.0,3.28,-0.22,-0.02,0.37
招商蛇口,2021-09-13,9.14,9.46,9.61,9.03,433506,464789024.0,6.35,3.5,0.32,0.55
招商蛇口,2021-09-14,9.5,9.08,9.57,9.06,361138,380442688.0,5.39,-4.02,-0.38,0.46
招商蛇口,2021-09-15,9.04,9.43,9.43,8.92,501609,530908928.0,5.62,3.85,0.35,0.63
招商蛇口,2021-09-16,9.37,9.24,9.51,9.2,303571,322052256.0,3.29,-2.01,-0.19,0.38
招商蛇口,2021-09-17,9.17,9.43,9.62,9.17,429293,460950784.0,4.87,2.06,0.19,0.54
招商蛇口,2021-09-22,9.23,10.5,10.5,9.2,1169072,1349120112.0,13.79,11.35,1.07,1.48
招商蛇口,2021-09-23,10.72,11.08,11.58,10.72,1569454,1946299472.0,8.19,5.52,0.58,1.98
招商蛇口,2021-09-24,11.06,10.99,11.38,10.78,798246,985260208.0,5.42,-0.81,-0.09,1.01
招商蛇口,2021-09-27,10.87,10.8,11.24,10.25,743897,894769328.0,9.01,-1.73,-0.19,0.94
招商蛇口,2021-09-28,11.02,11.59,11.87,11.02,749571,959912432.0,7.87,7.31,0.79,0.95
招商蛇口,2021-09-29,11.59,11.6,11.9,11.32,726720,938027952.0,5.0,0.09,0.01,0.92
招商蛇口,2021-09-30,11.74,11.66,12.32,11.41,760168,999255184.0,7.84,0.52,0.06,0.96
招商蛇口,2021-10-08,11.93,11.65,12.02,11.42,535382,694156192.0,5.15,-0.09,-0.01,0.68
招商蛇口,2021-10-11,11.62,11.55,12.13,11.51,534026,695579168.0,5.32,-0.86,-0.1,0.67
招商蛇口,2021-10-12,11.58,11.54,12.11,11.42,666725,871228880.0,5.97,-0.09,-0.01,0.84
招商蛇口,2021-10-13,11.52,11.5,11.8,11.09,642543,818171792.0,6.15,-0.35,-0.04,0.81
招商蛇口,2021-10-14,11.55,10.84,11.62,10.68,566000,694557872.0,8.17,-5.74,-0.66,0.71
招商蛇口,2021-10-15,10.89,10.76,11.12,10.67,412829,500130800.0,4.15,-0.74,-0.08,0.52
招商蛇口,2021-10-18,10.64,10.69,10.78,10.35,490346,581354368.0,4.0,-0.65,-0.07,0.62
招商蛇口,2021-10-19,10.65,10.61,10.85,10.3,358797,424227168.0,5.14,-0.75,-0.08,0.45
招商蛇口,2021-10-20,10.53,10.44,10.72,10.36,309098,363060400.0,3.39,-1.6,-0.17,0.39
招商蛇口,2021-10-21,10.61,10.66,10.83,10.34,474608,566210240.0,4.69,2.11,0.22,0.6
招商蛇口,2021-10-22,10.81,10.47,11.23,10.38,658091,789534512.0,7.97,-1.78,-0.19,0.83
招商蛇口,2021-10-25,9.96,10.2,10.62,9.87,559524,643171664.0,7.16,-2.58,-0.27,0.71
招商蛇口,2021-10-26,10.38,10.01,10.38,9.95,319032,362134656.0,4.22,-1.86,-0.19,0.4
招商蛇口,2021-10-27,10.07,9.92,10.11,9.77,288283,322617104.0,3.4,-0.9,-0.09,0.36
招商蛇口,2021-10-28,9.82,9.68,9.92,9.61,362208,398676944.0,3.13,-2.42,-0.24,0.46
招商蛇口,2021-10-29,9.68,9.15,9.72,9.05,745635,783012704.0,6.92,-5.48,-0.53,0.94
招商蛇口,2021-11-01,9.14,8.76,9.14,8.71,600265,607727792.0,4.7,-4.26,-0.39,0.76
招商蛇口,2021-11-02,8.87,8.37,8.87,8.27,708061,694065840.0,6.85,-4.45,-0.39,0.89
招商蛇口,2021-11-03,8.39,8.56,8.69,8.21,489811,480653040.0,5.73,2.27,0.19,0.62
招商蛇口,2021-11-04,8.55,8.4,8.55,8.32,348273,336944736.0,2.69,-1.87,-0.16,0.44
招商蛇口,2021-11-05,8.42,8.23,8.44,8.19,383327,365214656.0,2.98,-2.02,-0.17,0.48
招商蛇口,2021-11-08,8.26,8.14,8.32,8.12,320293,303839856.0,2.43,-1.09,-0.09,0.4
招商蛇口,2021-11-09,8.14,8.14,8.24,8.08,312445,294605664.0,1.97,0.0,0.0,0.39
招商蛇口,2021-11-10,8.19,8.6,8.66,8.07,922331,892531280.0,7.25,5.65,0.46,1.16
招商蛇口,2021-11-11,8.68,9.59,9.59,8.64,956987,1014427776.0,11.05,11.51,0.99,1.21
招商蛇口,2021-11-12,9.81,9.87,10.15,9.39,1541740,1711920560.0,7.92,2.92,0.28,1.95
招商蛇口,2021-11-15,9.79,9.66,9.85,9.38,596847,647630416.0,4.76,-2.13,-0.21,0.75
招商蛇口,2021-11-16,9.5,9.69,9.86,9.49,422120,464454384.0,3.83,0.31,0.03,0.53
招商蛇口,2021-11-17,9.66,9.69,9.8,9.54,286769,313818608.0,2.68,0.0,0.0,0.36
招商蛇口,2021-11-18,9.73,9.54,9.87,9.47,323066,352232448.0,4.13,-1.55,-0.15,0.41
招商蛇口,2021-11-19,9.51,10.23,10.62,9.47,1113464,1275147696.0,12.05,7.23,0.69,1.41
招商蛇口,2021-11-22,10.12,9.82,10.12,9.72,442383,492351136.0,3.91,-4.01,-0.41,0.56
招商蛇口,2021-11-23,9.82,10.13,10.37,9.75,418780,476122112.0,6.31,3.16,0.31,0.53
招商蛇口,2021-11-24,10.09,10.8,10.92,10.04,789893,949051888.0,8.69,6.61,0.67,1.0
招商蛇口,2021-11-25,10.78,10.63,10.92,10.55,234160,279398192.0,3.43,-1.57,-0.17,0.3
招商蛇口,2021-11-26,10.59,10.62,10.87,10.27,367379,434037184.0,5.64,-0.09,-0.01,0.46
招商蛇口,2021-11-29,10.37,10.37,10.58,10.3,257291,301171168.0,2.64,-2.35,-0.25,0.32
招商蛇口,2021-11-30,10.32,10.17,10.45,10.02,417337,478054800.0,4.15,-1.93,-0.2,0.53
招商蛇口,2021-12-01,10.12,10.77,10.84,10.12,541353,645507152.0,7.08,5.9,0.6,0.68
招商蛇口,2021-12-02,10.6,10.92,11.09,10.55,469778,569104864.0,5.01,1.39,0.15,0.59
招商蛇口,2021-12-03,10.79,11.11,11.27,10.77,392844,485628640.0,4.58,1.74,0.19,0.5
招商蛇口,2021-12-06,11.57,11.25,12.12,11.23,828365,1061010032.0,8.01,1.26,0.14,1.05
招商蛇口,2021-12-07,11.71,11.25,11.98,11.18,591942,761125344.0,7.11,0.0,0.0,0.75
招商蛇口,2021-12-08,11.33,11.5,11.54,10.81,506027,630710736.0,6.49,2.22,0.25,0.64
招商蛇口,2021-12-09,11.52,11.79,12.0,11.47,545123,709954672.0,4.61,2.52,0.29,0.69
招商蛇口,2021-12-10,11.62,11.34,11.73,11.27,373685,475793744.0,3.9,-3.82,-0.45,0.47
招商蛇口,2021-12-13,11.33,11.26,11.5,11.14,420003,529199216.0,3.17,-0.71,-0.08,0.53
招商蛇口,2021-12-14,11.05,11.14,11.22,10.78,431553,529680640.0,3.91,-1.07,-0.12,0.54
招商蛇口,2021-12-15,11.07,11.24,11.56,11.02,275081,346833648.0,4.85,0.9,0.1,0.35
招商蛇口,2021-12-16,11.15,11.26,11.33,10.96,243328,304085200.0,3.29,0.18,0.02,0.31
招商蛇口,2021-12-17,11.36,11.23,11.49,11.06,268575,337412048.0,3.82,-0.27,-0.03,0.34
招商蛇口,2021-12-20,11.32,11.4,11.69,11.2,394473,503455248.0,4.36,1.51,0.17,0.5
招商蛇口,2021-12-21,11.44,11.84,11.97,11.44,530351,694199984.0,4.65,3.86,0.44,0.67
招商蛇口,2021-12-22,11.77,11.72,11.92,11.52,403755,525261712.0,3.38,-1.01,-0.12,0.51
招商蛇口,2021-12-23,11.77,11.53,11.87,11.42,257947,331465008.0,3.84,-1.62,-0.19,0.33
招商蛇口,2021-12-24,11.48,11.71,11.87,11.24,290546,373959824.0,5.46,1.56,0.18,0.37
招商蛇口,2021-12-27,11.67,11.9,12.27,11.67,375236,499211328.0,5.12,1.62,0.19,0.47
招商蛇口,2021-12-28,11.79,11.89,11.97,11.47,367506,478478592.0,4.2,-0.08,-0.01,0.46
招商蛇口,2021-12-29,11.89,11.71,11.96,11.64,199232,260089685.0,2.69,-1.51,-0.18,0.25
招商蛇口,2021-12-30,11.68,11.67,11.8,11.52,205862,266508243.0,2.39,-0.34,-0.04,0.26
招商蛇口,2021-12-31,11.47,12.06,12.27,11.47,386980,514872624.0,6.86,3.34,0.39,0.49
招商蛇口,2022-01-04,11.97,12.07,12.23,11.83,278375,370676224.0,3.32,0.08,0.01,0.35
招商蛇口,2022-01-05,12.07,12.2,12.81,12.03,526406,718920288.0,6.46,1.08,0.13,0.66
招商蛇口,2022-01-06,12.06,12.11,12.3,11.86,350968,467726928.0,3.61,-0.74,-0.09,0.44
招商蛇口,2022-01-07,12.02,12.84,12.98,12.02,540123,757829360.0,7.93,6.03,0.73,0.68
招商蛇口,2022-01-10,12.72,12.8,12.99,12.36,549177,767366624.0,4.91,-0.31,-0.04,0.69
招商蛇口,2022-01-11,12.76,13.07,13.75,12.72,710828,1030552176.0,8.05,2.11,0.27,0.9
招商蛇口,2022-01-12,12.9,12.74,12.9,12.31,391202,543319248.0,4.51,-2.52,-0.33,0.49
招商蛇口,2022-01-13,12.72,11.93,12.99,11.87,577428,782270048.0,8.79,-6.36,-0.81,0.73
招商蛇口,2022-01-14,11.93,11.56,11.94,11.35,638774,823417024.0,4.95,-3.1,-0.37,0.81
招商蛇口,2022-01-17,11.57,11.82,12.01,11.53,342372,449084864.0,4.15,2.25,0.26,0.43
招商蛇口,2022-01-18,11.77,12.48,12.82,11.76,431571,587572736.0,8.97,5.58,0.66,0.54
招商蛇口,2022-01-19,12.87,12.58,13.14,12.42,417200,584431600.0,5.77,0.8,0.1,0.53
招商蛇口,2022-01-20,12.83,12.52,13.1,12.42,500233,699282576.0,5.41,-0.48,-0.06,0.63
招商蛇口,2022-01-21,12.53,12.39,12.68,12.11,307763,417801600.0,4.55,-1.04,-0.13,0.39
招商蛇口,2022-01-24,12.46,12.67,12.75,12.01,290846,400283088.0,5.97,2.26,0.28,0.37
招商蛇口,2022-01-25,12.52,12.19,12.66,12.12,217285,297108944.0,4.26,-3.79,-0.48,0.27
招商蛇口,2022-01-26,12.5,12.12,12.5,11.89,226682,303701904.0,5.0,-0.57,-0.07,0.29
招商蛇口,2022-01-27,12.02,12.29,12.57,11.95,322117,438979120.0,5.12,1.4,0.17,0.41
招商蛇口,2022-01-28,12.33,12.27,12.56,12.09,268056,365133584.0,3.82,-0.16,-0.02,0.34
招商蛇口,2022-02-07,12.27,12.75,12.83,12.22,377778,522842016.0,4.97,3.91,0.48,0.48
招商蛇口,2022-02-08,12.72,12.66,12.91,12.56,235262,328487712.0,2.75,-0.71,-0.09,0.3
招商蛇口,2022-02-09,12.71,12.9,13.13,12.6,354735,506127168.0,4.19,1.9,0.24,0.45
招商蛇口,2022-02-10,12.75,12.98,13.13,12.32,324318,457595056.0,6.28,0.62,0.08,0.41
招商蛇口,2022-02-11,12.99,12.89,13.24,12.72,260597,373673856.0,4.01,-0.69,-0.09,0.33
招商蛇口,2022-02-14,12.71,12.56,12.83,11.99,496930,674607072.0,6.52,-2.56,-0.33,0.63
招商蛇口,2022-02-15,12.48,12.44,12.88,12.33,308825,425747872.0,4.38,-0.96,-0.12,0.39
招商蛇口,2022-02-16,12.48,12.52,12.77,12.16,210240,290577296.0,4.9,0.64,0.08,0.27
招商蛇口,2022-02-17,12.53,12.2,12.55,12.15,166707,226022820.0,3.19,-2.56,-0.32,0.21
招商蛇口,2022-02-18,12.2,12.97,13.0,12.14,427680,601161088.0,7.05,6.31,0.77,0.54
招商蛇口,2022-02-21,12.92,12.83,13.02,12.58,271685,382120720.0,3.39,-1.08,-0.14,0.34
招商蛇口,2022-02-22,12.75,12.9,13.07,12.49,267775,377297760.0,4.52,0.55,0.07,0.34
招商蛇口,2022-02-23,12.77,12.57,12.87,12.38,358544,494776704.0,3.8,-2.56,-0.33,0.45
招商蛇口,2022-02-24,12.42,12.54,12.72,12.17,438418,603087440.0,4.38,-0.24,-0.03,0.55
招商蛇口,2022-02-25,12.52,12.36,13.02,12.16,351299,481822144.0,6.86,-1.44,-0.18,0.44
招商蛇口,2022-02-28,12.19,12.27,12.38,12.0,318751,428866592.0,3.07,-0.73,-0.09,0.4
招商蛇口,2022-03-01,12.16,12.64,12.7,12.16,346602,476723504.0,4.4,3.02,0.37,0.44
招商蛇口,2022-03-02,12.69,12.77,13.02,12.5,311918,438561008.0,4.11,1.03,0.13,0.39
招商蛇口,2022-03-03,12.71,13.31,13.49,12.67,568584,825702064.0,6.42,4.23,0.54,0.72
招商蛇口,2022-03-04,13.31,13.3,13.47,13.04,264184,384049056.0,3.23,-0.08,-0.01,0.33
招商蛇口,2022-03-07,13.4,13.46,13.81,13.28,413754,614840976.0,3.98,1.2,0.16,0.52
招商蛇口,2022-03-08,13.34,13.32,13.63,13.22,298948,439766736.0,3.05,-1.04,-0.14,0.38
招商蛇口,2022-03-09,13.42,12.82,13.44,12.32,376738,534923872.0,8.41,-3.75,-0.5,0.48
招商蛇口,2022-03-10,13.11,12.68,13.12,12.65,334631,472563616.0,3.67,-1.09,-0.14,0.42
招商蛇口,2022-03-11,12.5,12.93,13.02,12.17,338895,475160544.0,6.7,1.97,0.25,0.43
招商蛇口,2022-03-14,12.93,12.91,13.72,12.72,352625,513128352.0,7.73,-0.15,-0.02,0.45
招商蛇口,2022-03-15,12.81,11.49,12.91,11.49,783065,1039428240.0,11.0,-11.0,-1.42,0.99
招商蛇口,2022-03-16,11.22,11.93,12.22,10.71,730874,933961200.0,13.14,3.83,0.44,0.92
招商蛇口,2022-03-17,12.3,12.11,12.5,11.91,508445,683792768.0,4.95,1.51,0.18,0.64
招商蛇口,2022-03-18,11.9,12.69,12.92,11.82,447118,609196672.0,9.08,4.79,0.58,0.56
招商蛇口,2022-03-21,12.39,12.23,12.55,11.87,401119,541782752.0,5.36,-3.62,-0.46,0.51
招商蛇口,2022-03-22,12.16,12.77,13.0,11.98,593210,831764160.0,8.34,4.42,0.54,0.75
招商蛇口,2022-03-23,12.66,13.27,13.72,12.58,567682,821327536.0,8.93,3.92,0.5,0.72
招商蛇口,2022-03-24,13.0,13.14,13.38,12.97,323681,467482320.0,3.09,-0.98,-0.13,0.41
招商蛇口,2022-03-25,13.14,13.0,13.4,12.83,229223,328462368.0,4.34,-1.07,-0.14,0.29
招商蛇口,2022-03-28,12.98,13.38,13.72,12.92,280671,410794752.0,6.15,2.92,0.38,0.35
招商蛇口,2022-03-29,13.31,13.23,13.48,13.0,231925,337102528.0,3.59,-1.12,-0.15,0.29
招商蛇口,2022-03-30,13.28,13.76,14.08,13.25,534451,801028064.0,6.27,4.01,0.53,0.67
招商蛇口,2022-03-31,13.7,13.88,14.22,13.62,473699,721033792.0,4.36,0.87,0.12,0.6
招商蛇口,2022-04-01,13.74,14.21,14.32,13.47,610297,928517136.0,6.12,2.38,0.33,0.77
招商蛇口,2022-04-06,14.71,15.0,15.3,14.16,823812,1328091200.0,8.02,5.56,0.79,1.04
招商蛇口,2022-04-07,14.52,14.39,14.97,14.27,477436,756882640.0,4.67,-4.07,-0.61,0.6
招商蛇口,2022-04-08,14.51,15.0,15.31,13.9,536561,855224512.0,9.8,4.24,0.61,0.68
招商蛇口,2022-04-11,14.72,14.99,15.22,14.33,552331,894816624.0,5.93,-0.07,-0.01,0.7
招商蛇口,2022-04-12,14.82,14.37,15.17,14.05,465508,736249584.0,7.47,-4.14,-0.62,0.59
招商蛇口,2022-04-13,14.29,14.48,14.94,13.72,413660,649992768.0,8.49,0.77,0.11,0.52
招商蛇口,2022-04-14,14.48,15.39,15.69,14.33,664580,1089326880.0,9.39,6.28,0.91,0.84
招商蛇口,2022-04-15,15.15,15.73,16.42,15.15,675141,1163074656.0,8.25,2.21,0.34,0.85
招商蛇口,2022-04-18,15.6,15.0,15.88,14.92,337483,561227728.0,6.1,-4.64,-0.73,0.43
招商蛇口,2022-04-19,14.99,15.0,15.42,14.57,353593,572858464.0,5.67,0.0,0.0,0.45
招商蛇口,2022-04-20,14.88,14.06,15.07,13.82,562787,875010672.0,8.33,-6.27,-0.94,0.71
招商蛇口,2022-04-21,13.95,14.1,14.62,13.92,407501,631674368.0,4.98,0.28,0.04,0.51
招商蛇口,2022-04-22,13.92,15.0,15.04,13.67,583824,930885360.0,9.72,6.38,0.9,0.74
招商蛇口,2022-04-25,14.73,14.38,15.22,14.28,346691,556405104.0,6.27,-4.13,-0.62,0.44
招商蛇口,2022-04-26,14.38,14.63,15.02,14.24,399668,634790304.0,5.42,1.74,0.25,0.5
招商蛇口,2022-04-27,14.53,14.19,14.87,13.67,497335,767858464.0,8.2,-3.01,-0.44,0.63
招商蛇口,2022-04-28,13.97,14.52,14.8,13.8,585757,917561664.0,7.05,2.33,0.33,0.74
招商蛇口,2022-04-29,14.41,14.39,15.16,13.72,679862,1061841904.0,9.92,-0.9,-0.13,0.86
招商蛇口,2022-05-05,14.43,13.42,14.81,12.87,870757,1281650736.0,13.48,-6.74,-0.97,1.1
招商蛇口,2022-05-06,12.94,12.5,13.37,12.3,540029,756347376.0,7.97,-6.86,-0.92,0.68
招商蛇口,2022-05-09,12.4,12.57,12.77,12.25,311130,429440544.0,4.16,0.56,0.07,0.39
招商蛇口,2022-05-10,12.29,12.46,12.62,11.94,633378,855532512.0,5.41,-0.88,-0.11,0.8
招商蛇口,2022-05-11,12.45,11.98,12.7,11.83,774319,1030266768.0,6.98,-3.85,-0.48,0.98
招商蛇口,2022-05-12,11.85,11.73,12.06,11.52,496828,646917904.0,4.51,-2.09,-0.25,0.63
招商蛇口,2022-05-13,11.72,12.24,12.36,11.65,638579,852363392.0,6.05,4.35,0.51,0.81
招商蛇口,2022-05-16,12.58,12.46,12.78,12.0,654416,897069456.0,6.37,1.8,0.22,0.83
招商蛇口,2022-05-17,12.31,12.32,12.78,12.15,445161,609009744.0,5.06,-1.12,-0.14,0.56
招商蛇口,2022-05-18,12.32,12.29,12.55,12.0,345113,465873296.0,4.46,-0.24,-0.03,0.44
招商蛇口,2022-05-19,12.02,12.36,12.48,11.98,314262,427076928.0,4.07,0.57,0.07,0.4
招商蛇口,2022-05-20,12.5,12.04,12.56,11.58,907036,1202519280.0,7.93,-2.59,-0.32,1.14
招商蛇口,2022-05-23,11.89,11.37,12.02,11.23,791484,1011575776.0,6.56,-5.56,-0.67,1.0
招商蛇口,2022-05-24,11.41,11.67,11.95,11.29,664948,859286848.0,5.8,2.64,0.3,0.84
招商蛇口,2022-05-25,11.55,11.69,11.86,11.37,288480,371355840.0,4.2,0.17,0.02,0.36
招商蛇口,2022-05-26,11.7,11.85,12.07,11.61,496496,652399760.0,3.93,1.37,0.16,0.63
招商蛇口,2022-05-27,11.85,11.64,11.85,11.48,355826,459403536.0,3.12,-1.77,-0.21,0.45
招商蛇口,2022-05-30,11.57,11.32,11.72,11.22,421426,534161568.0,4.3,-2.75,-0.32,0.53
招商蛇口,2022-05-31,11.27,11.22,11.47,11.01,661503,823901104.0,4.06,-0.88,-0.1,0.84
招商蛇口,2022-06-01,11.17,11.43,11.54,11.1,449934,569348256.0,3.92,1.87,0.21,0.57
招商蛇口,2022-06-02,11.42,11.24,11.5,11.14,345268,433987984.0,3.15,-1.66,-0.19,0.44
招商蛇口,2022-06-06,11.12,10.89,11.12,10.62,854008,1028283824.0,4.45,-3.11,-0.35,1.08
招商蛇口,2022-06-07,10.82,11.04,11.07,10.78,423848,518871520.0,2.66,1.38,0.15,0.54
招商蛇口,2022-06-08,10.92,10.98,11.02,10.71,382937,465717488.0,2.81,-0.54,-0.06,0.48
招商蛇口,2022-06-09,10.98,11.26,11.38,10.91,415260,520232192.0,4.28,2.55,0.28,0.52
招商蛇口,2022-06-10,11.26,11.08,11.3,10.92,457608,564542592.0,3.37,-1.6,-0.18,0.58
招商蛇口,2022-06-13,10.96,10.42,11.01,10.3,690776,814703792.0,6.41,-5.96,-0.66,0.87
招商蛇口,2022-06-14,10.28,10.59,10.64,10.21,485744,572809360.0,4.13,1.63,0.17,0.61
招商蛇口,2022-06-15,10.6,11.07,11.38,10.49,802585,992527152.0,8.4,4.53,0.48,1.01
招商蛇口,2022-06-16,11.06,11.02,11.26,10.9,536089,661089632.0,3.25,-0.45,-0.05,0.68
招商蛇口,2022-06-17,10.94,10.93,11.16,10.86,478045,586154944.0,2.72,-0.82,-0.09,0.6
招商蛇口,2022-06-20,11.07,11.17,11.42,10.84,686946,855199600.0,5.31,2.2,0.24,0.89
招商蛇口,2022-06-21,11.12,11.26,11.7,11.1,698605,888895712.0,5.37,0.81,0.09,0.9
招商蛇口,2022-06-22,11.31,11.02,11.46,11.0,315359,392701008.0,4.09,-2.13,-0.24,0.41
招商蛇口,2022-06-23,11.07,11.42,11.52,10.88,487336,614316128.0,5.81,3.63,0.4,0.63
招商蛇口,2022-06-24,11.42,11.27,11.55,11.15,360843,452208688.0,3.5,-1.31,-0.15,0.47
招商蛇口,2022-06-27,11.22,11.13,11.26,10.99,549073,679868592.0,2.4,-1.24,-0.14,0.71
招商蛇口,2022-06-28,11.07,10.96,11.31,10.84,515846,630930608.0,4.22,-1.53,-0.17,0.67
招商蛇口,2022-06-29,10.98,11.68,11.86,10.97,1083019,1388972432.0,8.12,6.57,0.72,1.4
招商蛇口,2022-06-30,11.68,12.15,12.31,11.55,718515,949627296.0,6.51,4.02,0.47,0.93
招商蛇口,2022-07-01,12.14,12.16,12.37,12.0,459208,619099200.0,3.05,0.08,0.01,0.59
招商蛇口,2022-07-04,12.15,12.06,12.2,11.83,620105,822036208.0,3.04,-0.82,-0.1,0.8
招商蛇口,2022-07-05,12.11,11.83,12.17,11.71,427563,561016512.0,3.81,-1.91,-0.23,0.55
招商蛇口,2022-07-06,11.78,11.52,11.97,11.41,357747,460961648.0,4.73,-2.62,-0.31,0.46
招商蛇口,2022-07-07,11.52,11.39,11.71,11.32,310790,395673648.0,3.39,-1.13,-0.13,0.4
招商蛇口,2022-07-08,11.39,11.52,11.73,11.27,364594,468046240.0,4.04,1.14,0.13,0.47
招商蛇口,2022-07-11,11.45,11.4,11.84,11.32,360886,463791312.0,4.51,-1.04,-0.12,0.47
招商蛇口,2022-07-12,11.4,11.64,11.77,11.37,298259,384320286.39,3.51,2.11,0.24,0.39
招商蛇口,2022-07-13,11.65,11.73,12.15,11.62,605323,799628791.49,4.55,0.77,0.09,0.78
招商蛇口,2022-07-14,11.6,11.65,11.82,11.17,532277,681797132.64,5.54,-0.68,-0.08,0.69
招商蛇口,2022-07-15,11.39,10.96,11.82,10.96,630426,790568368.39,7.38,-5.92,-0.69,0.81
招商蛇口,2022-07-18,10.95,11.45,11.62,10.65,678754,843876988.38,8.85,4.47,0.49,0.88
招商蛇口,2022-07-19,11.46,11.46,11.57,11.2,309454,392018941.18,3.23,0.09,0.01,0.4
招商蛇口,2022-07-20,11.44,11.45,11.57,11.25,255158,324659960.48,2.79,-0.09,-0.01,0.33
招商蛇口,2022-07-21,11.35,11.0,11.49,10.95,403277,498805159.72,4.72,-3.93,-0.45,0.52
招商蛇口,2022-07-22,10.94,10.93,11.07,10.83,228271,279014389.32,2.18,-0.64,-0.07,0.29
招商蛇口,2022-07-25,10.94,11.25,11.54,10.92,402600,507111632.06,5.67,2.93,0.32,0.52
招商蛇口,2022-07-26,11.22,12.3,12.35,11.17,881627,1170719684.56,10.49,9.33,1.05,1.14
招商蛇口,2022-07-27,12.39,12.3,12.42,11.84,671350,904963862.84,4.72,0.0,0.0,0.87
招商蛇口,2022-07-28,12.32,12.3,12.45,12.02,475365,642958583.0,3.5,0.0,0.0,0.61
招商蛇口,2022-07-29,12.27,12.42,12.82,12.12,578416,793161717.73,5.69,0.98,0.12,0.75
招商蛇口,2022-08-01,12.32,11.98,12.42,11.86,412225,548704544.35,4.51,-3.54,-0.44,0.53
招商蛇口,2022-08-02,11.92,11.89,12.14,11.73,357686,471201428.65,3.42,-0.75,-0.09,0.46
招商蛇口,2022-08-03,12.0,11.56,12.12,11.4,418175,541112829.87,6.06,-2.78,-0.33,0.54
招商蛇口,2022-08-04,11.56,11.49,11.74,11.27,257072,327911718.43,4.07,-0.61,-0.07,0.33
招商蛇口,2022-08-05,11.52,11.61,11.77,11.36,203683,261632424.15,3.57,1.04,0.12,0.26
招商蛇口,2022-08-08,11.68,11.42,11.97,11.4,227708,292854433.97,4.91,-1.64,-0.19,0.29
招商蛇口,2022-08-09,11.37,11.46,11.72,11.02,225172,287441221.09,6.13,0.35,0.04,0.29
招商蛇口,2022-08-10,11.47,11.6,11.74,11.3,231203,296464104.58,3.84,1.22,0.14,0.3
招商蛇口,2022-08-11,11.62,11.95,12.08,11.61,306058,404071344.52,4.05,3.02,0.35,0.4
招商蛇口,2022-08-12,11.9,12.31,12.46,11.71,338639,456066269.45,6.28,3.01,0.36,0.44
招商蛇口,2022-08-15,12.24,12.04,12.56,12.0,242079,326639083.8,4.55,-2.19,-0.27,0.31
招商蛇口,2022-08-16,12.08,12.13,12.26,11.92,186607,250148379.13,2.82,0.75,0.09,0.24
招商蛇口,2022-08-17,12.13,13.19,13.35,11.97,580579,819516093.63,11.38,8.74,1.06,0.75
招商蛇口,2022-08-18,13.18,13.02,13.18,12.77,300522,428627776.26,3.11,-1.29,-0.17,0.39
招商蛇口,2022-08-19,12.92,13.63,14.22,12.89,515893,773526535.17,10.22,4.69,0.61,0.67
招商蛇口,2022-08-22,13.52,13.67,13.91,13.26,436063,649271488.91,4.77,0.29,0.04,0.56
招商蛇口,2022-08-23,13.66,13.52,13.93,13.29,335189,477508967.14,4.68,-1.1,-0.15,0.43
招商蛇口,2022-08-24,13.41,13.44,13.68,13.29,275048,391160380.11,2.88,-0.59,-0.08,0.36
招商蛇口,2022-08-25,13.51,13.93,14.05,13.51,350935,512332050.64,4.02,3.65,0.49,0.45
招商蛇口,2022-08-26,13.79,13.87,14.08,13.67,221816,324058255.2,2.94,-0.43,-0.06,0.29
招商蛇口,2022-08-29,13.67,13.79,13.87,13.31,249699,356244263.35,4.04,-0.58,-0.08,0.32
招商蛇口,2022-08-30,13.67,14.01,14.17,13.61,262752,386031765.47,4.06,1.6,0.22,0.34
招商蛇口,2022-08-31,14.16,13.88,14.38,13.77,320695,473463891.75,4.35,-0.93,-0.13,0.41
招商蛇口,2022-09-01,13.76,13.92,14.57,13.72,478292,713323707.15,6.12,0.29,0.04,0.62
招商蛇口,2022-09-02,13.93,13.76,14.0,13.54,238642,345163880.15,3.3,-1.15,-0.16,0.31
招商蛇口,2022-09-05,13.78,14.1,14.26,13.47,310685,455352131.88,5.74,2.47,0.34,0.4
招商蛇口,2022-09-06,14.02,14.18,14.68,13.91,552174,829923936.64,5.46,0.57,0.08,0.71
招商蛇口,2022-09-07,14.04,14.27,14.34,13.87,288269,429192409.61,3.31,0.63,0.09,0.37
招商蛇口,2022-09-08,14.35,14.1,14.48,13.96,186650,277630446.8,3.64,-1.19,-0.17,0.24
招商蛇口,2022-09-09,14.19,14.88,14.91,14.06,724806,1118984222.9,6.03,5.53,0.78,0.94
招商蛇口,2022-09-13,14.71,14.59,14.92,14.38,385125,591597934.38,3.63,-1.95,-0.29,0.5
招商蛇口,2022-09-14,14.45,15.04,15.44,14.45,517347,821332629.13,6.79,3.08,0.45,0.67
招商蛇口,2022-09-15,15.07,15.47,16.06,14.94,751195,1219825191.91,7.45,2.86,0.43,0.97
招商蛇口,2022-09-16,15.35,15.14,15.76,14.87,715105,1143698224.61,5.75,-2.13,-0.33,0.92
招商蛇口,2022-09-19,15.05,15.78,15.95,14.76,619692,1005398130.76,7.86,4.23,0.64,0.8
招商蛇口,2022-09-20,15.67,15.42,15.92,14.96,530022,854148208.81,6.08,-2.28,-0.36,0.68
招商蛇口,2022-09-21,15.16,15.46,15.82,15.14,502630,816715971.2,4.41,0.26,0.04,0.65
招商蛇口,2022-09-22,15.27,14.87,15.43,14.58,611039,952772323.71,5.5,-3.82,-0.59,0.79
招商蛇口,2022-09-23,14.89,15.04,15.43,14.83,459286,730414719.96,4.03,1.14,0.17,0.59
招商蛇口,2022-09-26,15.06,15.4,15.88,15.06,463898,756970764.56,5.45,2.39,0.36,0.6
招商蛇口,2022-09-27,15.54,15.44,15.84,15.07,497883,803263323.18,5.0,0.26,0.04,0.64
招商蛇口,2022-09-28,15.34,15.14,15.61,15.01,227081,362741269.42,3.89,-1.94,-0.3,0.29
招商蛇口,2022-09-29,15.14,15.02,15.27,14.62,229217,360598250.76,4.29,-0.79,-0.12,0.3
招商蛇口,2022-09-30,15.28,15.6,15.98,14.86,466180,757913432.41,7.46,3.86,0.58,0.6
招商蛇口,2022-10-10,15.73,16.23,16.66,15.73,662408,1131430919.38,5.96,4.04,0.63,0.86
招商蛇口,2022-10-11,15.99,16.15,16.69,15.83,436957,743558539.55,5.3,-0.49,-0.08,0.56
招商蛇口,2022-10-12,16.26,16.34,16.66,16.02,408065,694664561.01,3.96,1.18,0.19,0.53
招商蛇口,2022-10-13,16.06,15.85,16.19,15.1,509539,829351235.52,6.67,-3.0,-0.49,0.66
招商蛇口,2022-10-14,15.69,14.93,16.24,14.76,585243,936735980.46,9.34,-5.8,-0.92,0.76
招商蛇口,2022-10-17,14.53,14.81,14.96,13.99,735908,1128180382.56,6.5,-0.8,-0.12,0.95
招商蛇口,2022-10-18,14.76,14.49,15.08,14.18,497452,759111277.02,6.08,-2.16,-0.32,0.64
招商蛇口,2022-10-19,14.44,14.7,14.84,14.33,214212,330626329.69,3.52,1.45,0.21,0.28
招商蛇口,2022-10-20,14.54,14.4,14.85,14.3,272305,414943734.06,3.74,-2.04,-0.3,0.35
招商蛇口,2022-10-21,14.41,14.55,14.98,14.39,422329,650971952.5,4.1,1.04,0.15,0.55
招商蛇口,2022-10-24,14.38,13.94,14.38,13.87,349684,517666836.21,3.51,-4.19,-0.61,0.45
招商蛇口,2022-10-25,13.92,13.76,14.06,13.67,254135,370601598.62,2.8,-1.29,-0.18,0.33
招商蛇口,2022-10-26,13.86,13.24,13.91,12.96,738442,1028098268.68,6.9,-3.78,-0.52,0.95
招商蛇口,2022-10-27,13.16,13.52,13.74,13.16,351830,500466719.66,4.38,2.11,0.28,0.45
招商蛇口,2022-10-28,13.45,13.3,13.75,13.18,368666,521008013.08,4.22,-1.63,-0.22,0.48
招商蛇口,2022-10-31,13.06,12.37,13.28,12.14,852678,1125459172.97,8.57,-6.99,-0.93,1.1
招商蛇口,2022-11-01,12.38,12.12,12.56,11.76,786216,1002998893.42,6.47,-2.02,-0.25,1.02
招商蛇口,2022-11-02,12.08,12.66,12.85,11.97,567089,752607520.32,7.26,4.46,0.54,0.73
招商蛇口,2022-11-03,12.64,12.27,12.81,12.22,379054,499427151.81,4.66,-3.08,-0.39,0.49
招商蛇口,2022-11-04,12.28,13.06,13.21,12.28,439455,598322355.71,7.58,6.44,0.79,0.57
招商蛇口,2022-11-07,12.97,12.99,13.23,12.74,294217,404069255.94,3.75,-0.54,-0.07,0.38
招商蛇口,2022-11-08,12.88,13.28,13.71,12.83,429008,605749151.83,6.77,2.23,0.29,0.55
招商蛇口,2022-11-09,13.54,13.17,14.29,13.07,603192,861820869.52,9.19,-0.83,-0.11,0.78
招商蛇口,2022-11-10,13.06,13.19,13.51,12.76,358064,498705014.56,5.69,0.15,0.02,0.46
招商蛇口,2022-11-11,13.56,14.06,14.58,13.37,1070283,1576464803.6,9.17,6.6,0.87,1.38
招商蛇口,2022-11-14,14.46,13.94,14.83,13.55,1211852,1808741708.09,9.1,-0.85,-0.12,1.57
招商蛇口,2022-11-15,13.84,14.18,14.41,13.5,691964,1026255946.67,6.53,1.72,0.24,0.89
招商蛇口,2022-11-16,14.16,13.68,14.22,13.56,484765,702048469.31,4.65,-3.53,-0.5,0.63
招商蛇口,2022-11-17,13.51,13.64,13.81,13.35,454190,649556623.25,3.36,-0.29,-0.04,0.59
招商蛇口,2022-11-18,13.64,13.51,13.79,13.33,381697,545241699.91,3.37,-0.95,-0.13,0.49
招商蛇口,2022-11-21,13.38,13.62,13.7,13.1,440431,622018120.5,4.44,0.81,0.11,0.57
招商蛇口,2022-11-22,13.72,13.54,14.0,13.38,487034,698438088.33,4.55,-0.59,-0.08,0.63
招商蛇口,2022-11-23,13.53,13.58,13.64,13.4,340491,485904040.58,1.77,0.3,0.04,0.44
招商蛇口,2022-11-24,13.78,13.56,14.03,13.29,489888,701511081.68,5.45,-0.15,-0.02,0.63
招商蛇口,2022-11-25,13.6,14.4,14.71,13.56,1184415,1762664092.13,8.48,6.19,0.84,1.53
招商蛇口,2022-11-28,14.08,14.19,14.45,13.96,526821,787163731.02,3.4,-1.46,-0.21,0.68
招商蛇口,2022-11-29,15.37,15.18,15.66,14.26,1275564,2004224382.49,9.87,6.98,0.99,1.65
招商蛇口,2022-11-30,14.78,14.56,15.11,14.34,1112152,1709708578.84,5.07,-4.08,-0.62,1.44
招商蛇口,2022-12-01,14.62,14.25,15.01,14.09,1141394,1736325989.81,6.32,-2.13,-0.31,1.48
招商蛇口,2022-12-02,14.1,13.88,14.18,13.56,658052,954272093.78,4.35,-2.6,-0.37,0.85
招商蛇口,2022-12-19,14.26,13.21,14.26,12.93,1282644,1814039124.04,9.58,-4.83,-0.67,1.66
招商蛇口,2022-12-20,13.05,12.99,13.36,12.76,546355,750424746.38,4.54,-1.67,-0.22,0.71
招商蛇口,2022-12-21,12.88,12.62,13.06,12.56,459266,619968190.52,3.85,-2.85,-0.37,0.59
招商蛇口,2022-12-22,12.72,12.37,12.8,12.24,540868,713250024.28,4.44,-1.98,-0.25,0.7
招商蛇口,2022-12-23,12.25,12.32,12.44,12.22,379842,495844911.37,1.78,-0.4,-0.05,0.49
招商蛇口,2022-12-26,12.32,11.98,12.5,11.93,623255,801018532.94,4.63,-2.76,-0.34,0.81
招商蛇口,2022-12-27,11.99,12.01,12.25,11.93,554273,709091856.05,2.67,0.25,0.03,0.72
招商蛇口,2022-12-28,11.96,12.3,12.39,11.82,672891,868418087.44,4.75,2.41,0.29,0.87
招商蛇口,2022-12-29,12.18,11.96,12.23,11.8,546059,691803876.84,3.5,-2.76,-0.34,0.71
招商蛇口,2022-12-30,11.91,11.89,12.06,11.65,539906,680496326.33,3.43,-0.59,-0.07,0.7
招商蛇口,2023-01-03,11.92,12.08,12.27,11.87,707426,906825540.52,3.36,1.6,0.19,0.91
招商蛇口,2023-01-04,12.06,12.81,13.0,11.91,991227,1331385632.75,9.02,6.04,0.73,1.28
招商蛇口,2023-01-05,12.83,12.91,13.06,12.6,594369,806731598.85,3.59,0.78,0.1,0.77
招商蛇口,2023-01-06,13.06,12.78,13.15,12.67,563510,769688418.62,3.72,-1.01,-0.13,0.73
招商蛇口,2023-01-09,12.87,12.96,13.45,12.85,845015,1172637802.22,4.69,1.41,0.18,1.09
招商蛇口,2023-01-10,13.03,13.14,13.34,12.87,440323,612052948.14,3.63,1.39,0.18,0.57
招商蛇口,2023-01-11,13.18,13.85,14.06,13.08,913456,1323837286.03,7.46,5.4,0.71,1.18
招商蛇口,2023-01-12,13.76,13.49,13.94,13.24,544981,775130331.2,5.05,-2.6,-0.36,0.7
招商蛇口,2023-01-13,13.36,13.47,13.7,13.28,311092,442274534.94,3.11,-0.15,-0.02,0.4
招商蛇口,2023-01-16,13.54,13.63,13.69,13.17,451784,644116029.42,3.86,1.19,0.16,0.58
招商蛇口,2023-01-17,13.63,13.55,13.83,13.34,308726,442424767.47,3.6,-0.59,-0.08,0.4
招商蛇口,2023-01-18,13.56,13.59,13.71,13.37,266419,380017955.74,2.51,0.3,0.04,0.34
招商蛇口,2023-01-19,13.48,13.93,13.97,13.4,365668,528904782.03,4.19,2.5,0.34,0.47
招商蛇口,2023-01-20,13.91,13.71,13.96,13.64,252188,365131315.55,2.3,-1.58,-0.22,0.33
招商蛇口,2023-01-30,13.93,13.66,13.95,13.57,639961,925059674.21,2.77,-0.36,-0.05,0.83
招商蛇口,2023-01-31,13.59,14.11,14.27,13.43,678740,990761741.09,6.15,3.29,0.45,0.88
招商蛇口,2023-02-01,14.11,13.68,14.11,13.47,680585,978836523.01,4.54,-3.05,-0.43,0.88
招商蛇口,2023-02-02,13.62,13.5,13.77,13.46,425580,609530641.09,2.27,-1.32,-0.18,0.55
招商蛇口,2023-02-03,13.4,13.21,13.45,13.2,307468,431701816.54,1.85,-2.15,-0.29,0.4
招商蛇口,2023-02-06,13.15,12.92,13.15,12.77,456813,623880557.43,2.88,-2.2,-0.29,0.59
招商蛇口,2023-02-07,12.95,13.22,13.36,12.95,466908,651018498.76,3.17,2.32,0.3,0.6
招商蛇口,2023-02-08,13.16,13.49,13.63,13.14,409998,582241154.6,3.71,2.04,0.27,0.53
招商蛇口,2023-02-09,13.49,14.01,14.12,13.46,579548,850471295.55,4.89,3.85,0.52,0.75
招商蛇口,2023-02-10,13.96,14.07,14.34,13.84,392675,582171567.25,3.57,0.43,0.06,0.51
招商蛇口,2023-02-13,14.08,14.04,14.26,13.81,453913,671951676.78,3.2,-0.21,-0.03,0.59
招商蛇口,2023-02-14,14.21,14.15,14.35,14.09,358215,535192515.75,1.85,0.78,0.11,0.46
招商蛇口,2023-02-15,14.16,13.86,14.18,13.76,358028,525699514.66,2.97,-2.05,-0.29,0.46
招商蛇口,2023-02-16,13.86,13.71,14.22,13.62,221969,325810166.11,4.33,-1.08,-0.15,0.29
招商蛇口,2023-02-17,13.72,13.76,14.01,13.58,213446,311410058.15,3.14,0.36,0.05,0.28
招商蛇口,2023-02-20,13.7,14.24,14.29,13.69,418943,621617010.62,4.36,3.49,0.48,0.54
招商蛇口,2023-02-21,14.44,14.05,14.65,13.93,327096,488140053.76,5.06,-1.33,-0.19,0.42
招商蛇口,2023-02-22,13.89,13.84,14.08,13.76,184453,269344264.94,2.28,-1.49,-0.21,0.24
招商蛇口,2023-02-23,13.79,13.78,13.93,13.68,247991,360721169.05,1.81,-0.43,-0.06,0.32
招商蛇口,2023-02-24,13.82,13.71,13.88,13.57,159366,229931668.35,2.25,-0.51,-0.07,0.21
招商蛇口,2023-02-27,13.67,13.91,14.34,13.67,371662,548905190.13,4.89,1.46,0.2,0.48
招商蛇口,2023-02-28,13.96,14.09,14.24,13.78,340235,501770277.47,3.31,1.29,0.18,0.44
招商蛇口,2023-03-01,14.15,14.43,14.54,14.03,544775,820656400.95,3.62,2.41,0.34,0.7
招商蛇口,2023-03-02,14.41,14.34,14.58,14.25,299500,452529201.03,2.29,-0.62,-0.09,0.39
招商蛇口,2023-03-03,14.34,14.13,14.4,14.09,239218,356581494.85,2.16,-1.46,-0.21,0.31
招商蛇口,2023-03-06,14.09,13.96,14.1,13.84,267873,394194883.96,1.84,-1.2,-0.17,0.35
招商蛇口,2023-03-07,14.0,13.63,14.06,13.56,358008,520192401.18,3.58,-2.36,-0.33,0.46
招商蛇口,2023-03-08,13.66,13.63,13.79,13.5,224461,322745780.12,2.13,0.0,0.0,0.29
招商蛇口,2023-03-09,13.63,13.79,13.86,13.52,201990,292558831.2,2.49,1.17,0.16,0.26
招商蛇口,2023-03-10,13.74,13.43,13.77,13.38,237068,337396855.13,2.83,-2.61,-0.36,0.31
招商蛇口,2023-03-13,13.36,13.26,13.53,13.18,343054,481356358.1,2.61,-1.27,-0.17,0.44
招商蛇口,2023-03-14,13.24,13.09,13.39,13.01,275330,383068991.87,2.87,-1.28,-0.17,0.36
招商蛇口,2023-03-15,13.2,13.1,13.22,13.03,226340,313633704.7,1.45,0.08,0.01,0.29
招商蛇口,2023-03-16,13.04,12.86,13.16,12.82,248135,340695703.09,2.6,-1.83,-0.24,0.32
招商蛇口,2023-03-17,12.95,13.11,13.31,12.89,408592,568342675.54,3.27,1.94,0.25,0.53
招商蛇口,2023-03-20,13.19,12.88,13.34,12.84,278264,382705129.64,3.81,-1.75,-0.23,0.36
招商蛇口,2023-03-21,12.88,12.75,12.91,12.58,325593,438367518.73,2.56,-1.01,-0.13,0.42
招商蛇口,2023-03-22,12.77,13.18,13.3,12.76,377801,524330650.97,4.24,3.37,0.43,0.49
招商蛇口,2023-03-23,13.11,13.08,13.32,12.98,303608,421174731.55,2.58,-0.76,-0.1,0.39
招商蛇口,2023-03-24,13.16,12.74,13.16,12.51,459047,620007863.29,4.97,-2.6,-0.34,0.59
招商蛇口,2023-03-27,12.71,12.49,12.72,12.4,337679,446912440.02,2.51,-1.96,-0.25,0.44
招商蛇口,2023-03-28,12.54,12.36,12.57,12.21,391877,512229867.05,2.88,-1.04,-0.13,0.51
招商蛇口,2023-03-29,12.36,12.5,12.66,12.36,313291,414930570.31,2.43,1.13,0.14,0.4
招商蛇口,2023-03-30,12.5,12.8,12.92,12.38,289339,388181299.26,4.32,2.4,0.3,0.37
招商蛇口,2023-03-31,12.79,12.88,13.24,12.76,369937,510218381.69,3.75,0.63,0.08,0.48
招商蛇口,2023-04-03,12.93,13.31,13.66,12.89,460844,651540150.0,5.98,3.34,0.43,0.6
招商蛇口,2023-04-04,13.31,13.25,13.47,13.18,306649,431173582.17,2.18,-0.45,-0.06,0.4
招商蛇口,2023-04-06,13.21,13.26,13.52,13.16,237485,333401289.2,2.72,0.08,0.01,0.31
招商蛇口,2023-04-07,13.3,14.13,14.53,13.3,791014,1174086300.12,9.28,6.56,0.87,1.02
招商蛇口,2023-04-10,14.07,14.26,14.34,14.01,430218,643604446.05,2.34,0.92,0.13,0.56
招商蛇口,2023-04-11,14.07,14.42,14.55,13.94,539416,814873775.87,4.28,1.12,0.16,0.7
招商蛇口,2023-04-12,14.39,14.46,14.76,14.25,337729,512668878.42,3.54,0.28,0.04,0.44
招商蛇口,2023-04-13,14.41,14.47,14.56,14.24,242349,367275350.45,2.21,0.07,0.01,0.31
招商蛇口,2023-04-14,14.41,14.25,14.51,14.16,229565,345138024.21,2.42,-1.52,-0.22,0.3
招商蛇口,2023-04-17,14.24,14.36,14.4,14.04,313427,469672408.13,2.53,0.77,0.11,0.41
招商蛇口,2023-04-18,14.38,14.42,14.71,14.18,244145,369516698.19,3.69,0.42,0.06,0.32
招商蛇口,2023-04-19,14.42,14.01,14.43,13.92,399480,591914819.93,3.54,-2.84,-0.41,0.52
招商蛇口,2023-04-20,14.01,13.93,14.11,13.46,544837,787978281.25,4.64,-0.57,-0.08,0.7
招商蛇口,2023-04-21,14.03,13.82,14.26,13.78,283175,416829926.79,3.45,-0.79,-0.11,0.37
招商蛇口,2023-04-24,13.76,13.26,13.76,13.16,459823,648309090.79,4.34,-4.05,-0.56,0.59
招商蛇口,2023-04-25,13.34,13.03,13.37,12.86,329461,453055621.62,3.85,-1.73,-0.23,0.43
招商蛇口,2023-04-26,12.87,12.75,12.96,12.57,348427,469964693.38,2.99,-2.15,-0.28,0.45
招商蛇口,2023-04-27,12.75,13.09,13.24,12.63,292708,402177168.32,4.78,2.67,0.34,0.38
招商蛇口,2023-04-28,13.12,12.92,13.22,12.76,324474,442465137.11,3.51,-1.3,-0.17,0.42
招商蛇口,2023-05-04,12.76,12.63,12.88,12.44,353077,472237260.58,3.41,-2.24,-0.29,0.46
招商蛇口,2023-05-05,12.59,13.24,13.34,12.53,533150,735701420.46,6.41,4.83,0.61,0.69
招商蛇口,2023-05-08,13.03,13.43,13.53,12.61,559651,776396355.73,6.95,1.44,0.19,0.72
招商蛇口,2023-05-09,13.33,13.63,14.16,13.26,593578,861581531.57,6.7,1.49,0.2,0.77
招商蛇口,2023-05-10,13.65,13.23,13.84,13.06,416651,585098024.18,5.72,-2.93,-0.4,0.54
招商蛇口,2023-05-11,13.21,13.03,13.34,12.99,274977,380753749.99,2.65,-1.51,-0.2,0.36
招商蛇口,2023-05-12,13.05,13.06,13.37,12.95,274367,374396030.17,3.22,0.23,0.03,0.35
招商蛇口,2023-05-15,13.04,13.02,13.07,12.7,259753,347734502.69,2.83,-0.31,-0.04,0.34
招商蛇口,2023-05-16,13.02,12.87,13.12,12.82,193144,260024881.66,2.3,-1.15,-0.15,0.25
招商蛇口,2023-05-17,12.85,12.84,13.11,12.77,217837,291750598.78,2.64,-0.23,-0.03,0.28
招商蛇口,2023-05-18,12.92,12.61,13.01,12.51,431998,570144559.96,3.89,-1.79,-0.23,0.56
招商蛇口,2023-05-19,12.56,12.36,12.63,12.27,280888,362276555.54,2.85,-1.98,-0.25,0.36
招商蛇口,2023-05-22,12.29,12.35,12.39,12.12,317521,405219845.94,2.18,-0.08,-0.01,0.41
招商蛇口,2023-05-23,12.27,12.36,12.51,12.17,301560,388385870.7,2.75,0.08,0.01,0.39
招商蛇口,2023-05-24,12.26,11.81,12.3,11.76,464892,577549947.84,4.37,-4.45,-0.55,0.6
招商蛇口,2023-05-25,11.7,11.84,11.99,11.6,345527,425153235.55,3.3,0.25,0.03,0.45
招商蛇口,2023-05-26,11.83,12.02,12.12,11.75,275041,343202724.55,3.13,1.52,0.18,0.36
招商蛇口,2023-05-29,11.99,12.11,12.31,11.95,227145,287014278.96,3.0,0.75,0.09,0.29
招商蛇口,2023-05-30,12.09,12.32,12.36,11.62,456317,569295972.85,6.11,1.73,0.21,0.59
招商蛇口,2023-05-31,12.34,12.17,12.45,12.05,230925,293497550.42,3.25,-1.22,-0.15,0.3
招商蛇口,2023-06-01,12.11,11.96,12.21,11.9,247325,309809872.98,2.55,-1.73,-0.21,0.32
招商蛇口,2023-06-02,11.97,12.55,12.64,11.97,453700,585361071.66,5.6,4.93,0.59,0.59
招商蛇口,2023-06-05,12.41,12.23,12.46,12.15,296933,379162361.85,2.47,-2.55,-0.32,0.38
招商蛇口,2023-06-06,12.22,12.44,12.86,12.17,471194,616693897.85,5.64,1.72,0.21,0.61
招商蛇口,2023-06-07,12.5,12.56,12.91,12.47,361794,476704991.56,3.54,0.96,0.12,0.47
招商蛇口,2023-06-08,12.54,13.0,13.19,12.37,530757,710945159.25,6.53,3.5,0.44,0.69
招商蛇口,2023-06-09,12.99,12.82,12.99,12.69,246119,327920820.64,2.31,-1.38,-0.18,0.32
招商蛇口,2023-06-12,12.74,12.93,13.14,12.64,351262,472068051.0,3.9,0.86,0.11,0.45
招商蛇口,2023-06-13,12.92,13.17,13.39,12.91,294412,403381403.47,3.71,1.86,0.24,0.38
招商蛇口,2023-06-14,13.18,13.04,13.34,12.99,315399,429629430.89,2.66,-0.99,-0.13,0.41
招商蛇口,2023-06-15,13.01,13.14,13.3,12.98,257265,350646890.05,2.45,0.77,0.1,0.33
招商蛇口,2023-06-16,13.12,12.93,13.29,12.82,418640,565095659.17,3.58,-1.6,-0.21,0.54
招商蛇口,2023-06-19,13.11,12.83,13.19,12.7,424206,567354339.02,3.79,-0.77,-0.1,0.55
招商蛇口,2023-06-20,12.72,12.66,12.85,12.55,346665,458114891.38,2.34,-1.33,-0.17,0.45
招商蛇口,2023-06-21,12.55,12.38,12.68,12.36,189519,246372037.92,2.53,-2.21,-0.28,0.24
招商蛇口,2023-06-26,12.24,12.16,12.28,12.04,308464,389892806.64,1.94,-1.78,-0.22,0.4
招商蛇口,2023-06-27,12.24,13.04,13.09,12.09,462049,612151066.26,8.22,7.24,0.88,0.6
招商蛇口,2023-06-28,13.16,12.9,13.18,12.72,217443,290936177.26,3.53,-1.07,-0.14,0.28
招商蛇口,2023-06-29,12.84,12.65,12.91,12.52,148241,195497096.67,3.02,-1.94,-0.25,0.19
招商蛇口,2023-06-30,12.68,12.52,12.88,12.51,194673,255969948.24,2.92,-1.03,-0.13,0.25
招商蛇口,2023-07-03,12.54,12.42,12.62,12.38,334841,434552283.39,1.92,-0.8,-0.1,0.43
招商蛇口,2023-07-04,12.34,12.19,12.42,11.95,445798,561531290.15,3.78,-1.85,-0.23,0.58
招商蛇口,2023-07-05,12.14,12.21,12.27,12.09,193315,245615558.13,1.48,0.16,0.02,0.25
招商蛇口,2023-07-06,12.14,12.2,12.31,12.07,216318,275001513.15,1.97,-0.08,-0.01,0.28
招商蛇口,2023-07-07,12.16,12.11,12.28,12.02,178876,226212613.35,2.13,-0.74,-0.09,0.23
招商蛇口,2023-07-10,12.12,12.01,12.17,11.89,192645,241259013.59,2.31,-0.83,-0.1,0.25
招商蛇口,2023-07-11,12.2,11.83,12.28,11.76,344549,427716442.74,4.33,-1.5,-0.18,0.45
招商蛇口,2023-07-12,11.76,11.44,11.79,11.31,526020,631541456.78,4.06,-3.3,-0.39,0.68
招商蛇口,2023-07-13,11.45,11.51,11.54,11.35,294815,352845969.89,1.66,0.61,0.07,0.38
招商蛇口,2023-07-14,11.51,11.47,11.6,11.27,328824,392969346.08,2.87,-0.35,-0.04,0.42
招商蛇口,2023-07-17,11.41,11.52,11.57,11.37,152961,183479193.29,1.74,0.44,0.05,0.2
招商蛇口,2023-07-18,11.52,11.67,11.77,11.46,274505,333309797.18,2.69,1.3,0.15,0.35
招商蛇口,2023-07-19,11.65,11.95,12.19,11.6,515088,643014755.05,5.06,2.4,0.28,0.67
招商蛇口,2023-07-20,11.93,12.06,12.18,11.87,381363,478546596.54,2.59,0.92,0.11,0.49
招商蛇口,2023-07-21,12.03,12.02,12.13,11.95,214985,269618685.74,1.49,-0.33,-0.04,0.28
招商蛇口,2023-07-24,12.06,11.92,12.16,11.74,255327,317006465.93,3.49,-0.83,-0.1,0.33
招商蛇口,2023-07-25,12.38,12.84,12.87,12.38,891021,1174647226.14,4.11,7.72,0.92,1.15
招商蛇口,2023-07-26,12.78,12.9,13.03,12.61,437872,585449161.28,3.27,0.47,0.06,0.57
招商蛇口,2023-07-27,12.7,12.91,13.13,12.6,484322,652200810.46,4.11,0.08,0.01,0.63
招商蛇口,2023-07-28,13.09,13.48,13.54,12.92,576467,796166553.23,4.8,4.42,0.57,0.74
招商蛇口,2023-07-31,13.62,13.74,14.43,13.56,814526,1173444144.46,6.45,1.93,0.26,1.05
招商蛇口,2023-08-01,13.62,13.53,13.94,13.43,619145,877447836.43,3.71,-1.53,-0.21,0.8
招商蛇口,2023-08-02,13.54,13.6,13.79,13.47,366844,518594808.43,2.37,0.52,0.07,0.47
招商蛇口,2023-08-03,13.65,13.89,14.05,13.39,579563,829978747.97,4.85,2.13,0.29,0.75
招商蛇口,2023-08-04,14.11,13.96,14.55,13.93,477719,699974394.53,4.46,0.5,0.07,0.62
招商蛇口,2023-08-07,13.81,13.45,13.91,13.29,682166,952732859.58,4.44,-3.65,-0.51,0.88
招商蛇口,2023-08-08,13.49,13.12,13.53,13.02,567928,777932812.96,3.79,-2.45,-0.33,0.73
招商蛇口,2023-08-09,13.19,13.21,13.49,13.01,528334,727295955.49,3.66,0.69,0.09,0.68
招商蛇口,2023-08-10,13.15,13.11,13.33,13.05,385089,525055786.94,2.12,-0.76,-0.1,0.5
招商蛇口,2023-08-11,13.21,12.99,13.39,12.82,363940,492573644.07,4.35,-0.92,-0.12,0.47
招商蛇口,2023-08-14,12.78,13.21,13.39,12.56,528735,716262642.84,6.39,1.69,0.22,0.68
招商蛇口,2023-08-15,13.22,13.31,13.35,13.06,350214,481063850.23,2.2,0.76,0.1,0.45
招商蛇口,2023-08-16,13.23,13.47,13.82,13.16,404052,567381213.48,4.96,1.2,0.16,0.52
招商蛇口,2023-08-17,13.41,13.44,13.53,13.27,230969,321115989.07,1.93,-0.22,-0.03,0.3
招商蛇口,2023-08-18,13.49,13.39,13.71,13.35,256308,359428709.26,2.68,-0.37,-0.05,0.33
招商蛇口,2023-08-21,13.29,12.96,13.29,12.94,244576,332378028.56,2.61,-3.21,-0.43,0.32
招商蛇口,2023-08-22,13.09,13.05,13.15,12.84,205206,277113009.9,2.39,0.69,0.09,0.27
招商蛇口,2023-08-23,13.12,13.0,13.27,12.95,196731,267887415.12,2.45,-0.38,-0.05,0.25
招商蛇口,2023-08-24,13.08,12.81,13.08,12.6,341003,452978225.91,3.69,-1.46,-0.19,0.44
招商蛇口,2023-08-25,12.84,13.27,13.49,12.7,351196,478487021.07,6.17,3.59,0.46,0.45
招商蛇口,2023-08-28,14.15,13.79,14.59,13.55,809695,1162472754.28,7.84,3.92,0.52,1.05
招商蛇口,2023-08-29,13.68,14.17,14.27,13.59,661349,958723288.61,4.93,2.76,0.38,0.85
招商蛇口,2023-08-30,14.02,14.3,14.65,14.02,628648,937556345.03,4.45,0.92,0.13,0.81
招商蛇口,2023-08-31,14.25,13.15,14.29,13.06,970759,1358187300.51,8.6,-8.04,-1.15,1.25
招商蛇口,2023-09-01,13.52,13.61,13.95,13.2,619575,873487403.48,5.7,3.5,0.46,0.8
招商蛇口,2023-09-04,13.82,13.44,14.03,13.4,578484,819011984.31,4.63,-1.25,-0.17,0.75
招商蛇口,2023-09-05,13.37,13.06,13.37,12.95,462125,626950248.93,3.13,-2.83,-0.38,0.6
招商蛇口,2023-09-06,13.06,13.34,13.4,12.86,344862,472612719.46,4.13,2.14,0.28,0.45
招商蛇口,2023-09-07,13.25,13.21,13.48,13.15,321044,443906207.85,2.47,-0.97,-0.13,0.41
招商蛇口,2023-09-08,13.15,13.27,13.28,12.99,146379,199861033.9,2.2,0.45,0.06,0.19
招商蛇口,2023-09-11,13.21,12.87,13.27,12.59,693963,924083221.51,5.12,-3.01,-0.4,0.9
招商蛇口,2023-09-12,12.74,12.48,12.74,12.29,1017749,1312779256.61,3.5,-3.03,-0.39,1.32
招商蛇口,2023-09-13,12.39,12.5,12.58,12.33,502714,652527500.21,2.0,0.16,0.02,0.65
招商蛇口,2023-09-14,12.49,12.46,12.69,12.43,753970,982148623.81,2.08,-0.32,-0.04,0.97
招商蛇口,2023-09-15,12.52,12.29,12.54,12.27,427571,550332596.57,2.17,-1.36,-0.17,0.55
招商蛇口,2023-09-18,12.3,12.2,12.31,12.04,391276,494778998.78,2.2,-0.73,-0.09,0.51
招商蛇口,2023-09-19,12.18,12.32,12.36,12.12,248533,317337135.64,1.97,0.98,0.12,0.32
招商蛇口,2023-09-20,12.25,12.25,12.4,12.2,194370,249161349.01,1.62,-0.57,-0.07,0.25
招商蛇口,2023-09-21,12.26,12.24,12.46,12.22,256994,329551897.97,1.96,-0.08,-0.01,0.33
招商蛇口,2023-09-22,12.16,12.25,12.28,12.15,263032,334812366.29,1.06,0.08,0.01,0.34
招商蛇口,2023-09-25,12.18,12.07,12.19,11.9,392952,494194891.78,2.37,-1.47,-0.18,0.51
招商蛇口,2023-09-26,12.06,11.92,12.09,11.86,237739,296173010.91,1.91,-1.24,-0.15,0.31
招商蛇口,2023-09-27,11.94,11.82,11.99,11.78,210470,260325105.5,1.76,-0.84,-0.1,0.27
招商蛇口,2023-09-28,11.86,11.88,11.94,11.74,226379,279982720.47,1.69,0.51,0.06,0.29
招商蛇口,2023-10-09,11.85,11.65,11.85,11.54,284788,345999421.16,2.61,-1.94,-0.23,0.37
招商蛇口,2023-10-10,11.64,11.51,11.72,11.49,187309,226742451.36,1.97,-1.2,-0.14,0.24
招商蛇口,2023-10-11,11.52,11.44,11.6,11.34,323175,385463988.73,2.26,-0.61,-0.07,0.42
招商蛇口,2023-10-12,11.49,11.62,11.77,11.43,297004,360628035.74,2.97,1.57,0.18,0.38
招商蛇口,2023-10-13,11.53,11.72,11.8,11.49,239075,291966236.53,2.67,0.86,0.1,0.31
招商蛇口,2023-10-16,11.72,11.52,12.0,11.45,221592,269231841.21,4.69,-1.71,-0.2,0.29
招商蛇口,2023-10-17,11.47,11.51,11.6,11.3,248708,297880658.6,2.6,-0.09,-0.01,0.32
招商蛇口,2023-10-18,11.45,11.46,11.6,11.4,162455,195199314.42,1.74,-0.43,-0.05,0.21
招商蛇口,2023-10-19,11.38,11.16,11.4,11.16,258315,303478785.76,2.09,-2.62,-0.3,0.33
招商蛇口,2023-10-20,11.12,11.27,11.43,10.93,295011,346456726.22,4.48,0.99,0.11,0.38
招商蛇口,2023-10-23,11.2,11.13,11.38,11.04,240025,280777167.21,3.02,-1.24,-0.14,0.31
招商蛇口,2023-10-24,11.15,11.46,11.47,11.15,219152,260220789.56,2.88,2.96,0.33,0.28
招商蛇口,2023-10-25,11.52,11.08,11.67,10.99,394335,461322539.32,5.93,-3.32,-0.38,0.51
招商蛇口,2023-10-26,10.99,10.91,11.06,10.8,251964,286980467.41,2.35,-1.53,-0.17,0.33
招商蛇口,2023-10-27,10.83,10.72,10.9,10.47,528673,592177277.54,3.94,-1.74,-0.19,0.68
招商蛇口,2023-10-30,10.59,10.37,10.65,10.06,788726,850214792.02,5.5,-3.26,-0.35,1.02
招商蛇口,2023-10-31,10.37,10.53,10.68,10.34,524415,576873505.46,3.28,1.54,0.16,0.68
招商蛇口,2023-11-01,10.51,10.49,10.61,10.42,319018,351410011.92,1.8,-0.38,-0.04,0.41
招商蛇口,2023-11-02,10.44,10.35,10.59,10.33,366628,400845220.62,2.48,-1.33,-0.14,0.47
招商蛇口,2023-11-03,10.37,10.26,10.45,10.2,338878,366031855.86,2.42,-0.87,-0.09,0.44
招商蛇口,2023-11-06,10.28,10.54,10.68,10.24,528675,583648550.95,4.29,2.73,0.28,0.68
招商蛇口,2023-11-07,10.59,10.47,10.74,10.38,399084,440223267.37,3.42,-0.66,-0.07,0.52
招商蛇口,2023-11-08,10.42,10.57,10.7,10.39,334727,370295863.44,2.96,0.96,0.1,0.43
招商蛇口,2023-11-09,10.6,10.57,10.73,10.51,356527,396127074.79,2.08,0.0,0.0,0.46
招商蛇口,2023-11-10,10.52,10.37,10.55,10.29,272696,296531244.02,2.46,-1.89,-0.2,0.35
招商蛇口,2023-11-13,10.34,10.37,10.42,10.2,271692,293716459.92,2.12,0.0,0.0,0.35
招商蛇口,2023-11-14,10.36,10.47,10.59,10.35,341390,374951134.86,2.31,0.96,0.1,0.44
招商蛇口,2023-11-15,10.59,10.3,10.62,10.25,535477,583849659.21,3.53,-1.62,-0.17,0.69
招商蛇口,2023-11-16,10.26,10.27,10.35,9.97,448778,480108264.08,3.69,-0.29,-0.03,0.58
招商蛇口,2023-11-17,10.21,10.29,10.34,10.14,240652,258714339.13,1.95,0.19,0.02,0.31
招商蛇口,2023-11-20,10.31,10.14,10.36,10.11,405880,433535629.85,2.43,-1.46,-0.15,0.52
招商蛇口,2023-11-21,10.22,10.35,10.53,10.18,583756,635871193.42,3.45,2.07,0.21,0.75
招商蛇口,2023-11-22,10.29,10.16,10.44,10.16,321101,347262034.26,2.71,-1.84,-0.19,0.41
招商蛇口,2023-11-23,10.32,10.59,10.6,10.13,733226,804939936.39,4.63,4.23,0.43,0.95
招商蛇口,2023-11-24,10.83,10.62,10.95,10.52,561866,625877008.52,4.06,0.28,0.03,0.73
招商蛇口,2023-11-27,10.59,10.53,10.59,10.29,405579,444716101.41,2.82,-0.85,-0.09,0.52
招商蛇口,2023-11-28,10.49,10.37,10.52,10.32,190389,207856926.38,1.9,-1.52,-0.16,0.25
招商蛇口,2023-11-29,10.31,9.97,10.48,9.94,426245,451575823.09,5.21,-3.86,-0.4,0.55
招商蛇口,2023-11-30,9.94,9.91,9.99,9.76,538384,558003765.46,2.31,-0.6,-0.06,0.7
招商蛇口,2023-12-01,9.79,9.75,9.88,9.64,424271,434039633.03,2.42,-1.61,-0.16,0.55
招商蛇口,2023-12-04,9.7,9.46,9.79,9.4,527275,528269066.3,4.0,-2.97,-0.29,0.68
招商蛇口,2023-12-05,9.43,9.11,9.45,9.09,552685,539811799.01,3.81,-3.7,-0.35,0.71
招商蛇口,2023-12-06,9.12,9.27,9.36,8.93,434848,421533901.0,4.72,1.76,0.16,0.56
招商蛇口,2023-12-07,9.22,9.22,9.35,9.18,296424,289228930.12,1.83,-0.54,-0.05,0.38
招商蛇口,2023-12-08,9.21,9.07,9.22,9.02,368334,353661211.5,2.17,-1.63,-0.15,0.48
招商蛇口,2023-12-11,9.0,8.86,9.0,8.68,643589,599039680.3,3.53,-2.32,-0.21,0.83
招商蛇口,2023-12-12,9.01,9.29,9.4,8.88,907512,880131581.14,5.87,4.85,0.43,1.17
招商蛇口,2023-12-13,9.11,8.94,9.23,8.89,516853,491098627.47,3.66,-3.77,-0.35,0.67
招商蛇口,2023-12-14,8.94,8.91,9.09,8.9,265701,252082400.16,2.13,-0.34,-0.03,0.34
招商蛇口,2023-12-15,9.07,9.12,9.4,9.0,790755,769530160.96,4.49,2.36,0.21,1.02
招商蛇口,2023-12-18,9.09,9.11,9.39,8.95,514458,499000736.56,4.82,-0.11,-0.01,0.66
招商蛇口,2023-12-19,9.05,8.91,9.14,8.83,338969,320273090.62,3.4,-2.2,-0.2,0.44
招商蛇口,2023-12-20,8.91,8.77,8.99,8.77,227192,212950311.32,2.47,-1.57,-0.14,0.29
招商蛇口,2023-12-21,8.71,8.9,8.94,8.68,315775,295053299.32,2.96,1.48,0.13,0.41
招商蛇口,2023-12-22,8.86,8.88,8.94,8.77,250446,234634433.07,1.91,-0.22,-0.02,0.32
招商蛇口,2023-12-25,8.87,8.85,8.97,8.81,229724,215542060.13,1.8,-0.34,-0.03,0.3
招商蛇口,2023-12-26,8.82,8.61,8.95,8.59,289557,266287112.75,4.07,-2.71,-0.24,0.37
招商蛇口,2023-12-27,8.57,8.75,8.8,8.52,314153,287926570.84,3.25,1.63,0.14,0.41
招商蛇口,2023-12-28,8.69,8.99,9.02,8.63,330895,310993166.51,4.46,2.74,0.24,0.43
招商蛇口,2023-12-29,8.98,9.02,9.06,8.85,342418,324396710.02,2.34,0.33,0.03,0.44
招商蛇口,2024-01-02,9.02,8.44,9.02,8.42,1038695,941295781.68,6.65,-6.43,-0.58,1.34
招商蛇口,2024-01-03,8.42,8.41,8.53,8.35,507537,453726698.64,2.13,-0.36,-0.03,0.66
招商蛇口,2024-01-04,8.37,8.26,8.39,8.15,650507,568574082.25,2.85,-1.78,-0.15,0.84
招商蛇口,2024-01-05,8.22,8.16,8.36,8.12,631755,552245805.93,2.91,-1.21,-0.1,0.82
招商蛇口,2024-01-08,8.2,8.0,8.23,7.95,522827,447500560.81,3.43,-1.96,-0.16,0.68
招商蛇口,2024-01-09,8.0,8.13,8.23,7.92,488169,420657547.08,3.88,1.63,0.13,0.63
招商蛇口,2024-01-10,8.08,8.13,8.25,8.03,407461,352628063.44,2.71,0.0,0.0,0.53
招商蛇口,2024-01-11,8.11,8.06,8.14,7.95,486728,415444408.28,2.34,-0.86,-0.07,0.63
招商蛇口,2024-01-12,8.0,8.03,8.17,7.98,403735,346792135.01,2.36,-0.37,-0.03,0.52
招商蛇口,2024-01-15,8.02,8.12,8.16,7.89,434838,372094100.34,3.36,1.12,0.09,0.56
招商蛇口,2024-01-16,8.07,8.08,8.18,7.96,325801,278899465.06,2.71,-0.49,-0.04,0.42
招商蛇口,2024-01-17,8.05,7.8,8.06,7.8,394632,331828478.07,3.22,-3.47,-0.28,0.51
招商蛇口,2024-01-18,7.75,7.89,7.93,7.6,486419,402114464.47,4.23,1.15,0.09,0.63
招商蛇口,2024-01-19,7.86,7.92,8.05,7.84,415144,351031409.86,2.66,0.38,0.03,0.54
招商蛇口,2024-01-22,7.89,7.64,7.97,7.58,493003,410055852.04,4.92,-3.54,-0.28,0.64
招商蛇口,2024-01-23,7.64,7.64,7.72,7.52,451439,367673834.87,2.62,0.0,0.0,0.58
招商蛇口,2024-01-24,7.68,7.87,7.87,7.6,480089,396060702.69,3.53,3.01,0.23,0.62
招商蛇口,2024-01-25,7.91,8.43,8.47,7.88,910861,796512637.21,7.5,7.12,0.56,1.18
招商蛇口,2024-01-26,8.42,8.65,8.77,8.4,1151382,1055216206.73,4.39,2.61,0.22,1.49
招商蛇口,2024-01-29,8.89,8.77,9.04,8.7,1022863,962100377.52,3.93,1.39,0.12,1.32
招商蛇口,2024-01-30,8.77,8.5,8.81,8.47,598228,546737461.08,3.88,-3.08,-0.27,0.77
招商蛇口,2024-01-31,8.45,8.26,8.61,8.21,584524,517017594.28,4.71,-2.82,-0.24,0.76
招商蛇口,2024-02-01,8.14,8.14,8.36,8.11,499709,436235676.41,3.03,-1.45,-0.12,0.65
招商蛇口,2024-02-02,8.15,8.29,8.53,7.95,647048,570740739.68,7.13,1.84,0.15,0.84
招商蛇口,2024-02-05,8.18,7.83,8.22,7.75,707087,597887603.91,5.67,-5.55,-0.46,0.91
招商蛇口,2024-02-06,7.76,8.28,8.37,7.68,703055,602027323.9,8.81,5.75,0.45,0.91
招商蛇口,2024-02-07,8.24,8.06,8.25,7.91,740524,635288116.08,4.11,-2.66,-0.22,0.96
招商蛇口,2024-02-08,8.16,8.61,8.61,8.16,870438,775711520.31,5.58,6.82,0.55,1.12
招商蛇口,2024-02-19,8.65,8.45,8.65,8.17,947381,836369659.51,5.57,-1.86,-0.16,1.22
招商蛇口,2024-02-20,8.47,8.54,8.87,8.43,736524,670270447.73,5.21,1.07,0.09,0.95
招商蛇口,2024-02-21,8.39,8.86,8.99,8.2,864819,798402365.57,9.25,3.75,0.32,1.12
招商蛇口,2024-02-22,8.73,8.78,8.84,8.65,455156,420725399.39,2.14,-0.9,-0.08,0.59
招商蛇口,2024-02-23,8.76,8.88,8.95,8.73,540486,506880367.23,2.51,1.14,0.1,0.7
招商蛇口,2024-02-26,8.79,8.67,8.84,8.62,441420,407000715.24,2.48,-2.36,-0.21,0.57
招商蛇口,2024-02-27,8.6,8.85,8.85,8.58,373507,346276658.96,3.11,2.08,0.18,0.48
招商蛇口,2024-02-28,8.86,8.69,9.04,8.69,562557,528101511.58,3.95,-1.81,-0.16,0.73
招商蛇口,2024-02-29,8.65,8.91,8.94,8.64,487297,455086742.39,3.45,2.53,0.22,0.63
招商蛇口,2024-03-01,8.9,8.77,8.91,8.65,518257,479551846.95,2.92,-1.57,-0.14,0.67
招商蛇口,2024-03-04,8.69,8.41,8.7,8.32,819274,731135876.2,4.33,-4.1,-0.36,1.06
招商蛇口,2024-03-05,8.32,8.43,8.47,8.18,673623,595213697.71,3.45,0.24,0.02,0.87
招商蛇口,2024-03-06,8.36,8.22,8.42,8.19,482424,423315805.09,2.73,-2.49,-0.21,0.62
招商蛇口,2024-03-07,8.23,8.07,8.29,8.07,513777,445953941.55,2.68,-1.82,-0.15,0.66
招商蛇口,2024-03-08,8.05,7.95,8.11,7.89,478397,405426147.29,2.73,-1.49,-0.12,0.62
招商蛇口,2024-03-11,7.95,8.22,8.22,7.94,562734,484477856.94,3.52,3.4,0.27,0.73
招商蛇口,2024-03-12,8.36,8.77,8.9,8.23,1228381,1111016863.88,8.15,6.69,0.55,1.59
招商蛇口,2024-03-13,8.74,8.61,8.77,8.55,626308,572828093.89,2.51,-1.82,-0.16,0.81
招商蛇口,2024-03-14,8.62,8.89,9.02,8.6,694463,648455729.88,4.88,3.25,0.28,0.9
招商蛇口,2024-03-15,8.88,8.89,9.16,8.78,540676,510505308.28,4.27,0.0,0.0,0.7
招商蛇口,2024-03-18,8.89,9.01,9.09,8.71,686468,646092920.21,4.27,1.35,0.12,0.89
招商蛇口,2024-03-19,9.16,8.98,9.23,8.97,723958,695380661.17,2.89,-0.33,-0.03,0.94
招商蛇口,2024-03-20,8.98,8.9,9.08,8.79,486357,457350448.86,3.23,-0.89,-0.08,0.63
招商蛇口,2024-03-21,8.87,8.97,9.14,8.85,459112,436947819.68,3.26,0.79,0.07,0.59
招商蛇口,2024-03-22,8.93,8.82,8.94,8.77,395101,369796953.49,1.9,-1.67,-0.15,0.51
招商蛇口,2024-03-25,8.81,9.11,9.33,8.72,751195,719283132.54,6.92,3.29,0.29,0.97
招商蛇口,2024-03-26,9.09,9.41,9.51,9.03,865079,846409263.74,5.27,3.29,0.3,1.12
招商蛇口,2024-03-27,9.4,9.14,9.4,9.05,569877,552256161.45,3.72,-2.87,-0.27,0.74
招商蛇口,2024-03-28,9.1,9.15,9.26,9.04,493940,477081343.98,2.41,0.11,0.01,0.64
招商蛇口,2024-03-29,9.06,8.94,9.14,8.86,421854,400032864.2,3.06,-2.3,-0.21,0.55
招商蛇口,2024-04-01,8.89,8.97,9.12,8.87,488493,462781295.82,2.8,0.34,0.03,0.63
招商蛇口,2024-04-02,8.95,8.53,8.95,8.49,882581,805827275.09,5.13,-4.91,-0.44,1.14
招商蛇口,2024-04-03,8.47,8.54,8.7,8.45,508032,462466624.44,2.93,0.12,0.01,0.66
招商蛇口,2024-04-08,8.5,8.5,8.8,8.47,579167,527724901.5,3.86,-0.47,-0.04,0.75
招商蛇口,2024-04-09,8.52,8.29,8.53,8.23,472926,417458893.64,3.53,-2.47,-0.21,0.61
招商蛇口,2024-04-10,8.27,7.88,8.28,7.81,736706,625365607.79,5.67,-4.95,-0.41,0.95
招商蛇口,2024-04-11,7.78,7.92,8.04,7.7,486912,408316801.6,4.31,0.51,0.04,0.63
招商蛇口,2024-04-12,7.87,7.67,7.98,7.64,434003,358832370.44,4.29,-3.16,-0.25,0.56
招商蛇口,2024-04-15,7.62,7.76,7.85,7.54,510211,420693030.01,4.04,1.17,0.09,0.66
招商蛇口,2024-04-16,7.67,7.96,8.02,7.56,708241,588528921.79,5.93,2.58,0.2,0.92
招商蛇口,2024-04-17,7.86,7.97,8.04,7.83,562600,474575664.34,2.64,0.13,0.01,0.73
招商蛇口,2024-04-18,7.89,7.84,7.98,7.76,482026,404544229.32,2.76,-1.63,-0.13,0.62
招商蛇口,2024-04-19,7.76,7.73,7.82,7.66,432717,356282314.24,2.04,-1.4,-0.11,0.56
招商蛇口,2024-04-22,7.71,7.28,7.78,7.09,1753999,1377522196.84,8.93,-5.82,-0.45,2.11
招商蛇口,2024-04-23,7.26,7.19,7.34,7.16,877621,679319079.78,2.47,-1.24,-0.09,1.05
招商蛇口,2024-04-24,7.19,7.1,7.21,6.94,863752,651647007.32,3.76,-1.25,-0.09,1.04
招商蛇口,2024-04-25,7.05,7.2,7.28,7.02,718979,554329337.8,3.66,1.41,0.1,0.86
招商蛇口,2024-04-26,7.18,7.76,7.8,7.12,1540455,1235501101.12,9.44,7.78,0.56,1.85
招商蛇口,2024-04-29,7.67,8.32,8.46,7.64,1554540,1349309590.16,10.57,7.22,0.56,1.87
招商蛇口,2024-04-30,8.29,7.96,8.29,7.87,1264647,1079327174.77,5.05,-4.33,-0.36,1.52
招商蛇口,2024-05-06,8.2,8.2,8.42,8.14,1406782,1234917336.5,3.52,3.02,0.24,1.69
招商蛇口,2024-05-07,8.13,8.45,8.56,8.08,1126511,999124022.83,5.85,3.05,0.25,1.35
招商蛇口,2024-05-08,8.37,8.14,8.4,8.11,644138,562346349.51,3.43,-3.67,-0.31,0.77
招商蛇口,2024-05-09,8.21,8.42,8.56,8.2,980787,874089105.95,4.42,3.44,0.28,1.18
招商蛇口,2024-05-10,8.46,9.31,9.31,8.46,2172174,2059223478.32,10.1,10.57,0.89,2.61
招商蛇口,2024-05-13,9.19,9.09,9.31,8.96,1413024,1363003899.76,3.76,-2.36,-0.22,1.7
招商蛇口,2024-05-14,9.12,9.42,9.57,9.06,1265287,1246640908.03,5.61,3.63,0.33,1.52
招商蛇口,2024-05-15,9.37,9.64,10.37,9.34,1903996,1973248126.96,10.93,2.34,0.22,2.29
招商蛇口,2024-05-16,9.59,9.92,10.24,9.42,2283219,2377074730.47,8.51,2.9,0.28,2.74
招商蛇口,2024-05-17,10.03,10.89,10.91,9.44,3353397,3558009492.94,14.82,9.78,0.97,4.03
招商蛇口,2024-05-20,10.47,10.28,11.05,10.07,2642155,2886204903.99,9.0,-5.6,-0.61,3.17
招商蛇口,2024-05-21,10.17,10.06,10.4,9.95,1446164,1540105181.9,4.38,-2.14,-0.22,1.74
招商蛇口,2024-05-22,10.0,9.98,10.67,9.91,1901490,2041090062.21,7.55,-0.8,-0.08,2.28
招商蛇口,2024-05-23,9.81,9.85,9.94,9.68,1257479,1295005047.17,2.61,-1.3,-0.13,1.51
招商蛇口,2024-05-24,9.73,9.54,9.74,9.5,774784,783963439.23,2.44,-3.15,-0.31,0.93
招商蛇口,2024-05-27,9.53,9.67,9.71,9.26,878745,878346470.67,4.72,1.36,0.13,1.06
招商蛇口,2024-05-28,9.81,9.47,9.96,9.44,852106,868414210.32,5.38,-2.07,-0.2,1.02
招商蛇口,2024-05-29,9.57,9.59,9.69,9.44,823072,828413833.64,2.64,1.27,0.12,0.99
招商蛇口,2024-05-30,9.46,9.14,9.52,9.09,1067182,1042001605.66,4.48,-4.69,-0.45,1.28
招商蛇口,2024-05-31,9.14,9.14,9.38,9.1,713913,694992455.0,3.06,0.0,0.0,0.86
招商蛇口,2024-06-03,9.15,9.37,9.54,9.04,867393,852279243.81,5.47,2.52,0.23,1.04
招商蛇口,2024-06-04,9.39,9.58,9.66,9.24,939831,941834078.59,4.48,2.24,0.21,1.13
招商蛇口,2024-06-05,9.55,9.27,9.55,9.26,479236,473846688.56,3.03,-3.24,-0.31,0.58
招商蛇口,2024-06-06,9.27,9.39,9.51,9.19,587892,578422319.06,3.45,1.29,0.12,0.71
招商蛇口,2024-06-07,9.35,9.48,9.66,9.34,583291,584176758.59,3.41,0.96,0.09,0.7
招商蛇口,2024-06-11,9.42,9.53,9.73,9.26,741550,746709184.41,4.96,0.53,0.05,0.89
招商蛇口,2024-06-12,9.48,9.36,9.53,9.32,382717,379034808.73,2.2,-1.78,-0.17,0.46
招商蛇口,2024-06-13,9.4,9.2,9.46,9.11,479323,465716989.92,3.74,-1.71,-0.16,0.58
招商蛇口,2024-06-14,9.11,9.49,9.59,9.07,602428,596738147.91,5.65,3.15,0.29,0.72
招商蛇口,2024-06-17,9.39,9.21,9.42,9.05,564946,548211067.48,3.9,-2.95,-0.28,0.68
招商蛇口,2024-06-18,9.17,9.12,9.36,9.04,453753,439107181.32,3.47,-0.98,-0.09,0.55
招商蛇口,2024-06-19,9.08,8.89,9.12,8.8,668066,630246151.31,3.51,-2.52,-0.23,0.8
招商蛇口,2024-06-20,8.84,8.6,8.86,8.55,642678,588927559.96,3.49,-3.26,-0.29,0.77
招商蛇口,2024-06-21,8.64,8.64,8.69,8.55,562899,514482405.02,1.63,0.47,0.04,0.68
招商蛇口,2024-06-24,8.54,8.36,8.55,8.33,536500,479532213.2,2.55,-3.24,-0.28,0.64
招商蛇口,2024-06-25,8.36,8.65,8.84,8.23,817831,743293407.91,7.3,3.47,0.29,0.98
招商蛇口,2024-06-26,8.54,8.55,8.64,8.47,393186,356149311.14,1.97,-1.16,-0.1,0.47
招商蛇口,2024-06-27,8.56,8.29,8.68,8.29,547777,491325512.02,4.56,-3.04,-0.26,0.66
招商蛇口,2024-06-28,8.28,8.28,8.55,8.24,537347,476851115.5,3.74,-0.12,-0.01,0.65
招商蛇口,2024-07-01,8.25,8.96,9.05,8.25,1016688,944351162.41,9.66,8.21,0.68,1.22
招商蛇口,2024-07-02,8.86,8.75,9.15,8.72,609786,576459421.64,4.8,-2.34,-0.21,0.73
招商蛇口,2024-07-03,8.77,8.92,9.15,8.62,791653,748211941.33,6.06,1.94,0.17,0.95
招商蛇口,2024-07-04,8.91,8.64,8.94,8.62,463810,428384211.8,3.59,-3.14,-0.28,0.56
招商蛇口,2024-07-05,8.61,8.5,8.71,8.4,420757,380578221.88,3.59,-1.62,-0.14,0.51
招商蛇口,2024-07-08,8.48,8.22,8.57,8.18,500950,441174431.55,4.59,-3.29,-0.28,0.6
招商蛇口,2024-07-09,8.2,8.23,8.3,8.12,421559,368081750.57,2.19,0.12,0.01,0.51
招商蛇口,2024-07-10,8.09,8.17,8.28,7.94,481021,415970694.49,4.13,-0.73,-0.06,0.58
招商蛇口,2024-07-11,8.26,8.3,8.34,8.17,455023,399178480.82,2.08,1.59,0.13,0.55
招商蛇口,2024-07-12,8.3,8.78,9.04,8.3,1229051,1145070158.53,8.92,5.78,0.48,1.48
招商蛇口,2024-07-15,8.83,8.75,9.0,8.71,560138,522921825.21,3.3,-0.34,-0.03,0.67
招商蛇口,2024-07-16,8.7,8.94,9.11,8.59,713993,672240930.55,5.94,2.17,0.19,0.86
招商蛇口,2024-07-17,8.93,9.07,9.38,8.92,694731,674345466.0,5.15,1.45,0.13,0.83
招商蛇口,2024-07-18,9.08,9.32,9.37,8.99,623355,604221394.32,4.19,2.76,0.25,0.75
招商蛇口,2024-07-19,9.25,9.0,9.27,8.91,606702,577297771.98,3.86,-3.43,-0.32,0.73
招商蛇口,2024-07-22,9.02,8.84,9.05,8.77,597541,561057188.6,3.11,-1.78,-0.16,0.72
招商蛇口,2024-07-23,8.89,8.73,8.97,8.73,480401,434941344.85,2.71,-1.24,-0.11,0.58
招商蛇口,2024-07-24,8.7,8.38,8.83,8.33,716692,622130702.88,5.73,-4.01,-0.35,0.86
招商蛇口,2024-07-25,8.37,8.55,8.75,8.36,477731,417028903.83,4.65,2.03,0.17,0.57
招商蛇口,2024-07-26,8.48,8.51,8.71,8.37,545263,473524636.4,3.98,-0.47,-0.04,0.66
招商蛇口,2024-07-29,8.39,8.01,8.42,7.92,997552,821977832.26,5.88,-5.88,-0.5,1.2
招商蛇口,2024-07-30,7.94,8.03,8.13,7.93,539731,443275948.24,2.5,0.25,0.02,0.65
招商蛇口,2024-07-31,8.0,8.6,8.64,7.92,1056846,902468675.07,8.97,7.1,0.57,1.27
招商蛇口,2024-08-01,8.56,8.27,8.62,8.24,632009,541345407.77,4.42,-3.84,-0.33,0.76
招商蛇口,2024-08-02,8.19,8.23,8.39,8.17,510836,432581196.68,2.66,-0.48,-0.04,0.61
招商蛇口,2024-08-05,8.16,8.39,8.76,8.14,1075986,938523494.25,7.53,1.94,0.16,1.29
招商蛇口,2024-08-06,8.44,8.64,8.71,8.44,686708,602634820.41,3.22,2.98,0.25,0.83
招商蛇口,2024-08-07,8.57,8.7,8.81,8.39,774461,681651058.4,4.86,0.69,0.06,0.93
招商蛇口,2024-08-08,8.78,8.73,9.01,8.54,878784,786116717.61,5.4,0.34,0.03,1.06
招商蛇口,2024-08-09,8.63,8.88,9.1,8.59,833630,761739833.67,5.84,1.72,0.15,1.0
招商蛇口,2024-08-12,8.81,8.58,8.88,8.55,436893,385668856.98,3.72,-3.38,-0.3,0.52
招商蛇口,2024-08-13,8.54,8.62,8.68,8.48,359408,315241152.98,2.33,0.47,0.04,0.43
招商蛇口,2024-08-14,8.61,8.52,8.66,8.46,286593,249997074.37,2.32,-1.16,-0.1,0.34
招商蛇口,2024-08-15,8.5,8.67,8.74,8.42,404676,356736915.14,3.76,1.76,0.15,0.49
招商蛇口,2024-08-16,8.67,8.66,8.78,8.56,305329,270692274.52,2.54,-0.12,-0.01,0.37
招商蛇口,2024-08-19,8.61,8.7,8.85,8.58,382103,341114703.16,3.12,0.46,0.04,0.46
招商蛇口,2024-08-20,8.69,8.65,8.75,8.58,271589,239841897.4,1.95,-0.57,-0.05,0.33
招商蛇口,2024-08-21,8.61,8.8,8.85,8.49,397461,353501681.43,4.16,1.73,0.15,0.48
招商蛇口,2024-08-22,8.83,8.91,9.01,8.82,452350,411943820.12,2.16,1.25,0.11,0.54
招商蛇口,2024-08-23,8.89,9.06,9.14,8.82,449371,413475088.35,3.59,1.68,0.15,0.54
招商蛇口,2024-08-26,9.06,9.22,9.28,8.96,434133,406371198.92,3.53,1.77,0.16,0.52
招商蛇口,2024-08-27,9.16,8.89,9.21,8.82,455157,416256951.22,4.23,-3.58,-0.33,0.55
招商蛇口,2024-08-28,8.84,8.63,8.92,8.6,373582,333953714.55,3.6,-2.92,-0.26,0.45
招商蛇口,2024-08-29,8.56,8.7,8.76,8.51,310194,275005927.6,2.9,0.81,0.07,0.37
招商蛇口,2024-08-30,8.66,9.04,9.54,8.65,974103,913489787.2,10.23,3.91,0.34,1.17
招商蛇口,2024-09-02,8.92,8.64,8.95,8.63,597015,533303923.94,3.54,-4.42,-0.4,0.72
招商蛇口,2024-09-03,8.57,8.86,8.94,8.53,539184,485408513.69,4.75,2.55,0.22,0.65
招商蛇口,2024-09-04,8.77,8.61,9.07,8.59,509909,457424242.51,5.42,-2.82,-0.25,0.61
招商蛇口,2024-09-05,8.71,8.84,8.94,8.64,462125,415181492.8,3.48,2.67,0.23,0.56
招商蛇口,2024-09-06,8.78,8.74,8.86,8.71,253388,227125396.64,1.7,-1.13,-0.1,0.3
招商蛇口,2024-09-09,8.69,8.62,8.76,8.51,266503,234995087.78,2.86,-1.37,-0.12,0.32
招商蛇口,2024-09-10,8.63,8.37,8.7,8.21,490764,421320680.36,5.68,-2.9,-0.25,0.59
招商蛇口,2024-09-11,8.29,8.56,8.66,8.23,419569,365294180.56,5.14,2.27,0.19,0.5
招商蛇口,2024-09-12,8.54,8.45,8.67,8.43,252562,220113435.62,2.8,-1.29,-0.11,0.3
招商蛇口,2024-09-13,8.5,8.62,8.67,8.43,346110,304147579.22,2.84,2.01,0.17,0.42
招商蛇口,2024-09-18,8.66,9.0,9.17,8.62,556192,504443376.26,6.38,4.41,0.38,0.67
招商蛇口,2024-09-19,9.06,9.31,9.48,9.06,797638,754471809.29,4.67,3.44,0.31,0.96
招商蛇口,2024-09-20,9.02,9.39,9.47,9.01,681800,645275212.39,4.94,0.86,0.08,0.82
招商蛇口,2024-09-23,9.29,9.46,9.58,9.25,505459,488089373.49,3.51,0.75,0.07,0.61
招商蛇口,2024-09-24,9.79,9.49,9.92,9.14,1149044,1106234834.11,8.25,0.32,0.03,1.38
招商蛇口,2024-09-25,9.41,9.41,9.91,9.34,1246790,1224675994.27,6.01,-0.84,-0.08,1.5
招商蛇口,2024-09-26,9.29,10.37,10.37,9.26,1821223,1844100861.24,11.8,10.2,0.96,2.19
招商蛇口,2024-09-27,10.65,11.03,11.18,10.48,2091697,2298050939.71,6.75,6.36,0.66,2.51
招商蛇口,2024-09-30,11.91,12.06,12.11,11.14,2646376,3151071961.4,8.79,9.34,1.03,3.18
招商蛇口,2024-10-08,13.23,11.76,13.25,11.11,3915856,4763324861.01,17.74,-2.49,-0.3,4.71
招商蛇口,2024-10-09,11.14,10.57,11.16,10.57,1708074,1856502798.28,5.02,-10.12,-1.19,2.05
招商蛇口,2024-10-10,10.32,10.27,10.7,9.9,2115242,2219725790.91,7.57,-2.84,-0.3,2.54
招商蛇口,2024-10-11,10.14,10.44,10.7,10.09,1435493,1519771318.78,5.94,1.66,0.17,1.72
招商蛇口,2024-10-14,10.76,10.97,11.13,10.61,2049806,2277061211.73,4.98,5.08,0.53,2.46
招商蛇口,2024-10-15,10.81,10.84,11.16,10.65,1218780,1355986838.46,4.65,-1.19,-0.13,1.46
招商蛇口,2024-10-16,11.01,11.25,11.35,10.82,1896823,2136490644.09,4.89,3.78,0.41,2.28
招商蛇口,2024-10-17,11.36,10.43,11.36,10.42,1566409,1723142900.2,8.36,-7.29,-0.82,1.88
招商蛇口,2024-10-18,10.3,10.56,10.76,10.03,1307171,1377330136.87,7.0,1.25,0.13,1.57
招商蛇口,2024-10-21,10.96,10.91,11.06,10.71,1419646,1573746498.63,3.31,3.31,0.35,1.71
招商蛇口,2024-10-22,10.81,10.88,11.06,10.76,946216,1047888251.9,2.75,-0.27,-0.03,1.14
招商蛇口,2024-10-23,10.86,10.89,10.98,10.78,992145,1098743302.39,1.84,0.09,0.01,1.19
招商蛇口,2024-10-24,10.86,10.69,10.98,10.67,894789,984429098.96,2.85,-1.84,-0.2,1.08
招商蛇口,2024-10-25,10.66,10.75,11.0,10.63,986409,1087667184.67,3.46,0.56,0.06,1.19
招商蛇口,2024-10-28,10.76,10.97,11.07,10.67,1133846,1262471030.18,3.72,2.05,0.22,1.36
招商蛇口,2024-10-29,10.93,10.73,11.29,10.71,1160047,1289411846.93,5.29,-2.19,-0.24,1.39
招商蛇口,2024-10-30,10.7,10.8,10.93,10.64,890033,979313318.56,2.7,0.65,0.07,1.07
招商蛇口,2024-10-31,10.74,11.1,11.57,10.61,1868563,2118137718.93,8.89,2.78,0.3,2.25
招商蛇口,2024-11-01,11.23,11.38,11.66,11.14,1614976,1872418193.63,4.68,2.52,0.28,1.94
招商蛇口,2024-11-04,11.61,11.39,11.61,11.04,1179310,1351799103.91,5.01,0.09,0.01,1.42
招商蛇口,2024-11-05,11.39,11.67,11.9,11.26,1947906,2300511360.41,5.62,2.46,0.28,2.34
招商蛇口,2024-11-06,11.72,12.21,12.81,11.44,2491117,3017618576.22,11.74,4.63,0.54,2.99
招商蛇口,2024-11-07,11.91,12.49,12.55,11.91,2426871,3023467857.3,5.24,2.29,0.28,2.92
招商蛇口,2024-11-08,12.63,11.82,12.68,11.78,2324511,2857033143.07,7.21,-5.36,-0.67,2.79
招商蛇口,2024-11-11,11.65,11.62,11.76,11.4,1387102,1629273269.51,3.05,-1.69,-0.2,1.67
招商蛇口,2024-11-12,11.62,11.55,11.85,11.41,1195327,1412218597.15,3.79,-0.6,-0.07,1.44
招商蛇口,2024-11-13,11.47,11.48,11.63,11.36,680520,793929871.39,2.34,-0.61,-0.07,0.82
招商蛇口,2024-11-14,11.66,11.03,11.71,11.03,1296154,1492692772.5,5.92,-3.92,-0.45,1.56
招商蛇口,2024-11-15,10.94,10.62,11.06,10.61,1007911,1109985848.66,4.08,-3.72,-0.41,1.21
招商蛇口,2024-11-18,10.75,10.73,11.0,10.64,991484,1093598127.43,3.39,1.04,0.11,1.19
招商蛇口,2024-11-19,10.72,10.74,10.74,10.47,809108,873457323.86,2.52,0.09,0.01,0.97
招商蛇口,2024-11-20,10.67,10.83,10.85,10.61,736425,805041769.73,2.23,0.84,0.09,0.88
招商蛇口,2024-11-21,10.77,10.71,10.86,10.65,551616,602579243.73,1.94,-1.11,-0.12,0.66
招商蛇口,2024-11-22,10.63,10.34,10.75,10.32,694028,745881093.15,4.01,-3.45,-0.37,0.83
招商蛇口,2024-11-25,10.36,10.47,10.63,10.19,778116,824305970.45,4.26,1.26,0.13,0.93
招商蛇口,2024-11-26,10.42,10.87,11.1,10.41,1254992,1381621954.55,6.59,3.82,0.4,1.51
招商蛇口,2024-11-27,10.81,11.2,11.31,10.71,1308051,1479188040.15,5.52,3.04,0.33,1.57
招商蛇口,2024-11-28,11.11,11.61,12.18,11.09,2363287,2798815274.27,9.73,3.66,0.41,2.84
招商蛇口,2024-11-29,11.43,11.59,11.78,11.35,1537027,1809099880.65,3.7,-0.17,-0.02,1.85
招商蛇口,2024-12-02,11.5,11.9,12.22,11.47,1983645,2373020247.24,6.47,2.67,0.31,2.38
招商蛇口,2024-12-03,11.81,11.66,11.99,11.61,1583195,1891274933.92,3.19,-2.02,-0.24,1.9
招商蛇口,2024-12-04,11.59,11.27,11.65,11.22,1258636,1461372479.52,3.69,-3.34,-0.39,1.51
招商蛇口,2024-12-05,11.2,11.16,11.28,11.03,1042469,1180614869.69,2.22,-0.98,-0.11,1.25
招商蛇口,2024-12-06,11.15,11.18,11.28,11.09,905240,1030236024.18,1.7,0.18,0.02,1.09
招商蛇口,2024-12-09,11.12,10.93,11.16,10.87,915016,1022005129.32,2.59,-2.24,-0.25,1.1
招商蛇口,2024-12-10,11.43,11.03,11.51,10.99,1516865,1741327006.2,4.76,0.91,0.1,1.82
招商蛇口,2024-12-11,10.97,11.05,11.21,10.87,833642,938206078.79,3.08,0.18,0.02,1.0
招商蛇口,2024-12-12,11.03,11.06,11.1,10.91,901552,1008520285.59,1.72,0.09,0.01,1.08
招商蛇口,2024-12-13,10.96,10.7,10.98,10.69,1144104,1254988657.64,2.62,-3.25,-0.36,1.37
招商蛇口,2024-12-16,10.72,10.6,10.81,10.53,652615,707431372.0,2.62,-0.93,-0.1,0.78
招商蛇口,2024-12-17,10.57,10.44,10.64,10.43,593645,636752271.89,1.98,-1.51,-0.16,0.71
招商蛇口,2024-12-18,10.51,10.47,10.55,10.42,530817,566704222.87,1.25,0.29,0.03,0.64
招商蛇口,2024-12-19,10.31,10.46,10.46,10.3,581176,613196962.46,1.53,-0.1,-0.01,0.7
招商蛇口,2024-12-20,10.44,10.49,10.53,10.38,458142,488260981.2,1.43,0.29,0.03,0.55
招商蛇口,2024-12-23,10.49,10.19,10.52,10.17,705701,740911293.25,3.34,-2.86,-0.3,0.85
招商蛇口,2024-12-24,10.16,10.24,10.26,10.14,486762,505911203.62,1.18,0.49,0.05,0.58
招商蛇口,2024-12-25,10.23,10.04,10.26,9.93,730491,746935306.88,3.22,-1.95,-0.2,0.88
招商蛇口,2024-12-26,10.0,9.96,10.05,9.94,522238,531141765.52,1.1,-0.8,-0.08,0.63
招商蛇口,2024-12-27,9.96,10.16,10.2,9.96,700528,720766393.49,2.41,2.01,0.2,0.84
招商蛇口,2024-12-30,10.09,10.01,10.1,9.97,563602,574741868.58,1.28,-1.48,-0.15,0.68
招商蛇口,2024-12-31,10.03,10.05,10.39,10.02,1140742,1184632775.86,3.7,0.4,0.04,1.37
招商蛇口,2025-01-02,10.13,9.8,10.36,9.69,1087826,1112776108.21,6.67,-2.49,-0.25,1.31
招商蛇口,2025-01-03,9.76,9.6,9.88,9.55,728422,720172777.49,3.37,-2.04,-0.2,0.88
招商蛇口,2025-01-06,9.52,9.64,9.65,9.43,519464,506266141.63,2.29,0.42,0.04,0.62
招商蛇口,2025-01-07,9.61,9.67,9.68,9.45,478182,467849060.22,2.39,0.31,0.03,0.57
招商蛇口,2025-01-08,9.61,9.59,9.65,9.38,555450,539809858.99,2.79,-0.83,-0.08,0.67
招商蛇口,2025-01-09,9.54,9.75,9.85,9.53,604787,600571663.21,3.34,1.67,0.16,0.73
招商蛇口,2025-01-10,9.74,9.64,9.88,9.64,440851,438729495.56,2.46,-1.13,-0.11,0.53
招商蛇口,2025-01-13,9.58,9.9,9.96,9.51,697460,698818429.83,4.67,2.7,0.26,0.84
招商蛇口,2025-01-14,9.93,10.03,10.06,9.86,614248,625340558.41,2.02,1.31,0.13,0.74
招商蛇口,2025-01-15,10.01,9.9,10.02,9.85,428113,432250822.5,1.69,-1.3,-0.13,0.51
招商蛇口,2025-01-16,9.9,9.85,10.02,9.79,442514,446595132.67,2.32,-0.51,-0.05,0.53
招商蛇口,2025-01-17,9.66,10.02,10.2,9.61,999111,1015466010.52,5.99,1.73,0.17,1.2
招商蛇口,2025-01-20,9.99,9.97,10.09,9.89,433000,441155674.93,2.0,-0.5,-0.05,0.52
招商蛇口,2025-01-21,10.0,10.03,10.3,9.84,959675,988294815.79,4.61,0.6,0.06,1.15
招商蛇口,2025-01-22,9.93,9.63,9.98,9.6,785878,781717733.58,3.79,-3.99,-0.4,0.94
招商蛇口,2025-01-23,9.73,9.74,9.95,9.68,748191,747557058.25,2.8,1.14,0.11,0.9
招商蛇口,2025-01-24,9.71,9.74,9.82,9.67,417051,414465110.1,1.54,0.0,0.0,0.5
招商蛇口,2025-01-27,9.77,9.59,9.9,9.59,449687,447059592.84,3.18,-1.54,-0.15,0.54
招商蛇口,2025-02-05,9.64,9.46,9.64,9.39,511777,493213681.63,2.61,-1.36,-0.13,0.61
招商蛇口,2025-02-06,9.42,9.51,9.56,9.39,404256,390673186.6,1.8,0.53,0.05,0.49
招商蛇口,2025-02-07,9.49,9.64,9.75,9.46,738108,726522487.72,3.05,1.37,0.13,0.89
招商蛇口,2025-02-10,9.6,9.65,9.73,9.54,726057,712842898.34,1.97,0.1,0.01,0.87
招商蛇口,2025-02-11,9.65,9.42,9.68,9.39,846349,816679675.05,3.01,-2.38,-0.23,1.02
招商蛇口,2025-02-12,9.4,9.61,9.61,9.21,1248078,1194143674.0,4.25,2.02,0.19,1.5
招商蛇口,2025-02-13,9.51,9.52,9.72,9.46,1152413,1129189407.06,2.71,-0.94,-0.09,1.38
招商蛇口,2025-02-14,9.52,9.49,9.55,9.4,552391,532974752.75,1.58,-0.32,-0.03,0.66
招商蛇口,2025-02-17,9.48,9.62,9.66,9.44,758874,741283096.24,2.32,1.37,0.13,0.91
招商蛇口,2025-02-18,9.59,9.3,9.62,9.29,749534,720819808.96,3.43,-3.33,-0.32,0.9
招商蛇口,2025-02-19,9.27,9.33,9.35,9.19,540333,511711512.79,1.72,0.32,0.03,0.65
招商蛇口,2025-02-20,9.29,9.17,9.31,9.16,553288,519586694.41,1.61,-1.71,-0.16,0.66
招商蛇口,2025-02-21,9.18,9.11,9.25,9.07,788241,735975573.18,1.96,-0.65,-0.06,0.95
招商蛇口,2025-02-24,9.12,9.43,9.48,9.07,1337441,1276775228.83,4.5,3.51,0.32,1.61
招商蛇口,2025-02-25,9.36,9.4,9.47,9.28,520987,499296406.05,2.01,-0.32,-0.03,0.63
招商蛇口,2025-02-26,9.41,9.6,9.61,9.41,835434,813087992.02,2.13,2.13,0.2,1.0
招商蛇口,2025-02-27,9.56,9.75,9.86,9.54,894048,888945524.04,3.33,1.56,0.15,1.07
招商蛇口,2025-02-28,9.71,9.63,9.86,9.6,843234,837158640.27,2.67,-1.23,-0.12,1.01
招商蛇口,2025-03-03,9.68,9.81,9.91,9.67,734013,734011929.26,2.49,1.87,0.18,0.88
招商蛇口,2025-03-04,9.75,9.73,9.79,9.55,493335,486111779.81,2.45,-0.82,-0.08,0.59
招商蛇口,2025-03-05,9.71,9.55,9.71,9.4,663888,644726434.47,3.19,-1.85,-0.18,0.8
招商蛇口,2025-03-06,9.56,9.78,9.83,9.51,802758,792169139.61,3.35,2.41,0.23,0.96
招商蛇口,2025-03-07,9.71,9.55,9.71,9.53,544559,532892641.8,1.84,-2.35,-0.23,0.65
招商蛇口,2025-03-10,9.59,9.37,9.59,9.35,581146,559044653.56,2.51,-1.88,-0.18,0.7
招商蛇口,2025-03-11,9.3,9.29,9.31,9.21,513526,484667432.04,1.07,-0.85,-0.08,0.62
招商蛇口,2025-03-12,9.29,9.24,9.3,9.2,401684,379296964.72,1.08,-0.54,-0.05,0.48
招商蛇口,2025-03-13,9.24,9.24,9.27,9.17,437659,411926911.17,1.08,0.0,0.0,0.53
招商蛇口,2025-03-14,9.25,9.41,9.42,9.23,753784,719540712.4,2.06,1.84,0.17,0.91
招商蛇口,2025-03-17,9.43,9.51,9.58,9.42,635893,616716267.47,1.7,1.06,0.1,0.76
招商蛇口,2025-03-18,9.51,9.46,9.53,9.41,482123,464940491.16,1.26,-0.53,-0.05,0.58
招商蛇口,2025-03-19,9.46,9.38,9.46,9.35,407052,389923139.16,1.16,-0.85,-0.08,0.49
招商蛇口,2025-03-20,9.38,9.29,9.43,9.27,438753,418496837.48,1.71,-0.96,-0.09,0.53
招商蛇口,2025-03-21,9.27,9.27,9.31,9.21,472554,446089717.25,1.08,-0.22,-0.02,0.57
招商蛇口,2025-03-24,9.25,9.2,9.32,9.16,514787,484996329.39,1.73,-0.76,-0.07,0.62
招商蛇口,2025-03-25,9.21,9.25,9.29,9.14,360778,339594926.38,1.63,0.54,0.05,0.43
招商蛇口,2025-03-26,9.23,9.24,9.34,9.22,365898,346467122.19,1.3,-0.11,-0.01,0.44
招商蛇口,2025-03-27,9.22,9.29,9.33,9.15,451565,426489128.21,1.95,0.54,0.05,0.54
招商蛇口,2025-03-28,9.27,9.34,9.37,9.25,426993,406349713.31,1.29,0.54,0.05,0.51
招商蛇口,2025-03-31,9.33,8.98,9.34,8.96,786153,729835013.07,4.07,-3.85,-0.36,0.94
招商蛇口,2025-04-01,8.97,9.16,9.19,8.97,541739,503136159.82,2.45,2.0,0.18,0.65
招商蛇口,2025-04-02,9.13,9.15,9.18,9.03,305102,283965367.14,1.64,-0.11,-0.01,0.37
招商蛇口,2025-04-03,9.11,9.44,9.49,9.07,1021619,978245487.44,4.59,3.17,0.29,1.23
招商蛇口,2025-04-07,9.17,8.92,9.3,8.69,1015369,926846367.44,6.46,-5.51,-0.52,1.22
招商蛇口,2025-04-08,8.92,9.3,9.34,8.87,939384,880781526.44,5.27,4.26,0.38,1.13
招商蛇口,2025-04-09,9.21,9.63,9.66,9.1,1092160,1053973737.04,6.02,3.55,0.33,1.31
招商蛇口,2025-04-10,9.53,9.67,9.81,9.38,989075,972041997.13,4.47,0.42,0.04,1.19
招商蛇口,2025-04-11,9.57,9.48,9.61,9.41,520181,503510304.65,2.07,-1.96,-0.19,0.63
招商蛇口,2025-04-14,9.43,9.45,9.49,9.34,506296,486483301.96,1.58,-0.32,-0.03,0.61
招商蛇口,2025-04-15,9.45,9.42,9.45,9.31,409712,392159519.78,1.48,-0.32,-0.03,0.49
招商蛇口,2025-04-16,9.38,9.53,9.58,9.37,481281,465094928.57,2.23,1.17,0.11,0.58
招商蛇口,2025-04-17,9.47,9.68,9.91,9.46,1075981,1069984532.15,4.72,1.57,0.15,1.29
招商蛇口,2025-04-18,9.67,9.73,9.76,9.63,551341,544784808.56,1.34,0.52,0.05,0.66
招商蛇口,2025-04-21,9.65,9.64,9.74,9.54,415155,408253524.76,2.06,-0.92,-0.09,0.49
招商蛇口,2025-04-22,9.63,9.64,9.71,9.58,423869,417488931.57,1.35,0.0,0.0,0.5
招商蛇口,2025-04-23,9.63,9.5,9.66,9.49,476945,463845040.74,1.76,-1.45,-0.14,0.56
招商蛇口,2025-04-24,9.51,9.56,9.63,9.44,427601,416030710.71,2.0,0.63,0.06,0.51
招商蛇口,2025-04-25,9.54,9.18,9.84,9.16,1629227,1571980993.86,7.11,-3.97,-0.38,1.93
招商蛇口,2025-04-28,9.14,8.9,9.17,8.86,1102844,1009810614.69,3.38,-3.05,-0.28,1.3
招商蛇口,2025-04-29,8.91,8.91,8.96,8.87,413055,375842363.84,1.01,0.11,0.01,0.49
招商蛇口,2025-04-30,8.96,8.96,9.08,8.91,526371,483106162.04,1.91,0.56,0.05,0.62
招商蛇口,2025-05-06,8.96,8.97,8.98,8.89,551471,503954982.84,1.0,0.11,0.01,0.65
招商蛇口,2025-05-07,9.16,9.07,9.22,9.03,919987,856906722.43,2.12,1.11,0.1,1.09
招商蛇口,2025-05-08,9.02,9.0,9.08,8.98,720720,663130266.2,1.1,-0.77,-0.07,0.85
招商蛇口,2025-05-09,9.0,8.82,9.01,8.78,952499,861943849.3,2.56,-2.0,-0.18,1.13
招商蛇口,2025-05-12,8.84,8.85,8.85,8.8,488124,440022292.13,0.57,0.34,0.03,0.58
招商蛇口,2025-05-13,8.87,8.86,8.89,8.83,392736,355547182.67,0.68,0.11,0.01,0.46
招商蛇口,2025-05-14,8.86,8.88,8.93,8.79,602384,544614552.16,1.58,0.23,0.02,0.71
招商蛇口,2025-05-15,8.86,8.81,8.89,8.8,374961,338140848.12,1.01,-0.79,-0.07,0.44
招商蛇口,2025-05-16,8.81,8.72,8.83,8.68,590162,526009273.44,1.7,-1.02,-0.09,0.7
招商蛇口,2025-05-19,8.7,8.79,8.86,8.69,438801,393619217.04,1.95,0.8,0.07,0.52
招商蛇口,2025-05-20,8.78,8.8,8.82,8.75,362339,325009924.75,0.8,0.11,0.01,0.43
招商蛇口,2025-05-21,8.79,8.7,8.8,8.69,550781,490592651.33,1.25,-1.14,-0.1,0.65
招商蛇口,2025-05-22,8.69,8.58,8.7,8.54,598581,526108546.32,1.84,-1.38,-0.12,0.71
招商蛇口,2025-05-23,8.54,8.52,8.61,8.51,387184,338740549.05,1.17,-0.7,-0.06,0.46
招商蛇口,2025-05-26,8.51,8.5,8.55,8.43,454492,394215312.9,1.41,-0.23,-0.02,0.54
招商蛇口,2025-05-27,8.5,8.51,8.54,8.49,251911,219170076.32,0.59,0.12,0.01,0.3
招商蛇口,2025-05-28,8.51,8.54,8.61,8.47,388104,339289730.14,1.65,0.35,0.03,0.46
招商蛇口,2025-05-29,8.52,8.55,8.57,8.49,312212,272642310.84,0.94,0.12,0.01,0.37
招商蛇口,2025-05-30,8.52,8.49,8.56,8.46,365815,318184885.56,1.17,-0.7,-0.06,0.43
招商蛇口,2025-06-03,8.45,8.4,8.48,8.38,577562,496946760.64,1.18,-1.06,-0.09,0.68
招商蛇口,2025-06-04,8.4,8.43,8.45,8.39,341280,293783477.81,0.71,0.36,0.03,0.4
招商蛇口,2025-06-05,8.43,8.45,8.51,8.41,374172,323299041.63,1.19,0.24,0.02,0.44
招商蛇口,2025-06-06,8.46,8.47,8.51,8.43,343047,296942789.23,0.95,0.24,0.02,0.41
招商蛇口,2025-06-09,8.48,8.5,8.54,8.42,389080,337432702.8,1.42,0.35,0.03,0.46
招商蛇口,2025-06-10,8.5,8.44,8.56,8.41,465517,403671085.03,1.76,-0.71,-0.06,0.55
招商蛇口,2025-06-11,8.43,8.49,8.51,8.42,373351,323845174.32,1.07,0.59,0.05,0.44
招商蛇口,2025-06-12,8.48,8.44,8.48,8.42,317488,273930791.36,0.71,-0.59,-0.05,0.38
招商蛇口,2025-06-13,8.41,8.32,8.43,8.3,491441,419750043.2,1.54,-1.42,-0.12,0.58
招商蛇口,2025-06-16,8.33,8.73,8.76,8.33,1621668,1425815447.72,5.17,4.93,0.41,1.92
招商蛇口,2025-06-17,8.7,8.59,8.71,8.56,527482,464953128.03,1.72,-1.6,-0.14,0.62
招商蛇口,2025-06-18,8.59,8.47,8.61,8.43,411490,356718038.44,2.1,-1.4,-0.12,0.49
招商蛇口,2025-06-19,8.44,8.32,8.46,8.31,419968,359339187.97,1.77,-1.77,-0.15,0.5
招商蛇口,2025-06-20,8.33,8.34,8.38,8.26,412463,350961198.61,1.44,0.24,0.02,0.49
招商蛇口,2025-06-23,8.28,8.37,8.4,8.24,404933,345456555.28,1.92,0.36,0.03,0.48
招商蛇口,2025-06-24,8.37,8.51,8.52,8.33,470570,406371598.52,2.27,1.67,0.14,0.56
招商蛇口,2025-06-25,8.51,8.56,8.57,8.47,454270,396266631.12,1.18,0.59,0.05,0.54
招商蛇口,2025-06-26,8.56,8.55,8.63,8.52,425121,371691022.06,1.29,-0.12,-0.01,0.5
招商蛇口,2025-06-27,8.55,8.53,8.63,8.53,373654,327426394.74,1.17,-0.23,-0.02,0.44
招商蛇口,2025-06-30,8.53,8.58,8.62,8.51,325364,285179914.34,1.29,0.59,0.05,0.38
招商蛇口,2025-07-01,8.58,8.44,8.6,8.44,498302,431932355.89,1.86,-1.63,-0.14,0.59
招商蛇口,2025-07-02,8.46,8.53,8.54,8.41,506460,438284157.77,1.54,1.07,0.09,0.6
招商蛇口,2025-07-03,8.52,8.51,8.62,8.49,470354,410937791.12,1.52,-0.23,-0.02,0.56
招商蛇口,2025-07-04,8.53,8.51,8.56,8.49,323321,281734869.22,0.82,0.0,0.0,0.38
招商蛇口,2025-07-07,8.52,8.77,8.81,8.5,1278339,1139741973.66,3.64,3.06,0.26,1.51
招商蛇口,2025-07-08,8.75,8.78,8.83,8.71,738919,663064764.57,1.37,0.11,0.01,0.87
招商蛇口,2025-07-09,8.78,8.79,8.87,8.75,551831,496905450.86,1.37,0.11,0.01,0.65
招商蛇口,2025-07-10,8.8,9.06,9.11,8.77,1083640,994673015.59,3.87,3.07,0.27,1.28
招商蛇口,2025-07-11,9.06,8.98,9.1,8.96,610838,562133513.34,1.55,-0.88,-0.08,0.72
招商蛇口,2025-07-14,8.98,8.84,9.01,8.83,509667,462662590.67,2.0,-1.56,-0.14,0.6
招商蛇口,2025-07-15,8.85,8.74,8.87,8.67,719160,642246878.61,2.26,-1.13,-0.1,0.85
招商蛇口,2025-07-16,8.74,8.67,8.78,8.63,609257,540635496.33,1.72,-0.8,-0.07,0.72
招商蛇口,2025-07-17,8.68,8.7,8.73,8.68,465634,405221448.94,0.58,0.35,0.03,0.55
招商蛇口,2025-07-18,8.71,8.81,8.86,8.7,527384,463268305.5,1.84,1.26,0.11,0.62
招商蛇口,2025-07-21,8.81,8.84,8.86,8.77,421473,371652882.79,1.02,0.34,0.03,0.5
招商蛇口,2025-07-22,8.85,9.0,9.01,8.76,743985,662808537.35,2.83,1.81,0.16,0.88
招商蛇口,2025-07-23,8.99,8.96,9.14,8.93,670560,604658147.3,2.33,-0.44,-0.04,0.79
招商蛇口,2025-07-24,8.93,9.17,9.26,8.91,1014104,925452495.16,3.91,2.34,0.21,1.2
招商蛇口,2025-07-25,9.15,9.38,9.4,9.13,1168227,1088165399.2,2.94,2.29,0.21,1.38
招商蛇口,2025-07-28,9.33,9.39,9.43,9.16,785296,731560364.61,2.88,0.11,0.01,0.93
招商蛇口,2025-07-29,9.35,9.35,9.43,9.27,464577,434592627.47,1.7,-0.43,-0.04,0.55
招商蛇口,2025-07-30,9.33,9.22,9.49,9.19,848536,791823343.85,3.21,-1.39,-0.13,1.0
招商蛇口,2025-07-31,9.18,8.7,9.22,8.67,1542789,1362363608.74,5.97,-5.64,-0.52,1.82
招商蛇口,2025-08-01,8.7,8.66,8.73,8.65,517477,449210784.72,0.92,-0.46,-0.04,0.61
招商蛇口,2025-08-04,8.66,8.69,8.7,8.62,395975,342712304.22,0.92,0.35,0.03,0.47
招商蛇口,2025-08-05,8.69,8.78,8.8,8.68,533264,467185959.27,1.38,1.04,0.09,0.63
招商蛇口,2025-08-06,8.75,8.78,8.8,8.72,306089,268072108.11,0.91,0.0,0.0,0.36
招商蛇口,2025-08-07,8.75,8.87,8.9,8.72,516436,455664214.8,2.05,1.03,0.09,0.61
招商蛇口,2025-08-08,8.86,8.87,8.89,8.82,299055,265032092.4,0.79,0.0,0.0,0.35
招商蛇口,2025-08-11,8.94,8.89,9.0,8.88,396160,353403444.04,1.35,0.23,0.02,0.47
招商蛇口,2025-08-12,8.9,8.87,8.94,8.83,356511,316727398.71,1.24,-0.22,-0.02,0.42
招商蛇口,2025-08-13,8.89,8.84,8.91,8.82,346952,307213489.19,1.01,-0.34,-0.03,0.41
招商蛇口,2025-08-14,8.85,8.9,9.09,8.84,726705,651801060.42,2.83,0.68,0.06,0.86
招商蛇口,2025-08-15,8.9,9.17,9.19,8.89,945165,862560917.91,3.37,3.03,0.27,1.12
招商蛇口,2025-08-18,9.16,9.05,9.2,9.03,744186,676559630.44,1.85,-1.31,-0.12,0.88
招商蛇口,2025-08-19,9.1,9.18,9.23,9.09,766217,702373572.42,1.55,1.44,0.13,0.91
招商蛇口,2025-08-20,9.13,9.24,9.25,9.08,602752,554510391.46,1.85,0.65,0.06,0.71
招商蛇口,2025-08-21,9.21,9.18,9.27,9.16,429381,395699474.66,1.19,-0.65,-0.06,0.51
招商蛇口,2025-08-22,9.18,9.17,9.21,9.1,446973,408718954.39,1.2,-0.11,-0.01,0.53
招商蛇口,2025-08-25,9.2,9.41,9.7,9.19,1854810,1754115992.8,5.56,2.62,0.24,2.19
招商蛇口,2025-08-26,9.34,9.34,9.39,9.28,560252,522862601.89,1.17,-0.74,-0.07,0.66
招商蛇口,2025-08-27,9.31,9.02,9.34,9.02,702267,643982017.19,3.43,-3.43,-0.32,0.83
招商蛇口,2025-08-28,9.08,9.06,9.11,8.89,550808,497046261.23,2.44,0.44,0.04,0.65
招商蛇口,2025-08-29,9.15,9.15,9.24,9.1,628831,576581418.97,1.55,0.99,0.09,0.74
招商蛇口,2025-09-01,9.3,9.35,9.45,9.12,1112193,1037802626.34,3.61,2.19,0.2,1.31
招商蛇口,2025-09-02,9.34,9.24,9.41,9.12,606449,562077464.71,3.1,-1.18,-0.11,0.72
招商蛇口,2025-09-03,9.24,9.03,9.27,9.02,488439,443541912.73,2.71,-2.27,-0.21,0.58
招商蛇口,2025-09-04,9.06,9.06,9.1,8.95,559431,504527436.8,1.66,0.33,0.03,0.66
招商蛇口,2025-09-05,9.05,9.09,9.09,8.96,469065,423113348.92,1.43,0.33,0.03,0.55
招商蛇口,2025-09-08,9.24,9.31,9.45,9.2,1015361,944984630.93,2.75,2.42,0.22,1.2
招商蛇口,2025-09-09,9.32,9.57,9.62,9.28,1046560,993780558.1,3.65,2.79,0.26,1.24
招商蛇口,2025-09-10,9.51,9.53,9.57,9.45,544785,518022578.62,1.25,-0.42,-0.04,0.64
招商蛇口,2025-09-11,9.48,9.45,9.51,9.38,554360,522132143.56,1.36,-0.84,-0.08,0.66
招商蛇口,2025-09-12,9.43,9.46,9.61,9.41,698357,662035134.36,2.12,0.11,0.01,0.83
招商蛇口,2025-09-15,9.4,9.7,9.73,9.32,974490,931958578.25,4.33,2.54,0.24,1.15
招商蛇口,2025-09-16,9.63,9.67,9.74,9.5,693229,666637225.1,2.47,-0.31,-0.03,0.82
招商蛇口,2025-09-17,9.65,9.62,9.69,9.52,431349,414025958.55,1.76,-0.52,-0.05,0.51
招商蛇口,2025-09-18,9.58,9.23,9.6,9.17,862551,805951326.44,4.47,-4.05,-0.39,1.02
招商蛇口,2025-09-19,9.23,9.54,9.58,9.15,926391,868539778.53,4.66,3.36,0.31,1.1
招商蛇口,2025-09-22,9.43,9.5,9.58,9.29,571972,540517056.15,3.04,-0.42,-0.04,0.68
招商蛇口,2025-09-23,9.43,9.39,9.46,9.28,507457,475281974.13,1.89,-1.16,-0.11,0.6
招商蛇口,2025-09-24,9.35,9.62,9.79,9.32,839374,810183129.86,5.01,2.45,0.23,0.99
招商蛇口,2025-09-25,9.63,9.58,9.64,9.48,464815,444489944.04,1.66,-0.42,-0.04,0.55
招商蛇口,2025-09-26,9.53,9.95,10.16,9.51,1227673,1218340440.86,6.78,3.86,0.37,1.45
招商蛇口,2025-09-29,9.92,9.94,9.99,9.75,573579,566671675.74,2.41,-0.1,-0.01,0.68
招商蛇口,2025-09-30,9.94,10.17,10.21,9.85,947345,959015240.58,3.62,2.31,0.23,1.12
招商蛇口,2025-10-09,10.28,10.1,10.28,9.68,1179765,1164686809.74,5.9,-0.69,-0.07,1.39
招商蛇口,2025-10-10,9.99,10.18,10.2,9.96,708850,717412114.28,2.38,0.79,0.08,0.84
招商蛇口,2025-10-13,9.95,10.1,10.19,9.85,678465,681850261.48,3.34,-0.79,-0.08,0.8
招商蛇口,2025-10-14,10.08,10.27,10.45,10.05,927701,955314424.86,3.96,1.68,0.17,1.1
招商蛇口,2025-10-15,10.23,10.21,10.45,10.1,614115,629422189.43,3.41,-0.58,-0.06,0.73
招商蛇口,2025-10-16,10.19,10.27,10.28,10.12,522017,532164895.18,1.57,0.59,0.06,0.62
招商蛇口,2025-10-17,10.22,10.17,10.44,10.16,496159,509759967.73,2.73,-0.97,-0.1,0.59
招商蛇口,2025-10-20,10.21,9.95,10.23,9.92,553122,554568325.61,3.05,-2.16,-0.22,0.65
招商蛇口,2025-10-21,9.95,10.03,10.05,9.9,387268,386980357.46,1.51,0.8,0.08,0.46
招商蛇口,2025-10-22,10.01,9.88,10.18,9.87,424760,424461394.98,3.09,-1.5,-0.15,0.5
招商蛇口,2025-10-23,9.95,9.75,9.95,9.63,422441,411206556.81,3.24,-1.32,-0.13,0.5
招商蛇口,2025-10-24,9.74,9.5,9.78,9.48,576025,551713543.97,3.08,-2.56,-0.25,0.68
招商蛇口,2025-10-27,9.52,9.48,9.57,9.44,428307,406452681.29,1.37,-0.21,-0.02,0.51
招商蛇口,2025-10-28,9.5,9.4,9.51,9.26,648793,609367110.97,2.64,-0.84,-0.08,0.77
招商蛇口,2025-10-29,9.37,9.43,9.47,9.35,293159,275917063.2,1.28,0.32,0.03,0.35
招商蛇口,2025-10-30,9.44,9.3,9.47,9.27,437103,408721610.33,2.12,-1.38,-0.13,0.52
招商蛇口,2025-10-31,9.37,9.45,9.6,9.33,597663,566644822.85,2.9,1.61,0.15,0.71
招商蛇口,2025-11-03,9.45,9.36,9.52,9.31,403008,377391755.95,2.22,-0.95,-0.09,0.48
招商蛇口,2025-11-04,9.35,9.31,9.42,9.27,310596,290056951.53,1.6,-0.53,-0.05,0.37
招商蛇口,2025-11-05,9.25,9.28,9.34,9.22,279401,259436617.55,1.29,-0.32,-0.03,0.33
招商蛇口,2025-11-06,9.3,9.26,9.35,9.24,294859,274056146.69,1.19,-0.22,-0.02,0.35
招商蛇口,2025-11-07,9.25,9.32,9.45,9.21,424058,395557336.88,2.59,0.65,0.06,0.5
招商蛇口,2025-11-10,9.29,9.59,9.6,9.27,586094,556738532.16,3.54,2.9,0.27,0.7
招商蛇口,2025-11-11,9.56,9.7,9.78,9.52,585749,567918919.63,2.71,1.15,0.11,0.7
招商蛇口,2025-11-12,9.72,9.74,9.87,9.7,443473,433345000.68,1.75,0.41,0.04,0.53
招商蛇口,2025-11-13,9.73,9.77,9.82,9.63,378799,367975721.07,1.95,0.31,0.03,0.45
招商蛇口,2025-11-14,9.75,9.69,9.95,9.67,440279,432101435.0,2.87,-0.82,-0.08,0.52
招商蛇口,2025-11-17,9.68,9.74,9.78,9.66,341643,332075151.33,1.24,0.52,0.05,0.41
招商蛇口,2025-11-18,9.73,9.54,9.73,9.46,376462,359636619.76,2.77,-2.05,-0.2,0.45
招商蛇口,2025-11-19,9.53,9.39,9.56,9.28,413280,387890768.22,2.94,-1.57,-0.15,0.49
招商蛇口,2025-11-20,9.39,9.66,9.9,9.34,976772,945496907.78,5.96,2.88,0.27,1.16
招商蛇口,2025-11-21,9.55,9.59,9.81,9.53,666661,645552778.45,2.9,-0.72,-0.07,0.79
招商蛇口,2025-11-24,9.58,9.45,9.83,9.42,629509,607321938.36,4.28,-1.46,-0.14,0.75
招商蛇口,2025-11-25,9.42,9.61,9.66,9.33,443970,422641608.44,3.49,1.69,0.16,0.53
招商蛇口,2025-11-26,9.58,9.44,9.64,9.33,435447,411920427.08,3.23,-1.77,-0.17,0.52
招商蛇口,2025-11-27,9.38,9.51,9.67,9.05,811488,762186491.55,6.57,0.74,0.07,0.96
招商蛇口,2025-11-28,9.48,9.26,9.51,9.2,667502,619605926.62,3.26,-2.63,-0.25,0.79
招商蛇口,2025-12-01,9.2,9.37,9.47,9.2,608868,571214964.03,2.92,1.19,0.11,0.72
招商蛇口,2025-12-02,9.37,9.44,9.53,9.28,356552,336143580.04,2.67,0.75,0.07,0.42
招商蛇口,2025-12-03,9.43,9.39,9.54,9.37,326180,307952301.87,1.8,-0.53,-0.05,0.39
招商蛇口,2025-12-04,9.4,9.42,9.64,9.38,320053,303117915.11,2.77,0.32,0.03,0.38
招商蛇口,2025-12-05,9.36,9.24,9.42,9.03,776942,712092810.93,4.14,-1.91,-0.18,0.92
招商蛇口,2025-12-08,9.2,9.21,9.26,9.16,333269,306750369.48,1.08,-0.32,-0.03,0.4
招商蛇口,2025-12-09,9.19,8.84,9.19,8.81,844892,754075438.13,4.13,-4.02,-0.37,1.0
招商蛇口,2025-12-10,8.81,8.97,9.13,8.68,861702,765405975.1,5.09,1.47,0.13,1.02
招商蛇口,2025-12-11,8.93,8.88,9.01,8.84,538455,480887657.22,1.9,-1.0,-0.09,0.64
招商蛇口,2025-12-12,8.96,8.92,9.02,8.87,488367,436609725.46,1.69,0.45,0.04,0.58
招商蛇口,2025-12-15,8.84,8.84,8.93,8.78,288071,255644816.63,1.68,-0.9,-0.08,0.34
招商蛇口,2025-12-16,8.84,8.73,8.95,8.69,382135,334953096.59,2.94,-1.24,-0.11,0.45
招商蛇口,2025-12-17,8.7,8.76,8.78,8.6,413117,359366998.46,2.06,0.34,0.03,0.49
招商蛇口,2025-12-18,8.72,8.67,8.75,8.64,347924,302395097.02,1.26,-1.03,-0.09,0.41
招商蛇口,2025-12-19,8.67,8.71,8.82,8.63,474718,414293903.71,2.19,0.46,0.04,0.56
招商蛇口,2025-12-22,8.7,8.71,8.74,8.59,681422,591002587.15,1.72,0.0,0.0,0.81
招商蛇口,2025-12-23,8.68,8.76,8.83,8.66,512296,448953718.01,1.95,0.57,0.05,0.61
招商蛇口,2025-12-24,8.76,8.76,8.9,8.75,391648,345382966.87,1.71,0.0,0.0,0.47
招商蛇口,2025-12-25,8.88,8.77,8.88,8.71,371810,325797290.1,1.94,0.11,0.01,0.44
招商蛇口,2025-12-26,8.73,8.79,8.84,8.72,348272,306182221.94,1.37,0.23,0.02,0.41
招商蛇口,2025-12-29,8.79,8.62,8.8,8.6,577866,501344441.2,2.28,-1.93,-0.17,0.69
招商蛇口,2025-12-30,8.59,8.55,8.63,8.48,515003,440225067.54,1.74,-0.81,-0.07,0.61
招商蛇口,2025-12-31,8.62,8.64,8.71,8.53,566723,488407205.59,2.11,1.05,0.09,0.67
招商蛇口,2026-01-05,8.66,9.02,9.23,8.66,1447672,1303398958.7,6.6,4.4,0.38,1.72
招商蛇口,2026-01-06,9.0,9.02,9.15,8.96,705547,637840301.67,2.11,0.0,0.0,0.84
招商蛇口,2026-01-07,9.04,8.88,9.04,8.84,563069,501680303.62,2.22,-1.55,-0.14,0.67
招商蛇口,2026-01-08,8.85,9.08,9.16,8.78,798232,717167372.57,4.28,2.25,0.2,0.95
招商蛇口,2026-01-09,9.08,9.18,9.31,9.04,744636,682956921.46,2.97,1.1,0.1,0.88
招商蛇口,2026-01-12,9.14,9.13,9.32,9.08,670581,614909653.85,2.61,-0.54,-0.05,0.8
招商蛇口,2026-01-13,9.12,9.28,9.29,9.11,228653,210861418.21,1.97,1.64,0.15,0.27
