名称,日期,开盘,收盘,最高,最低,成交量,成交额,振幅,涨跌幅,涨跌额,换手率
水晶光电,2008-09-19,-0.37,2.03,2.38,-0.37,120003,315405385.27,-376.71,378.08,2.76,89.82
水晶光电,2008-09-22,1.64,1.64,1.64,1.64,324,1481328.0,0.0,-19.21,-0.39,0.24
水晶光电,2008-09-23,1.28,1.28,1.28,1.28,33,135795.0,0.0,-21.95,-0.36,0.02
水晶光电,2008-09-24,0.96,0.96,0.96,0.96,19,70376.0,0.0,-25.0,-0.32,0.01
水晶光电,2008-09-25,0.67,0.67,0.67,0.67,77,256718.0,0.0,-30.21,-0.29,0.06
水晶光电,2008-09-26,0.41,0.41,0.41,0.41,55,165055.0,0.0,-38.81,-0.26,0.04
水晶光电,2008-10-06,0.18,0.18,0.18,0.18,113,305213.0,0.0,-56.1,-0.23,0.08
水晶光电,2008-10-07,-0.03,-0.03,-0.03,-0.03,198,481338.0,0.0,-116.67,-0.21,0.15
水晶光电,2008-10-08,-0.22,-0.22,-0.22,-0.22,336,735168.0,0.0,-633.33,-0.19,0.25
水晶光电,2008-10-09,-0.39,-0.39,-0.3,-0.39,67519,134049113.11,-40.91,-77.27,-0.17,50.54
水晶光电,2008-10-10,-0.54,-0.54,-0.52,-0.54,36421,64598318.03,-5.13,-38.46,-0.15,27.26
水晶光电,2008-10-13,-0.57,-0.55,-0.53,-0.65,30348,51973045.15,-22.22,-1.85,-0.01,22.72
水晶光电,2008-10-14,-0.54,-0.68,-0.49,-0.68,37085,64819478.54,-34.55,-23.64,-0.13,27.76
水晶光电,2008-10-15,-0.68,-0.61,-0.58,-0.71,34689,56624434.49,-19.12,10.29,0.07,25.96
水晶光电,2008-10-16,-0.68,-0.74,-0.64,-0.74,23611,37245059.66,-16.39,-21.31,-0.13,17.67
水晶光电,2008-10-17,-0.72,-0.79,-0.71,-0.81,18780,27942988.88,-13.51,-6.76,-0.05,14.06
水晶光电,2008-10-20,-0.78,-0.73,-0.73,-0.81,16416,24301423.21,-10.13,7.59,0.06,12.29
水晶光电,2008-10-21,-0.75,-0.76,-0.72,-0.78,18144,27343721.0,-8.22,-4.11,-0.03,13.58
水晶光电,2008-10-22,-0.76,-0.68,-0.65,-0.79,32221,50728283.72,-18.42,10.53,0.08,24.12
水晶光电,2008-10-23,-0.71,-0.71,-0.67,-0.75,22195,34537409.8,-11.76,-4.41,-0.03,16.61
水晶光电,2008-10-24,-0.71,-0.7,-0.65,-0.72,21779,34629252.27,-9.86,1.41,0.01,16.3
水晶光电,2008-10-27,-0.72,-0.82,-0.72,-0.82,20164,28950520.4,-14.29,-17.14,-0.12,15.09
水晶光电,2008-10-28,-0.86,-0.84,-0.82,-0.89,15711,21539624.38,-8.54,-2.44,-0.02,11.76
水晶光电,2008-10-29,-0.82,-0.86,-0.8,-0.86,15453,21700663.55,-7.14,-2.38,-0.02,11.57
水晶光电,2008-10-31,-0.85,-0.93,-0.84,-0.93,13881,18417842.7,-10.47,-8.14,-0.07,10.39
水晶光电,2008-11-03,-0.93,-0.93,-0.91,-0.94,7948,10184453.05,-3.23,0.0,0.0,5.95
水晶光电,2008-11-04,-0.94,-0.97,-0.92,-0.98,8345,10365579.43,-6.45,-4.3,-0.04,6.25
水晶光电,2008-11-05,-0.96,-0.94,-0.92,-0.96,10677,13426754.29,-4.12,3.09,0.03,7.99
水晶光电,2008-11-06,-0.96,-0.98,-0.95,-0.99,8092,9894317.5,-4.26,-4.26,-0.04,6.06
水晶光电,2008-11-07,-1.01,-0.97,-0.95,-1.02,9485,11471725.89,-7.14,1.02,0.01,7.1
水晶光电,2008-11-10,-0.95,-0.88,-0.88,-0.95,20434,26833260.07,-7.22,9.28,0.09,15.29
水晶光电,2008-11-11,-0.87,-0.87,-0.83,-0.89,23235,31981409.34,-6.82,1.14,0.01,17.39
水晶光电,2008-11-12,-0.87,-0.77,-0.77,-0.88,25599,36581372.49,-12.64,11.49,0.1,19.16
水晶光电,2008-11-13,-0.76,-0.65,-0.65,-0.76,47054,74490974.68,-14.29,15.58,0.12,35.22
水晶光电,2008-11-14,-0.65,-0.59,-0.56,-0.69,37909,63015983.53,-20.0,9.23,0.06,28.37
水晶光电,2008-11-17,-0.59,-0.46,-0.46,-0.63,34455,61762594.48,-28.81,22.03,0.13,25.79
水晶光电,2008-11-18,-0.47,-0.44,-0.33,-0.61,52617,100813298.69,-60.87,4.35,0.02,39.38
水晶光电,2008-11-19,-0.45,-0.34,-0.3,-0.51,40204,77429663.25,-47.73,22.73,0.1,30.09
水晶光电,2008-11-20,-0.4,-0.43,-0.29,-0.44,30937,61317282.14,-44.12,-26.47,-0.09,23.16
水晶光电,2008-11-21,-0.49,-0.54,-0.45,-0.56,25198,45537901.46,-25.58,-25.58,-0.11,18.86
水晶光电,2008-11-24,-0.54,-0.64,-0.5,-0.65,17219,30076306.72,-27.78,-18.52,-0.1,12.89
水晶光电,2008-11-25,-0.6,-0.62,-0.58,-0.67,14853,24665464.4,-14.06,3.13,0.02,11.12
水晶光电,2008-11-26,-0.62,-0.61,-0.58,-0.64,11520,19461757.75,-9.68,1.61,0.01,8.62
水晶光电,2008-11-27,-0.52,-0.55,-0.48,-0.56,27857,50298440.81,-13.11,9.84,0.06,20.85
水晶光电,2008-11-28,-0.58,-0.63,-0.56,-0.64,15145,25609923.14,-14.55,-14.55,-0.08,11.34
水晶光电,2008-12-01,-0.68,-0.57,-0.56,-0.68,14484,24722084.56,-19.05,9.52,0.06,10.84
水晶光电,2008-12-02,-0.61,-0.55,-0.53,-0.62,17634,30969259.94,-15.79,3.51,0.02,13.2
水晶光电,2008-12-03,-0.52,-0.41,-0.41,-0.52,27753,53489671.32,-20.0,25.45,0.14,20.77
水晶光电,2008-12-04,-0.33,-0.27,-0.26,-0.33,44159,93671022.72,-17.07,34.15,0.14,33.05
水晶光电,2008-12-05,-0.28,-0.27,-0.21,-0.35,39336,82644640.0,-51.85,0.0,0.0,29.44
水晶光电,2008-12-08,-0.27,-0.19,-0.15,-0.3,34399,75324142.85,-55.56,29.63,0.08,25.75
水晶光电,2008-12-09,-0.21,-0.31,-0.21,-0.35,24808,52559131.42,-73.68,-63.16,-0.12,18.57
水晶光电,2008-12-10,-0.33,-0.15,-0.15,-0.34,32363,70294469.45,-61.29,51.61,0.16,24.22
水晶光电,2008-12-11,-0.15,-0.12,-0.01,-0.19,41210,96785540.67,-120.0,20.0,0.03,30.85
水晶光电,2008-12-12,-0.16,-0.1,-0.01,-0.26,40627,93467856.88,-208.33,16.67,0.02,30.41
水晶光电,2008-12-15,-0.09,-0.14,0.0,-0.2,32465,76060839.77,-200.0,-40.0,-0.04,24.3
水晶光电,2008-12-16,-0.2,-0.23,-0.16,-0.32,24652,52682856.1,-114.29,-64.29,-0.09,18.45
水晶光电,2008-12-17,-0.23,-0.17,-0.1,-0.28,30070,67749124.19,-78.26,26.09,0.06,22.51
水晶光电,2008-12-18,-0.18,-0.21,-0.16,-0.25,20533,45280083.69,-52.94,-23.53,-0.04,15.37
水晶光电,2008-12-19,-0.24,-0.17,-0.15,-0.26,36856,81963448.75,-52.38,19.05,0.04,22.07
水晶光电,2008-12-22,-0.22,0.0,0.0,-0.22,52780,125982687.81,-129.41,100.0,0.17,31.6
水晶光电,2008-12-23,0.02,-0.08,0.12,-0.09,71556,180808656.03,4853.71,0.0,-0.08,42.85
水晶光电,2008-12-24,-0.16,-0.16,-0.09,-0.23,35436,80310138.65,-175.0,-100.0,-0.08,21.22
水晶光电,2008-12-25,-0.16,-0.22,-0.11,-0.29,33993,75231449.47,-112.5,-37.5,-0.06,20.35
水晶光电,2008-12-26,-0.22,-0.2,-0.14,-0.24,29184,65177669.51,-45.45,9.09,0.02,17.48
水晶光电,2008-12-29,-0.23,-0.28,-0.2,-0.36,25647,53483824.82,-80.0,-40.0,-0.08,15.36
水晶光电,2008-12-30,-0.26,-0.26,-0.23,-0.3,22643,48211338.04,-25.0,7.14,0.02,13.56
水晶光电,2008-12-31,-0.26,-0.28,-0.23,-0.3,17367,36983966.02,-26.92,-7.69,-0.02,10.4
水晶光电,2009-01-05,-0.24,-0.22,-0.21,-0.27,19469,42189807.01,-21.43,21.43,0.06,11.66
水晶光电,2009-01-06,-0.22,-0.08,-0.05,-0.24,33681,77768402.52,-86.36,63.64,0.14,20.17
水晶光电,2009-01-07,-0.09,-0.11,-0.05,-0.12,23833,56087539.13,-87.5,-37.5,-0.03,14.27
水晶光电,2009-01-08,-0.14,0.0,0.02,-0.17,42700,102018044.92,-172.73,100.0,0.11,25.57
水晶光电,2009-01-09,0.0,0.04,0.1,0.0,40956,104301094.18,-2104.45,0.0,0.04,24.52
水晶光电,2009-01-12,0.07,0.02,0.08,0.02,26970,68047644.23,150.0,-50.0,-0.02,16.15
水晶光电,2009-01-13,-0.01,-0.15,-0.01,-0.15,28547,67123545.94,700.0,-850.0,-0.17,17.09
水晶光电,2009-01-14,-0.19,-0.08,-0.08,-0.19,18001,41969097.15,-73.33,46.67,0.07,10.78
水晶光电,2009-01-15,-0.1,-0.14,-0.08,-0.16,20045,46353218.79,-100.0,-75.0,-0.06,12.0
水晶光电,2009-01-16,-0.14,-0.13,-0.06,-0.14,16823,39390817.42,-57.14,7.14,0.01,10.07
水晶光电,2009-01-19,-0.12,-0.12,-0.1,-0.19,16676,37823753.73,-69.23,7.69,0.01,9.99
水晶光电,2009-01-20,-0.12,-0.09,-0.07,-0.18,16895,39642398.36,-91.67,25.0,0.03,10.12
水晶光电,2009-01-21,-0.06,-0.06,-0.02,-0.11,18326,43898255.49,-100.0,33.33,0.03,10.97
水晶光电,2009-01-22,-0.05,-0.04,-0.02,-0.09,17313,41552094.17,-116.67,33.33,0.02,10.37
水晶光电,2009-01-23,-0.05,-0.11,-0.02,-0.11,13484,31935379.87,-225.0,-175.0,-0.07,8.07
水晶光电,2009-02-02,-0.11,-0.07,-0.07,-0.11,10922,25774438.48,-36.36,36.36,0.04,6.54
水晶光电,2009-02-03,-0.09,-0.05,-0.04,-0.09,15992,38187040.44,-71.43,28.57,0.02,9.58
水晶光电,2009-02-04,-0.05,-0.05,-0.04,-0.08,17934,42910774.78,-80.0,0.0,0.0,10.74
水晶光电,2009-02-05,-0.04,0.11,0.14,-0.04,46999,120273947.46,-360.0,320.0,0.16,28.14
水晶光电,2009-02-06,0.12,0.23,0.26,0.07,44565,120936736.57,172.73,109.09,0.12,26.69
水晶光电,2009-02-09,0.24,0.27,0.28,0.18,36162,100118541.16,43.48,17.39,0.04,21.65
水晶光电,2009-02-10,0.27,0.23,0.27,0.18,25984,71288922.77,33.33,-14.81,-0.04,15.56
水晶光电,2009-02-11,0.2,0.24,0.4,0.16,31853,90318337.41,104.35,4.35,0.01,19.07
水晶光电,2009-02-12,0.24,0.19,0.27,0.13,20503,55510613.17,58.33,-20.83,-0.05,12.28
水晶光电,2009-02-13,0.18,0.25,0.26,0.16,21519,58772019.85,52.63,31.58,0.06,12.89
水晶光电,2009-02-16,0.26,0.3,0.3,0.23,26874,75835740.04,28.0,20.0,0.05,16.09
水晶光电,2009-02-17,0.34,0.28,0.4,0.27,35122,102990463.15,43.33,-6.67,-0.02,21.03
水晶光电,2009-02-18,0.22,0.09,0.25,0.09,24951,66865186.49,57.14,-67.86,-0.19,14.94
水晶光电,2009-02-19,0.11,0.14,0.16,0.09,14424,37975508.97,77.78,55.56,0.05,8.64
水晶光电,2009-02-20,0.14,0.2,0.22,0.1,14236,38286353.85,85.71,42.86,0.06,8.52
水晶光电,2009-02-23,0.2,0.24,0.28,0.16,13651,37692835.82,60.0,20.0,0.04,8.17
水晶光电,2009-02-24,0.22,0.11,0.24,0.1,20455,54684681.47,58.33,-54.17,-0.13,12.25
水晶光电,2009-02-25,0.14,0.1,0.17,0.04,13437,34823858.72,118.18,-9.09,-0.01,8.05
水晶光电,2009-02-26,0.12,-0.06,0.18,-0.1,16489,42118557.54,280.0,-160.0,-0.16,9.87
水晶光电,2009-02-27,-0.07,-0.25,-0.07,-0.25,16159,35632989.4,-300.0,-316.67,-0.19,9.68
水晶光电,2009-03-02,-0.29,-0.22,-0.21,-0.31,9920,21368618.26,-40.0,12.0,0.03,5.94
水晶光电,2009-03-03,-0.26,-0.25,-0.21,-0.31,12158,25928429.59,-45.45,-13.64,-0.03,7.28
水晶光电,2009-03-04,-0.24,-0.12,-0.12,-0.25,17368,39170084.98,-52.0,52.0,0.13,10.4
水晶光电,2009-03-05,-0.07,-0.07,-0.03,-0.13,21115,49950538.2,-83.33,41.67,0.05,12.64
水晶光电,2009-03-06,-0.13,-0.12,-0.09,-0.14,9928,22973822.68,-71.43,-71.43,-0.05,5.94
水晶光电,2009-03-09,-0.11,-0.25,-0.09,-0.29,10166,22768607.66,-166.67,-108.33,-0.13,6.09
水晶光电,2009-03-10,-0.26,-0.1,-0.1,-0.29,15426,34790576.97,-76.0,60.0,0.15,9.24
水晶光电,2009-03-11,-0.1,-0.12,-0.06,-0.13,16813,39352008.57,-70.0,-20.0,-0.02,10.07
水晶光电,2009-03-12,-0.13,-0.16,-0.12,-0.21,8445,18988071.05,-75.0,-33.33,-0.04,5.06
水晶光电,2009-03-13,-0.14,-0.13,-0.1,-0.15,9266,21340555.01,-31.25,18.75,0.03,5.55
水晶光电,2009-03-16,-0.14,-0.11,-0.09,-0.15,6005,13902518.37,-46.15,15.38,0.02,3.6
水晶光电,2009-03-17,-0.13,-0.05,-0.02,-0.13,13719,32577483.26,-100.0,54.55,0.06,8.21
水晶光电,2009-03-18,-0.04,0.0,0.06,-0.05,17624,43358209.33,-220.0,100.0,0.05,10.55
水晶光电,2009-03-19,-0.04,0.03,0.04,-0.04,13724,34180230.38,-7151.74,0.0,0.03,8.22
水晶光电,2009-03-20,0.03,-0.02,0.03,-0.05,14210,34815172.78,266.67,-166.67,-0.05,8.51
水晶光电,2009-03-23,-0.05,0.02,0.06,-0.05,14434,36168805.21,-550.0,200.0,0.04,8.64
水晶光电,2009-03-24,0.05,0.08,0.11,0.01,18063,46217676.72,500.0,300.0,0.06,10.82
水晶光电,2009-03-25,0.08,0.06,0.09,0.04,13193,33712386.0,62.5,-25.0,-0.02,7.9
水晶光电,2009-03-26,0.06,0.08,0.08,0.01,11945,30249882.06,116.67,33.33,0.02,7.15
水晶光电,2009-03-27,0.09,0.09,0.1,0.07,12389,31975898.89,37.5,12.5,0.01,7.42
水晶光电,2009-03-30,0.09,0.29,0.29,0.09,34730,97511725.43,222.22,222.22,0.2,20.8
水晶光电,2009-03-31,0.3,0.42,0.51,0.26,48459,144772231.3,86.21,44.83,0.13,29.02
水晶光电,2009-04-01,0.44,0.41,0.47,0.36,29165,87325299.35,26.19,-2.38,-0.01,17.46
水晶光电,2009-04-02,0.4,0.41,0.46,0.38,20014,60198942.09,19.51,0.0,0.0,11.98
水晶光电,2009-04-03,0.41,0.65,0.65,0.4,35942,114926024.68,60.98,58.54,0.24,21.52
水晶光电,2009-04-07,0.71,0.76,0.87,0.71,40861,141510360.57,24.62,16.92,0.11,24.47
水晶光电,2009-04-08,0.69,0.58,0.75,0.57,33164,108699386.12,23.68,-23.68,-0.18,19.86
水晶光电,2009-04-09,0.55,0.83,0.83,0.46,36519,119946071.78,63.79,43.1,0.25,21.87
水晶光电,2009-04-10,0.69,0.79,1.0,0.65,67160,235479271.19,42.17,-4.82,-0.04,40.22
水晶光电,2009-04-13,0.73,0.76,0.85,0.72,36237,125636922.11,16.46,-3.8,-0.03,21.7
水晶光电,2009-04-14,0.73,0.83,0.89,0.7,34326,120165057.0,25.0,9.21,0.07,20.55
水晶光电,2009-04-15,0.76,0.8,0.9,0.76,26107,91605014.24,16.87,-3.61,-0.03,15.63
水晶光电,2009-04-16,0.82,0.67,0.85,0.64,26148,88460074.11,26.25,-16.25,-0.13,15.66
水晶光电,2009-04-17,0.65,0.57,0.65,0.53,18779,60205737.51,17.91,-14.93,-0.1,11.25
水晶光电,2009-04-20,0.53,0.59,0.62,0.51,11465,37093977.94,19.3,3.51,0.02,6.87
水晶光电,2009-04-21,0.57,0.66,0.68,0.54,16610,54231097.72,23.73,11.86,0.07,9.95
水晶光电,2009-04-22,0.63,0.4,0.67,0.4,22394,70251445.76,40.91,-39.39,-0.26,13.41
水晶光电,2009-04-23,0.34,0.38,0.41,0.3,14513,42407398.41,27.5,-5.0,-0.02,8.69
水晶光电,2009-04-24,0.38,0.39,0.46,0.38,10296,30966933.67,21.05,2.63,0.01,6.17
水晶光电,2009-04-27,0.39,0.27,0.39,0.26,9361,26724831.24,33.33,-30.77,-0.12,5.61
水晶光电,2009-04-28,0.27,0.31,0.35,0.26,7629,21923701.67,33.33,14.81,0.04,4.57
水晶光电,2009-04-29,0.31,0.42,0.47,0.3,15077,45151524.89,54.84,35.48,0.11,9.03
水晶光电,2009-05-04,0.43,0.48,0.51,0.41,10319,31709848.14,23.81,14.29,0.06,6.18
水晶光电,2009-05-05,0.49,0.51,0.57,0.49,10665,33558128.03,16.67,6.25,0.03,6.39
水晶光电,2009-05-06,0.51,0.52,0.55,0.45,9025,28120585.85,19.61,1.96,0.01,5.4
水晶光电,2009-05-07,0.54,0.45,0.55,0.41,10626,32606688.47,26.92,-13.46,-0.07,6.36
水晶光电,2009-05-08,0.45,0.37,0.45,0.34,9387,27726776.88,24.44,-17.78,-0.08,5.62
水晶光电,2009-05-11,0.39,0.3,0.44,0.3,9721,28419767.56,37.84,-18.92,-0.07,5.82
水晶光电,2009-05-12,0.26,0.36,0.36,0.26,6370,18330012.44,33.33,20.0,0.06,3.81
水晶光电,2009-05-13,0.4,0.44,0.44,0.37,9688,29066798.76,19.44,22.22,0.08,5.8
水晶光电,2009-05-14,0.47,0.44,0.47,0.41,8680,26402547.24,13.64,0.0,0.0,5.2
水晶光电,2009-05-15,0.44,0.41,0.45,0.39,7675,23022725.41,13.64,-6.82,-0.03,4.6
水晶光电,2009-05-18,0.41,0.43,0.44,0.38,7043,21129990.47,14.63,4.88,0.02,4.22
水晶光电,2009-05-19,0.43,0.39,0.45,0.36,11981,27171744.37,20.93,-9.3,-0.04,5.52
水晶光电,2009-05-20,0.41,0.35,0.41,0.35,10559,23635663.73,15.38,-10.26,-0.04,4.86
水晶光电,2009-05-21,0.34,0.27,0.35,0.24,10806,23356331.83,31.43,-22.86,-0.08,4.98
水晶光电,2009-05-22,0.27,0.3,0.32,0.27,7362,15980813.61,18.52,11.11,0.03,3.39
水晶光电,2009-05-25,0.29,0.34,0.34,0.23,8488,18224434.39,36.67,13.33,0.04,3.91
水晶光电,2009-05-26,0.34,0.39,0.46,0.34,18200,41629107.83,35.29,14.71,0.05,8.38
水晶光电,2009-05-27,0.39,0.42,0.43,0.33,10546,23831790.65,25.64,7.69,0.03,4.86
水晶光电,2009-06-01,0.45,0.43,0.45,0.4,12740,29225755.59,11.9,2.38,0.01,5.87
水晶光电,2009-06-02,0.45,0.41,0.45,0.4,11969,27386108.14,11.63,-4.65,-0.02,5.51
水晶光电,2009-06-03,0.41,0.41,0.44,0.39,14327,32831012.13,12.2,0.0,0.0,6.6
水晶光电,2009-06-04,0.42,0.39,0.42,0.32,13804,30749917.76,24.39,-4.88,-0.02,6.36
水晶光电,2009-06-05,0.39,0.43,0.46,0.33,19447,44456034.32,33.33,10.26,0.04,8.96
水晶光电,2009-06-08,0.42,0.4,0.42,0.37,8829,20028887.54,11.63,-6.98,-0.03,4.07
水晶光电,2009-06-09,0.4,0.37,0.41,0.36,7784,17439813.01,12.5,-7.5,-0.03,3.59
水晶光电,2009-06-10,0.39,0.41,0.42,0.37,9054,20533456.8,13.51,10.81,0.04,4.17
水晶光电,2009-06-11,0.41,0.51,0.61,0.4,28945,69206318.46,51.22,24.39,0.1,13.33
水晶光电,2009-06-12,0.47,0.4,0.5,0.38,15593,35889382.67,23.53,-21.57,-0.11,7.18
水晶光电,2009-06-15,0.39,0.37,0.39,0.34,9010,20053424.25,12.5,-7.5,-0.03,4.15
水晶光电,2009-06-16,0.35,0.34,0.35,0.31,10855,23920879.14,10.81,-8.11,-0.03,5.0
水晶光电,2009-06-17,0.34,0.36,0.36,0.33,6282,13934206.39,8.82,5.88,0.02,2.89
水晶光电,2009-06-18,0.36,0.35,0.37,0.34,6700,14856813.75,8.33,-2.78,-0.01,3.09
水晶光电,2009-06-19,0.35,0.31,0.35,0.3,11733,25635386.38,14.29,-11.43,-0.04,5.4
水晶光电,2009-06-23,0.29,0.36,0.38,0.23,14750,32379494.06,48.39,16.13,0.05,6.79
水晶光电,2009-06-24,0.35,0.33,0.38,0.32,9111,20113946.01,16.67,-8.33,-0.03,4.2
水晶光电,2009-06-25,0.35,0.35,0.38,0.31,11522,25670300.74,21.21,6.06,0.02,5.31
水晶光电,2009-06-26,0.35,0.34,0.37,0.33,10013,22280961.8,11.43,-2.86,-0.01,4.61
水晶光电,2009-06-29,0.34,0.29,0.34,0.28,11867,25767519.62,17.65,-14.71,-0.05,5.47
水晶光电,2009-06-30,0.28,0.26,0.31,0.26,7583,16313624.72,17.24,-10.34,-0.03,3.49
水晶光电,2009-07-01,0.26,0.27,0.28,0.24,8276,17559750.54,15.38,3.85,0.01,3.81
水晶光电,2009-07-02,0.27,0.26,0.29,0.25,8820,18855472.79,14.81,-3.7,-0.01,4.06
水晶光电,2009-07-03,0.26,0.26,0.28,0.24,7664,16371249.46,15.38,0.0,0.0,3.53
水晶光电,2009-07-06,0.25,0.26,0.28,0.24,7558,16081189.31,15.38,0.0,0.0,3.48
水晶光电,2009-07-07,0.27,0.32,0.35,0.26,18911,41628721.89,34.62,23.08,0.06,8.71
水晶光电,2009-07-08,0.32,0.31,0.32,0.28,11743,25505418.33,12.5,-3.13,-0.01,5.41
水晶光电,2009-07-09,0.31,0.45,0.51,0.3,33977,77609775.38,67.74,45.16,0.14,15.65
水晶光电,2009-07-10,0.44,0.4,0.45,0.38,18469,41967282.36,15.56,-11.11,-0.05,8.51
水晶光电,2009-07-13,0.41,0.41,0.46,0.39,15426,35415693.26,17.5,2.5,0.01,7.11
水晶光电,2009-07-14,0.43,0.43,0.44,0.4,13163,30136640.6,9.76,4.88,0.02,6.06
水晶光电,2009-07-15,0.44,0.48,0.48,0.43,21516,50199456.88,11.63,11.63,0.05,9.91
水晶光电,2009-07-16,0.49,0.42,0.51,0.38,15555,36053122.76,27.08,-12.5,-0.06,7.17
水晶光电,2009-07-17,0.41,0.45,0.46,0.41,13041,29983799.0,11.9,7.14,0.03,6.01
水晶光电,2009-07-20,0.44,0.58,0.62,0.43,35990,85845217.74,42.22,28.89,0.13,16.58
水晶光电,2009-07-21,0.57,0.46,0.57,0.45,25072,59592114.76,20.69,-20.69,-0.12,11.55
水晶光电,2009-07-22,0.45,0.46,0.49,0.45,12158,28395413.96,8.7,0.0,0.0,5.6
水晶光电,2009-07-23,0.45,0.42,0.47,0.41,14288,32831746.76,13.04,-8.7,-0.04,6.58
水晶光电,2009-07-24,0.43,0.44,0.48,0.38,12400,28546384.25,23.81,4.76,0.02,5.71
水晶光电,2009-07-27,0.43,0.49,0.52,0.41,17765,41635394.48,25.0,11.36,0.05,8.18
水晶光电,2009-07-28,0.53,0.51,0.53,0.45,20371,48134657.16,16.33,4.08,0.02,9.38
水晶光电,2009-07-29,0.51,0.55,0.61,0.33,46114,110969558.89,54.9,7.84,0.04,21.24
水晶光电,2009-07-30,0.55,0.49,0.58,0.43,24239,57414748.31,27.27,-10.91,-0.06,11.17
水晶光电,2009-07-31,0.49,0.59,0.62,0.49,40018,97626149.39,26.53,20.41,0.1,18.43
水晶光电,2009-08-03,0.58,0.63,0.67,0.55,35179,87696140.81,20.34,6.78,0.04,16.2
水晶光电,2009-08-04,0.61,0.63,0.65,0.53,24623,60793017.18,19.05,0.0,0.0,11.34
水晶光电,2009-08-05,0.64,0.66,0.7,0.59,29362,74035638.11,17.46,4.76,0.03,13.52
水晶光电,2009-08-06,0.65,0.57,0.65,0.57,17296,42791248.05,12.12,-13.64,-0.09,7.97
水晶光电,2009-08-07,0.55,0.48,0.58,0.48,16824,40386496.14,17.54,-15.79,-0.09,7.75
水晶光电,2009-08-10,0.49,0.46,0.52,0.45,8350,19554445.86,14.58,-4.17,-0.02,3.85
水晶光电,2009-08-11,0.48,0.49,0.5,0.46,6620,15584811.99,8.7,6.52,0.03,3.05
水晶光电,2009-08-12,0.49,0.3,0.5,0.28,13822,31017754.73,44.9,-38.78,-0.19,6.37
水晶光电,2009-08-13,0.29,0.31,0.34,0.28,7763,16935253.03,20.0,3.33,0.01,3.58
水晶光电,2009-08-14,0.33,0.3,0.42,0.3,15838,35464925.2,38.71,-3.23,-0.01,7.3
水晶光电,2009-08-17,0.29,0.09,0.34,0.08,12275,25683888.95,86.67,-70.0,-0.21,5.65
水晶光电,2009-08-18,0.06,0.11,0.13,0.05,7290,14289112.38,88.89,22.22,0.02,3.36
水晶光电,2009-08-19,0.08,-0.07,0.12,-0.09,9665,18251084.64,190.91,-163.64,-0.18,4.45
水晶光电,2009-08-20,-0.1,-0.01,0.0,-0.11,11630,21277731.27,-157.14,85.71,0.06,5.36
水晶光电,2009-08-21,-0.01,0.03,0.04,-0.04,11738,22139214.21,-800.0,400.0,0.04,5.41
水晶光电,2009-08-24,0.03,0.11,0.15,0.02,16137,31791315.21,433.33,266.67,0.08,7.43
水晶光电,2009-08-25,0.12,0.02,0.12,0.0,11584,22199123.08,109.09,-81.82,-0.09,5.34
水晶光电,2009-08-26,0.02,0.07,0.09,-0.01,10324,20033202.53,500.0,250.0,0.05,4.76
水晶光电,2009-08-27,0.07,0.12,0.14,0.06,12413,24649516.07,114.29,71.43,0.05,5.72
水晶光电,2009-08-28,0.12,0.2,0.22,0.09,21071,43061626.54,108.33,66.67,0.08,9.71
水晶光电,2009-08-31,0.17,0.14,0.2,0.09,20714,41799895.27,55.0,-30.0,-0.06,9.54
水晶光电,2009-09-01,0.14,0.09,0.14,0.04,12069,23685916.22,71.43,-35.71,-0.05,5.56
水晶光电,2009-09-02,0.1,0.16,0.18,0.08,18647,37319364.15,111.11,77.78,0.07,8.59
水晶光电,2009-09-03,0.14,0.21,0.24,0.11,24736,50892982.3,81.25,31.25,0.05,11.39
水晶光电,2009-09-04,0.21,0.23,0.24,0.18,17497,36471280.34,28.57,9.52,0.02,8.06
水晶光电,2009-09-07,0.27,0.2,0.29,0.19,22566,47546053.4,43.48,-13.04,-0.03,10.39
水晶光电,2009-09-08,0.18,0.19,0.2,0.15,14156,29028758.46,25.0,-5.0,-0.01,6.52
水晶光电,2009-09-09,0.19,0.21,0.22,0.13,14900,30505122.28,47.37,10.53,0.02,6.86
水晶光电,2009-09-10,0.21,0.16,0.21,0.14,9782,20028951.55,33.33,-23.81,-0.05,4.51
水晶光电,2009-09-11,0.15,0.17,0.2,0.15,8970,18350626.41,31.25,6.25,0.01,4.13
水晶光电,2009-09-14,0.17,0.32,0.32,0.16,23524,49651278.3,94.12,88.24,0.15,10.84
水晶光电,2009-09-15,0.34,0.39,0.53,0.34,52235,120128659.5,59.38,21.88,0.07,24.06
水晶光电,2009-09-16,0.36,0.36,0.39,0.29,20977,46307257.56,25.64,-7.69,-0.03,9.66
水晶光电,2009-09-17,0.34,0.43,0.45,0.32,23641,53836183.67,36.11,19.44,0.07,10.89
水晶光电,2009-09-18,0.44,0.3,0.45,0.24,20596,46364764.19,48.84,-30.23,-0.13,9.49
水晶光电,2009-09-21,0.23,0.22,0.27,0.1,25494,52355130.62,56.67,-26.67,-0.08,5.23
水晶光电,2009-09-22,0.22,0.22,0.22,0.15,23807,49273564.18,31.82,0.0,0.0,4.89
水晶光电,2009-09-23,0.2,0.17,0.22,0.16,15544,32185608.48,27.27,-22.73,-0.05,3.19
水晶光电,2009-09-24,0.17,0.1,0.19,0.06,12356,24657502.31,76.47,-41.18,-0.07,2.54
水晶光电,2009-09-25,0.1,0.07,0.12,0.06,7973,15657885.67,60.0,-30.0,-0.03,1.64
水晶光电,2009-09-28,0.1,-0.06,0.11,-0.08,8545,16351099.82,271.43,-185.71,-0.13,1.75
水晶光电,2009-09-29,-0.04,-0.08,-0.03,-0.11,8065,14538295.48,-133.33,-33.33,-0.02,1.66
水晶光电,2009-09-30,-0.06,-0.08,-0.03,-0.08,9222,16786137.19,-62.5,0.0,0.0,1.89
水晶光电,2009-10-09,-0.06,0.03,0.03,-0.06,10686,20096444.57,-112.5,137.5,0.11,2.19
水晶光电,2009-10-12,0.04,0.05,0.07,0.01,10322,19887659.72,200.0,66.67,0.02,2.12
水晶光电,2009-10-13,0.05,0.06,0.06,0.02,6420,12339713.17,80.0,20.0,0.01,1.32
水晶光电,2009-10-14,0.06,0.06,0.11,0.05,11775,22981422.68,100.0,0.0,0.0,2.42
水晶光电,2009-10-15,0.07,0.1,0.15,0.07,17708,35124080.57,133.33,66.67,0.04,3.63
水晶光电,2009-10-16,0.1,0.13,0.14,0.08,15799,31486743.51,60.0,30.0,0.03,3.24
水晶光电,2009-10-19,0.13,0.14,0.14,0.1,13009,26047760.61,30.77,7.69,0.01,2.67
水晶光电,2009-10-20,0.15,0.22,0.22,0.13,19438,40269929.23,64.29,57.14,0.08,3.99
水晶光电,2009-10-21,0.26,0.23,0.34,0.23,37736,81585528.7,50.0,4.55,0.01,7.75
水晶光电,2009-10-22,0.23,0.45,0.45,0.22,80634,182340042.64,100.0,95.65,0.22,16.55
水晶光电,2009-10-23,0.45,0.5,0.5,0.41,65688,153612228.39,20.0,11.11,0.05,13.48
水晶光电,2009-10-26,0.5,0.74,0.74,0.48,75716,192546095.57,52.0,48.0,0.24,15.54
水晶光电,2009-10-27,0.82,0.77,0.93,0.74,83645,224746611.45,25.68,4.05,0.03,17.17
水晶光电,2009-10-28,0.74,0.85,0.88,0.71,60096,161397008.5,22.08,10.39,0.08,12.34
水晶光电,2009-10-29,0.77,0.74,0.83,0.69,37687,98677909.42,16.47,-12.94,-0.11,7.74
水晶光电,2009-10-30,0.78,0.73,0.79,0.69,32399,84506897.21,13.51,-1.35,-0.01,6.65
水晶光电,2009-11-02,0.66,0.86,0.86,0.63,52332,138537734.24,31.51,17.81,0.13,10.74
水晶光电,2009-11-03,0.83,0.85,0.87,0.81,31191,84303566.52,6.98,-1.16,-0.01,6.4
水晶光电,2009-11-04,0.85,1.02,1.09,0.78,52875,147298000.11,36.47,20.0,0.17,10.85
水晶光电,2009-11-05,0.98,0.97,1.01,0.93,21477,60767022.48,7.84,-4.9,-0.05,4.41
水晶光电,2009-11-06,0.96,0.97,1.02,0.94,21341,60540853.05,8.25,0.0,0.0,4.38
水晶光电,2009-11-09,0.95,0.91,0.97,0.84,26827,74036852.04,13.4,-6.19,-0.06,5.51
水晶光电,2009-11-10,0.9,0.95,0.96,0.87,18429,51491745.36,9.89,4.4,0.04,3.78
水晶光电,2009-11-11,0.95,0.9,0.95,0.87,12587,34716543.46,8.42,-5.26,-0.05,2.58
水晶光电,2009-11-12,0.91,0.91,0.96,0.89,13312,37038947.8,7.78,1.11,0.01,2.73
水晶光电,2009-11-13,0.91,0.99,1.04,0.89,26029,74110791.25,16.48,8.79,0.08,5.34
水晶光电,2009-11-16,1.0,1.28,1.28,1.0,35468,108233976.45,28.28,29.29,0.29,7.28
水晶光电,2009-11-17,1.21,1.21,1.28,1.15,19772,60632675.6,10.16,-5.47,-0.07,4.06
水晶光电,2009-11-18,1.21,1.23,1.27,1.16,16706,51420237.34,9.09,1.65,0.02,3.43
水晶光电,2009-11-19,1.19,1.29,1.3,1.16,14817,46164704.78,11.38,4.88,0.06,3.04
水晶光电,2009-11-20,1.26,1.24,1.32,1.21,10504,32643875.22,8.53,-3.88,-0.05,2.16
水晶光电,2009-11-23,1.21,1.21,1.24,1.17,18834,57512332.2,5.65,-2.42,-0.03,3.87
水晶光电,2009-11-24,1.21,1.04,1.26,1.04,14995,45668594.57,18.18,-14.05,-0.17,3.08
水晶光电,2009-11-25,0.99,1.13,1.15,0.99,11925,35398844.39,15.38,8.65,0.09,2.45
水晶光电,2009-11-26,1.11,0.84,1.12,0.83,25910,72986809.69,25.66,-25.66,-0.29,5.32
水晶光电,2009-11-27,0.83,0.77,0.89,0.73,22390,59584778.78,19.05,-8.33,-0.07,4.6
水晶光电,2009-11-30,0.83,0.93,0.94,0.8,16534,45595989.8,18.18,20.78,0.16,3.39
水晶光电,2009-12-01,0.93,1.1,1.17,0.92,20731,60819933.09,26.88,18.28,0.17,4.26
水晶光电,2009-12-02,1.1,1.12,1.13,1.06,16019,47455160.69,6.36,1.82,0.02,3.29
水晶光电,2009-12-03,1.08,1.14,1.2,1.08,11926,35858344.03,10.71,1.79,0.02,2.45
水晶光电,2009-12-04,1.1,1.03,1.22,0.95,18560,54749984.42,23.68,-9.65,-0.11,3.81
水晶光电,2009-12-07,1.03,1.1,1.17,1.0,12291,36401314.45,16.5,6.8,0.07,2.52
水晶光电,2009-12-08,1.12,1.15,1.19,1.04,15256,45672982.97,13.64,4.55,0.05,3.13
水晶光电,2009-12-09,1.13,1.05,1.15,1.01,11019,32435833.78,12.17,-8.7,-0.1,2.26
水晶光电,2009-12-10,1.05,1.15,1.16,1.04,11943,35486354.2,11.43,9.52,0.1,2.45
水晶光电,2009-12-11,1.14,1.25,1.32,1.12,26283,80964685.42,17.39,8.7,0.1,5.4
水晶光电,2009-12-14,1.26,1.23,1.39,1.21,27281,86027244.7,14.4,-1.6,-0.02,5.6
水晶光电,2009-12-15,1.23,1.18,1.23,1.14,17469,52871187.41,7.32,-4.07,-0.05,3.59
水晶光电,2009-12-16,1.17,1.14,1.17,1.1,8853,26496339.4,5.93,-3.39,-0.04,1.82
水晶光电,2009-12-17,1.13,0.99,1.14,0.97,13647,39694031.64,14.91,-13.16,-0.15,2.8
水晶光电,2009-12-18,0.99,0.87,1.01,0.84,11015,30440120.86,17.17,-12.12,-0.12,2.26
水晶光电,2009-12-22,0.91,0.9,0.98,0.84,10836,30272746.68,16.09,3.45,0.03,2.22
水晶光电,2009-12-23,0.9,0.93,0.96,0.86,7907,22075621.53,11.11,3.33,0.03,1.62
水晶光电,2009-12-24,0.92,1.09,1.13,0.91,12841,37394812.89,23.66,17.2,0.16,2.64
水晶光电,2009-12-25,1.24,1.25,1.33,1.17,34985,109233081.18,14.68,14.68,0.16,7.18
水晶光电,2009-12-28,1.26,1.29,1.36,1.26,25694,81337310.62,8.0,3.2,0.04,5.27
水晶光电,2009-12-29,1.26,1.51,1.58,1.22,37367,122461268.09,27.91,17.05,0.22,7.67
水晶光电,2009-12-30,1.49,1.42,1.54,1.34,28218,92415879.35,13.25,-5.96,-0.09,5.79
水晶光电,2009-12-31,1.37,1.37,1.49,1.33,29841,97006247.91,11.27,-3.52,-0.05,6.13
水晶光电,2010-01-04,1.37,1.54,1.56,1.34,26435,87705880.44,16.06,12.41,0.17,5.43
水晶光电,2010-01-05,1.45,1.64,1.67,1.45,29476,100865158.06,14.29,6.49,0.1,6.05
水晶光电,2010-01-06,1.6,1.52,1.64,1.51,13398,45937097.66,7.93,-7.32,-0.12,2.75
水晶光电,2010-01-07,1.5,1.54,1.67,1.48,26482,91176743.84,12.5,1.32,0.02,5.44
水晶光电,2010-01-08,1.54,1.53,1.6,1.48,13071,44398520.27,7.79,-0.65,-0.01,2.68
水晶光电,2010-01-11,1.53,1.67,1.7,1.49,30391,105866909.61,13.73,9.15,0.14,6.24
水晶光电,2010-01-12,1.72,1.97,2.03,1.72,65211,247996752.08,18.56,17.96,0.3,13.39
水晶光电,2010-01-13,1.86,2.01,2.25,1.79,73776,288309047.68,23.35,2.03,0.04,15.14
水晶光电,2010-01-14,2.04,2.05,2.13,1.94,27653,107164446.67,9.45,1.99,0.04,5.68
水晶光电,2010-01-15,2.01,2.06,2.19,2.0,20918,82484048.1,9.27,0.49,0.01,4.29
水晶光电,2010-01-18,2.05,2.35,2.44,2.0,31544,128147353.72,21.36,14.08,0.29,6.47
水晶光电,2010-01-19,2.33,2.24,2.39,2.15,24301,99444719.66,10.21,-4.68,-0.11,4.99
水晶光电,2010-01-20,2.24,1.88,2.24,1.83,32539,125885154.81,18.3,-16.07,-0.36,6.68
水晶光电,2010-01-21,1.87,1.92,1.96,1.72,17975,66655251.36,12.77,2.13,0.04,3.69
水晶光电,2010-01-22,1.84,1.73,1.86,1.65,19192,69018708.34,10.94,-9.9,-0.19,3.94
水晶光电,2010-01-25,1.7,1.75,1.8,1.67,10531,37989755.18,7.51,1.16,0.02,2.16
水晶光电,2010-01-26,1.73,1.53,1.79,1.44,14509,49965307.45,20.0,-12.57,-0.22,2.98
水晶光电,2010-01-27,1.53,1.61,1.7,1.46,26184,89829229.87,15.69,5.23,0.08,5.37
水晶光电,2010-01-28,1.55,1.68,1.69,1.55,16885,58624462.7,8.7,4.35,0.07,3.47
水晶光电,2010-01-29,1.67,1.76,1.84,1.62,22277,80845539.01,13.1,4.76,0.08,4.57
水晶光电,2010-02-01,1.76,1.74,1.78,1.63,13825,49080596.48,8.52,-1.14,-0.02,2.84
水晶光电,2010-02-02,1.76,1.64,1.79,1.63,18966,67031401.85,9.2,-5.75,-0.1,3.89
水晶光电,2010-02-03,1.64,1.52,1.66,1.38,16450,54917906.33,17.07,-7.32,-0.12,3.38
水晶光电,2010-02-04,1.52,1.56,1.62,1.46,10498,35825373.26,10.53,2.63,0.04,2.15
水晶光电,2010-02-05,1.49,1.5,1.51,1.4,11110,36922515.84,7.05,-3.85,-0.06,2.28
水晶光电,2010-02-08,1.5,1.5,1.51,1.43,5835,19424671.95,5.33,0.0,0.0,1.2
水晶光电,2010-02-09,1.46,1.5,1.54,1.46,4450,14946167.69,5.33,0.0,0.0,0.91
水晶光电,2010-02-10,1.54,1.71,1.76,1.51,16227,57427457.25,16.67,14.0,0.21,3.33
水晶光电,2010-02-11,1.71,1.62,1.72,1.62,7794,27486846.01,5.85,-5.26,-0.09,1.6
水晶光电,2010-02-12,1.6,1.66,1.7,1.57,6251,21953779.73,8.02,2.47,0.04,1.28
水晶光电,2010-02-22,1.66,1.81,1.86,1.64,14653,53588087.13,13.25,9.04,0.15,3.01
水晶光电,2010-02-23,1.81,1.93,1.96,1.77,12530,46661676.15,10.5,6.63,0.12,2.57
水晶光电,2010-02-24,1.89,1.98,2.01,1.85,12702,48328608.88,8.29,2.59,0.05,2.61
水晶光电,2010-02-25,1.96,1.93,2.04,1.87,14428,55142429.64,8.59,-2.53,-0.05,2.96
水晶光电,2010-02-26,1.95,1.87,1.95,1.87,10867,40691523.12,4.15,-3.11,-0.06,2.23
水晶光电,2010-03-01,1.87,1.89,1.91,1.84,10003,37331995.64,3.74,1.07,0.02,2.05
水晶光电,2010-03-02,1.9,2.02,2.02,1.86,14578,55631030.63,8.47,6.88,0.13,2.99
水晶光电,2010-03-03,2.02,1.9,2.02,1.88,19654,74043453.96,6.93,-5.94,-0.12,4.03
水晶光电,2010-03-04,1.9,1.72,1.92,1.7,13973,51128386.59,11.58,-9.47,-0.18,2.87
水晶光电,2010-03-05,1.7,1.78,1.8,1.69,8481,30535237.46,6.4,3.49,0.06,1.74
水晶光电,2010-03-08,1.78,1.89,1.9,1.78,11637,43263188.16,6.74,6.18,0.11,2.39
水晶光电,2010-03-09,1.89,1.74,1.89,1.73,16535,59947147.93,8.47,-7.94,-0.15,3.39
水晶光电,2010-03-10,1.74,1.66,1.8,1.64,14372,51145564.14,9.2,-4.6,-0.08,2.95
水晶光电,2010-03-11,1.67,1.67,1.7,1.62,4920,17304394.04,4.82,0.6,0.01,1.01
水晶光电,2010-03-12,1.67,1.63,1.68,1.54,16071,55526770.27,8.38,-2.4,-0.04,3.3
水晶光电,2010-03-15,1.57,1.55,1.61,1.53,7589,25917830.52,4.91,-4.91,-0.08,1.56
水晶光电,2010-03-16,1.56,1.59,1.59,1.52,6034,20638825.82,4.52,2.58,0.04,1.24
水晶光电,2010-03-17,1.72,1.84,1.89,1.71,33242,121931689.81,11.32,15.72,0.25,6.82
水晶光电,2010-03-18,1.8,1.79,1.87,1.77,18252,67043039.39,5.43,-2.72,-0.05,3.75
水晶光电,2010-03-19,1.8,1.82,1.89,1.79,20258,75081521.99,5.59,1.68,0.03,4.16
水晶光电,2010-03-22,1.83,1.87,1.89,1.8,14309,53160817.24,4.95,2.75,0.05,2.94
水晶光电,2010-03-23,1.88,1.84,1.89,1.8,9035,33410803.94,4.81,-1.6,-0.03,1.85
水晶光电,2010-03-24,1.83,2.01,2.06,1.8,36816,140776945.27,14.13,9.24,0.17,7.56
水晶光电,2010-03-25,2.04,1.99,2.11,1.97,25069,97719777.84,6.97,-1.0,-0.02,5.15
水晶光电,2010-03-26,1.96,2.02,2.05,1.94,13327,51584111.66,5.53,1.51,0.03,2.74
水晶光电,2010-03-29,2.03,1.91,2.05,1.84,22965,86700205.0,10.4,-5.45,-0.11,4.71
水晶光电,2010-03-30,1.91,1.91,1.99,1.89,12682,48029214.24,5.24,0.0,0.0,2.6
水晶光电,2010-03-31,1.91,2.01,2.03,1.91,18706,71755892.57,6.28,5.24,0.1,3.84
水晶光电,2010-04-01,2.01,2.19,2.26,2.0,37990,152470388.23,12.94,8.96,0.18,7.8
水晶光电,2010-04-02,2.16,2.16,2.24,2.13,20277,81448223.54,5.02,-1.37,-0.03,4.16
水晶光电,2010-04-06,2.21,2.21,2.38,2.17,22111,90920999.78,9.72,2.31,0.05,4.54
水晶光电,2010-04-07,2.17,2.17,2.32,2.13,17555,70960633.23,8.6,-1.81,-0.04,3.6
水晶光电,2010-04-08,2.17,2.26,2.31,2.15,20698,84823142.66,7.37,4.15,0.09,4.25
水晶光电,2010-04-09,2.25,2.34,2.37,2.23,17489,72895563.68,6.19,3.54,0.08,3.59
水晶光电,2010-04-12,2.39,2.38,2.4,2.29,15411,64655576.13,4.7,1.71,0.04,3.16
水晶光电,2010-04-13,2.35,2.1,2.53,1.95,34139,139399820.73,24.37,-11.76,-0.28,7.01
水晶光电,2010-04-14,2.16,2.07,2.2,2.01,14967,59044416.18,9.05,-1.43,-0.03,3.07
水晶光电,2010-04-15,2.19,2.22,2.43,2.18,46837,193524207.7,12.08,7.25,0.15,9.61
水晶光电,2010-04-16,2.15,2.43,2.53,2.13,37521,157416823.65,18.02,9.46,0.21,7.7
水晶光电,2010-04-19,2.39,2.39,2.61,2.36,28722,124399448.23,10.29,-1.65,-0.04,5.9
水晶光电,2010-04-20,2.45,2.82,2.82,2.45,46613,210615493.74,15.48,17.99,0.43,9.57
水晶光电,2010-04-21,2.86,3.02,3.14,2.86,45710,222462420.36,9.93,7.09,0.2,9.38
水晶光电,2010-04-22,3.01,3.52,3.52,2.91,50130,254183209.49,20.2,16.56,0.5,10.29
水晶光电,2010-04-23,3.65,3.48,3.75,3.35,38649,207265110.8,11.36,-1.14,-0.04,7.93
水晶光电,2010-04-26,3.45,3.53,3.66,3.34,28401,151443456.95,9.2,1.44,0.05,5.83
水晶光电,2010-04-27,3.48,3.16,3.48,2.99,41206,205748531.78,13.88,-10.48,-0.37,8.46
水晶光电,2010-04-28,3.06,3.04,3.16,2.91,29016,141127134.63,7.91,-3.8,-0.12,5.96
水晶光电,2010-04-29,3.0,2.88,3.16,2.77,29619,143042441.89,12.83,-5.26,-0.16,6.08
水晶光电,2010-04-30,2.86,2.97,3.0,2.74,19635,92629080.98,9.03,3.13,0.09,4.03
水晶光电,2010-05-04,2.86,3.05,3.13,2.81,14865,72066512.57,10.77,2.69,0.08,3.05
水晶光电,2010-05-05,3.0,3.26,3.31,2.96,34256,171944342.03,11.48,6.89,0.21,7.03
水晶光电,2010-05-06,3.26,2.9,3.26,2.9,29382,144716254.67,11.04,-11.04,-0.36,6.03
水晶光电,2010-05-10,2.84,2.65,3.04,2.45,22320,102521426.33,20.34,-8.62,-0.25,4.58
水晶光电,2010-05-11,2.75,2.66,2.79,2.55,19283,87418864.84,9.06,0.38,0.01,3.96
水晶光电,2010-05-12,2.6,2.36,2.65,2.29,17271,74122369.91,13.53,-11.28,-0.3,3.55
水晶光电,2010-05-13,2.37,2.64,2.69,2.37,18898,82956586.79,13.56,11.86,0.28,3.71
水晶光电,2010-05-14,2.59,2.7,2.75,2.55,11054,49895085.0,7.58,2.27,0.06,2.17
水晶光电,2010-05-17,2.58,2.43,2.69,2.41,10558,46369263.55,10.37,-10.0,-0.27,2.07
水晶光电,2010-05-18,2.47,2.71,2.75,2.44,14454,64284400.52,12.76,11.52,0.28,2.84
水晶光电,2010-05-19,2.67,2.89,2.98,2.65,19576,92083471.42,12.18,6.64,0.18,3.85
水晶光电,2010-05-20,2.86,2.77,2.92,2.76,15262,71302474.11,5.54,-4.15,-0.12,3.0
水晶光电,2010-05-21,2.62,2.99,3.08,2.47,21604,77550800.6,22.02,7.94,0.22,3.27
水晶光电,2010-05-24,3.0,3.1,3.21,2.91,35064,130846282.55,10.03,3.68,0.11,5.3
水晶光电,2010-05-25,3.08,3.19,3.22,3.0,27374,103411088.14,7.1,2.9,0.09,4.14
水晶光电,2010-05-26,3.18,2.92,3.21,2.89,20689,77060270.94,10.03,-8.46,-0.27,3.13
水晶光电,2010-05-27,2.91,2.95,3.0,2.73,27360,98107049.92,9.25,1.03,0.03,4.14
水晶光电,2010-05-28,2.99,3.08,3.19,2.99,24335,91379321.16,6.78,4.41,0.13,3.68
水晶光电,2010-05-31,3.02,3.07,3.27,3.02,28713,109517776.68,8.12,-0.32,-0.01,4.34
水晶光电,2010-06-01,3.02,2.85,3.1,2.71,35497,127239698.17,12.7,-7.17,-0.22,5.37
水晶光电,2010-06-02,2.81,2.95,2.97,2.74,14523,52077592.58,8.07,3.51,0.1,2.2
水晶光电,2010-06-03,2.95,2.87,3.02,2.84,20282,73510949.61,6.1,-2.71,-0.08,3.07
水晶光电,2010-06-04,2.79,2.9,2.94,2.75,15073,53793922.74,6.62,1.05,0.03,2.28
水晶光电,2010-06-07,2.81,2.96,2.99,2.76,22145,79892529.55,7.93,2.07,0.06,3.35
水晶光电,2010-06-08,2.97,3.17,3.2,2.97,35360,133358449.75,7.77,7.09,0.21,5.35
水晶光电,2010-06-09,3.22,3.17,3.24,3.1,27862,106301226.63,4.42,0.0,0.0,4.21
水晶光电,2010-06-10,3.17,3.35,3.41,3.17,37028,144859860.28,7.57,5.68,0.18,5.6
水晶光电,2010-06-11,3.38,3.31,3.41,3.24,24039,94184451.22,5.07,-1.19,-0.04,3.63
水晶光电,2010-06-17,3.31,3.02,3.37,3.02,23198,88480152.93,10.57,-8.76,-0.29,3.51
水晶光电,2010-06-18,3.02,2.78,3.08,2.6,34104,119381955.8,15.89,-7.95,-0.24,5.16
水晶光电,2010-06-21,2.75,2.83,2.87,2.61,20526,71589089.7,9.35,1.8,0.05,3.1
水晶光电,2010-06-22,2.82,2.81,2.88,2.77,12171,43407946.48,3.89,-0.71,-0.02,1.84
水晶光电,2010-06-23,2.77,2.97,2.97,2.7,17205,61871354.2,9.61,5.69,0.16,2.6
水晶光电,2010-06-24,2.96,2.94,2.98,2.89,8140,29531965.73,3.03,-1.01,-0.03,1.23
水晶光电,2010-06-25,2.89,2.77,2.93,2.69,11755,41570092.25,8.16,-5.78,-0.17,1.78
水晶光电,2010-06-28,2.76,2.56,2.79,2.54,12123,41433511.56,9.03,-7.58,-0.21,1.83
水晶光电,2010-06-29,2.56,2.36,2.6,2.23,27694,88037215.44,14.45,-7.81,-0.2,4.19
水晶光电,2010-06-30,2.25,2.36,2.37,2.24,16384,51964309.86,5.51,0.0,0.0,2.48
水晶光电,2010-07-01,2.32,2.35,2.4,2.26,11341,36047243.69,5.93,-0.42,-0.01,1.71
水晶光电,2010-07-02,2.33,2.35,2.37,2.08,17043,53105810.21,12.34,0.0,0.0,2.58
水晶光电,2010-07-05,2.29,2.33,2.36,2.15,8498,26466702.47,8.94,-0.85,-0.02,1.28
水晶光电,2010-07-06,2.26,2.4,2.46,2.26,20553,66118031.55,8.58,3.0,0.07,3.11
水晶光电,2010-07-07,2.4,2.4,2.46,2.32,9080,29249779.34,5.83,0.0,0.0,1.37
水晶光电,2010-07-08,2.43,2.4,2.45,2.36,9020,29180758.98,3.75,0.0,0.0,1.36
水晶光电,2010-07-09,2.42,2.52,2.62,2.31,19802,65320774.49,12.92,5.0,0.12,2.99
水晶光电,2010-07-12,2.52,2.52,2.59,2.45,10208,34071988.26,5.56,0.0,0.0,1.54
水晶光电,2010-07-13,2.5,2.35,2.5,2.31,19252,61738682.79,7.54,-6.75,-0.17,2.91
水晶光电,2010-07-14,2.34,2.4,2.4,2.34,11590,37197894.9,2.55,2.13,0.05,1.75
水晶光电,2010-07-15,2.37,2.24,2.43,2.23,9157,29220503.98,8.33,-6.67,-0.16,1.38
水晶光电,2010-07-16,2.24,2.08,2.28,1.94,27391,81035582.74,15.18,-7.14,-0.16,4.14
水晶光电,2010-07-19,2.01,2.19,2.22,2.0,14248,43178339.57,10.58,5.29,0.11,2.15
水晶光电,2010-07-20,2.22,2.41,2.57,2.2,23363,75717298.87,16.89,10.05,0.22,3.53
水晶光电,2010-07-21,2.41,2.42,2.52,2.37,14372,46909338.26,6.22,0.41,0.01,2.17
水晶光电,2010-07-22,2.43,2.43,2.49,2.4,12938,42266250.85,3.72,0.41,0.01,1.96
水晶光电,2010-07-23,2.44,2.57,2.61,2.44,23867,79402357.11,7.0,5.76,0.14,3.61
水晶光电,2010-07-26,2.57,2.58,2.6,2.51,17891,59992248.0,3.5,0.39,0.01,2.7
水晶光电,2010-07-27,2.57,2.58,2.6,2.53,15511,51989575.44,2.71,0.0,0.0,2.34
水晶光电,2010-07-28,2.58,2.74,2.75,2.54,26864,92844118.65,8.14,6.2,0.16,4.06
水晶光电,2010-07-29,2.74,2.74,2.86,2.7,19096,66975404.61,5.84,0.0,0.0,2.89
水晶光电,2010-07-30,2.75,2.73,2.78,2.68,14944,51984802.49,3.65,-0.36,-0.01,2.26
水晶光电,2010-08-02,2.74,2.81,2.91,2.74,20100,71326524.53,6.23,2.93,0.08,3.04
水晶光电,2010-08-03,2.81,2.82,2.93,2.81,29121,104718945.06,4.27,0.36,0.01,4.4
水晶光电,2010-08-04,2.78,2.85,2.9,2.71,24932,88359449.77,6.74,1.06,0.03,3.77
水晶光电,2010-08-05,2.82,2.98,3.02,2.82,27556,100103200.34,7.02,4.56,0.13,4.17
水晶光电,2010-08-06,3.0,3.18,3.21,2.95,35067,131289948.16,8.72,6.71,0.2,5.3
水晶光电,2010-08-09,3.2,3.15,3.21,3.12,22023,83572489.14,2.83,-0.94,-0.03,3.33
水晶光电,2010-08-10,3.16,2.87,3.16,2.87,27400,100507589.78,9.21,-8.89,-0.28,4.14
水晶光电,2010-08-11,2.86,3.11,3.12,2.78,37386,136959524.05,11.85,8.36,0.24,5.65
水晶光电,2010-08-12,3.02,3.15,3.25,2.98,30862,117010307.3,8.68,1.29,0.04,4.67
水晶光电,2010-08-13,3.11,3.27,3.27,3.04,24525,93766075.13,7.3,3.81,0.12,3.71
水晶光电,2010-08-16,3.27,3.33,3.37,3.22,26084,102330771.19,4.59,1.83,0.06,3.94
水晶光电,2010-08-17,3.34,3.18,3.39,3.12,45600,174735097.55,8.11,-4.5,-0.15,6.89
水晶光电,2010-08-18,3.18,3.2,3.22,3.02,43907,165790671.34,6.29,0.63,0.02,6.64
水晶光电,2010-08-19,3.18,3.08,3.2,3.07,28043,106165455.47,4.06,-3.75,-0.12,4.24
水晶光电,2010-08-20,3.02,2.95,3.09,2.87,30560,111417139.86,7.14,-4.22,-0.13,4.62
水晶光电,2010-08-23,2.89,2.95,3.02,2.87,10868,39731332.47,5.08,0.0,0.0,1.64
水晶光电,2010-08-24,2.93,2.97,3.03,2.92,11970,43999939.64,3.73,0.68,0.02,1.81
水晶光电,2010-08-25,2.96,2.91,3.02,2.9,13293,48598518.66,4.04,-2.02,-0.06,2.01
水晶光电,2010-08-26,2.93,2.93,3.0,2.89,12426,45089389.83,3.78,0.69,0.02,1.88
水晶光电,2010-08-27,2.95,2.95,2.95,2.87,13239,47894918.35,2.73,0.68,0.02,2.0
水晶光电,2010-08-30,2.99,3.07,3.12,2.95,23580,87897247.38,5.76,4.07,0.12,3.56
水晶光电,2010-08-31,3.08,3.11,3.15,2.97,23640,88027945.43,5.86,1.3,0.04,3.57
水晶光电,2010-09-01,3.12,2.99,3.12,2.92,33571,123993181.2,6.43,-3.86,-0.12,5.07
水晶光电,2010-09-02,2.97,3.04,3.1,2.97,19643,73090499.45,4.35,1.67,0.05,2.97
水晶光电,2010-09-03,3.04,2.95,3.11,2.94,27361,101082679.97,5.59,-2.96,-0.09,4.14
水晶光电,2010-09-06,2.96,2.74,3.0,2.72,49845,175899146.93,9.49,-7.12,-0.21,7.53
水晶光电,2010-09-07,2.73,2.78,2.81,2.73,14355,50386540.33,2.92,1.46,0.04,2.17
水晶光电,2010-09-08,2.77,2.83,2.83,2.74,19120,67465360.13,3.24,1.8,0.05,2.89
水晶光电,2010-09-09,2.86,2.86,3.0,2.83,32211,116681685.64,6.01,1.06,0.03,4.87
水晶光电,2010-09-10,2.86,2.85,2.99,2.75,20690,73722999.33,8.39,-0.35,-0.01,3.13
水晶光电,2010-09-13,2.87,2.94,2.99,2.86,25622,93082371.26,4.56,3.16,0.09,3.87
水晶光电,2010-09-14,2.94,3.42,3.42,2.94,98724,386391176.46,16.33,16.33,0.48,14.92
水晶光电,2010-09-15,3.61,3.54,3.71,3.48,95507,394483146.7,6.73,3.51,0.12,14.44
水晶光电,2010-09-16,3.42,3.19,3.51,3.1,53026,206390787.84,11.58,-9.89,-0.35,8.02
水晶光电,2010-09-17,3.2,3.13,3.25,3.12,25655,98234949.57,4.08,-1.88,-0.06,3.88
水晶光电,2010-09-20,3.12,3.02,3.19,2.99,18636,69943590.22,6.39,-3.51,-0.11,2.82
水晶光电,2010-09-21,3.02,2.86,3.08,2.86,23836,86613545.25,7.28,-5.3,-0.16,3.6
水晶光电,2010-09-27,2.89,2.98,3.01,2.86,14879,54241421.68,5.24,4.2,0.12,2.25
水晶光电,2010-09-28,2.98,2.89,2.98,2.86,24163,87342703.17,4.03,-3.02,-0.09,3.65
水晶光电,2010-09-29,2.89,2.76,2.9,2.74,31835,112519919.52,5.54,-4.5,-0.13,4.81
水晶光电,2010-09-30,2.76,2.83,2.86,2.76,11543,40964544.98,3.62,2.54,0.07,1.74
水晶光电,2010-10-08,2.9,3.02,3.08,2.9,19215,70885877.27,6.36,6.71,0.19,2.9
水晶光电,2010-10-11,3.03,2.91,3.03,2.85,28708,104042001.96,5.96,-3.64,-0.11,4.34
水晶光电,2010-10-12,2.91,2.87,2.97,2.86,22155,80250483.42,3.78,-1.37,-0.04,3.35
水晶光电,2010-10-13,2.82,2.92,2.94,2.7,31625,111505145.7,8.36,1.74,0.05,4.78
水晶光电,2010-10-14,2.92,2.74,2.97,2.74,23234,82461098.14,7.88,-6.16,-0.18,3.51
水晶光电,2010-10-15,2.74,2.61,2.77,2.58,29546,101531493.83,6.93,-4.74,-0.13,4.47
水晶光电,2010-10-18,2.62,2.41,2.62,2.27,28988,93082007.74,13.41,-7.66,-0.2,4.38
水晶光电,2010-10-19,2.43,2.73,2.75,2.43,20914,71331169.99,13.28,13.28,0.32,3.16
水晶光电,2010-10-20,2.67,2.84,2.9,2.56,37192,131625770.32,12.45,4.03,0.11,5.62
水晶光电,2010-10-21,2.83,2.77,2.87,2.76,19979,70498028.09,3.87,-2.46,-0.07,3.02
水晶光电,2010-10-22,2.79,2.92,2.92,2.79,22683,81226088.78,4.69,5.42,0.15,3.43
水晶光电,2010-10-25,3.14,2.97,3.25,2.96,59222,220609592.69,9.93,1.71,0.05,8.95
水晶光电,2010-10-26,2.97,3.23,3.38,2.93,83353,319841741.79,15.15,8.75,0.26,12.6
水晶光电,2010-10-27,3.23,3.15,3.4,3.02,40193,153669608.0,11.76,-2.48,-0.08,6.08
水晶光电,2010-10-28,3.08,3.12,3.16,2.99,21826,81467525.41,5.4,-0.95,-0.03,3.3
水晶光电,2010-10-29,3.15,3.41,3.48,3.15,64709,255089655.19,10.58,9.29,0.29,9.78
水晶光电,2010-11-01,3.41,3.61,3.62,3.35,46334,188686127.87,7.92,5.87,0.2,7.0
水晶光电,2010-11-02,3.62,3.52,3.69,3.41,52524,214942900.6,7.76,-2.49,-0.09,7.94
水晶光电,2010-11-03,3.53,3.36,3.53,3.33,20664,82481326.34,5.68,-4.55,-0.16,3.12
水晶光电,2010-11-04,3.35,3.65,3.66,3.31,26389,107904731.73,10.42,8.63,0.29,3.99
水晶光电,2010-11-05,3.65,4.03,4.08,3.58,45076,193922746.4,13.7,10.41,0.38,6.81
水晶光电,2010-11-08,4.02,4.04,4.11,3.9,22144,98796354.79,5.21,0.25,0.01,3.35
水晶光电,2010-11-09,3.97,3.97,4.01,3.87,16174,70964564.36,3.47,-1.73,-0.07,2.44
水晶光电,2010-11-10,3.92,3.72,3.92,3.71,27989,119933664.76,5.29,-6.3,-0.25,4.23
水晶光电,2010-11-11,3.73,3.55,3.87,3.55,18595,79279520.02,8.6,-4.57,-0.17,2.81
水晶光电,2010-11-12,3.54,3.36,3.54,3.1,35363,138625868.59,12.39,-5.35,-0.19,5.35
水晶光电,2010-11-15,3.28,3.48,3.48,3.28,16308,65261734.85,5.95,3.57,0.12,2.47
水晶光电,2010-11-17,3.28,3.24,3.33,3.15,18846,73042787.41,5.17,-6.9,-0.24,2.85
水晶光电,2010-11-18,3.23,3.31,3.37,3.22,12919,50314527.24,4.63,2.16,0.07,1.95
水晶光电,2010-11-19,3.33,3.52,3.61,3.31,23345,94503001.68,9.06,6.34,0.21,3.53
水晶光电,2010-11-22,3.53,3.79,4.05,3.53,44698,192180657.06,14.77,7.67,0.27,6.76
水晶光电,2010-11-23,3.85,4.36,4.36,3.68,91947,411863578.65,17.94,15.04,0.57,13.9
水晶光电,2010-11-24,4.53,4.63,4.79,4.39,89762,439104458.28,9.17,6.19,0.27,13.57
水晶光电,2010-11-25,4.58,4.31,4.58,4.28,49395,235678073.32,6.48,-6.91,-0.32,7.47
水晶光电,2010-11-26,4.27,4.21,4.44,4.16,31915,149049520.03,6.5,-2.32,-0.1,4.82
水晶光电,2010-11-29,4.14,4.49,4.53,4.14,35990,171030760.9,9.26,6.65,0.28,5.44
水晶光电,2010-11-30,4.49,4.31,4.54,3.96,30151,139024679.59,12.92,-4.01,-0.18,4.56
水晶光电,2010-12-01,4.3,4.2,4.37,4.12,15588,71939342.88,5.8,-2.55,-0.11,2.36
水晶光电,2010-12-02,4.21,4.1,4.34,4.07,16375,74829804.22,6.43,-2.38,-0.1,2.48
水晶光电,2010-12-03,4.1,4.09,4.15,3.81,14455,64317551.5,8.29,-0.24,-0.01,2.19
水晶光电,2010-12-06,4.07,4.01,4.09,3.8,11444,50426864.5,7.09,-1.96,-0.08,1.73
水晶光电,2010-12-07,3.92,4.19,4.21,3.85,14089,63800494.77,8.98,4.49,0.18,2.13
水晶光电,2010-12-08,4.27,4.73,4.79,4.27,67485,335574985.09,12.41,12.89,0.54,10.2
水晶光电,2010-12-09,4.6,4.62,4.92,4.55,45351,227341174.72,7.82,-2.33,-0.11,6.86
水晶光电,2010-12-10,4.6,4.75,4.87,4.48,29832,149747276.57,8.44,2.81,0.13,4.51
水晶光电,2010-12-13,4.75,4.84,5.12,4.66,31002,159443864.06,9.68,1.89,0.09,4.69
水晶光电,2010-12-14,4.83,5.17,5.2,4.8,28691,150527934.93,8.26,6.82,0.33,4.34
水晶光电,2010-12-15,5.02,4.79,5.16,4.77,29591,153435297.67,7.54,-7.35,-0.38,4.47
水晶光电,2010-12-16,4.74,5.08,5.11,4.74,16732,86517187.1,7.72,6.05,0.29,2.53
水晶光电,2010-12-17,4.99,5.07,5.12,4.86,8451,44058762.1,5.12,-0.2,-0.01,1.28
水晶光电,2010-12-20,5.02,4.83,5.03,4.66,15169,76969142.45,7.3,-4.73,-0.24,2.29
水晶光电,2010-12-21,4.86,4.83,4.9,4.73,11789,59772147.4,3.52,0.0,0.0,1.78
水晶光电,2010-12-23,4.83,4.61,4.86,4.53,12120,59565108.9,6.83,-4.55,-0.22,1.83
水晶光电,2010-12-24,4.6,4.6,4.7,4.44,9132,44504228.54,5.64,-0.22,-0.01,1.38
水晶光电,2010-12-27,4.54,4.41,4.63,4.14,13371,63946969.84,10.65,-4.13,-0.19,2.02
水晶光电,2010-12-28,4.29,4.34,4.39,4.18,5928,27661773.57,4.76,-1.59,-0.07,0.9
水晶光电,2010-12-29,4.39,4.59,4.6,4.31,9599,46011465.74,6.68,5.76,0.25,1.45
水晶光电,2010-12-30,4.54,4.75,4.75,4.53,11507,56797554.85,4.79,3.49,0.16,1.74
水晶光电,2010-12-31,4.75,4.79,4.9,4.62,10663,53595200.09,5.89,0.84,0.04,1.61
水晶光电,2011-01-04,4.85,4.54,4.85,4.36,22087,107105195.12,10.23,-5.22,-0.25,3.34
水晶光电,2011-01-05,4.49,4.53,4.59,4.37,11472,55009128.36,4.85,-0.22,-0.01,1.73
水晶光电,2011-01-06,4.58,4.3,4.58,4.26,20140,95021270.26,7.06,-5.08,-0.23,3.04
水晶光电,2011-01-07,4.27,4.37,4.4,4.2,15467,72217407.49,4.65,1.63,0.07,2.34
水晶光电,2011-01-10,4.35,4.11,4.35,4.04,19764,89995848.5,7.09,-5.95,-0.26,2.99
水晶光电,2011-01-11,4.07,4.02,4.11,4.01,13105,58876154.46,2.43,-2.19,-0.09,1.98
水晶光电,2011-01-12,4.11,3.94,4.11,3.76,16667,72645671.87,8.71,-1.99,-0.08,2.52
水晶光电,2011-01-13,3.92,3.96,3.98,3.8,9568,41661302.79,4.57,0.51,0.02,1.45
水晶光电,2011-01-14,3.91,3.87,3.91,3.73,8185,35193848.17,4.55,-2.27,-0.09,1.24
水晶光电,2011-01-17,3.78,3.3,3.78,3.3,18117,73846223.56,12.4,-14.73,-0.57,2.74
水晶光电,2011-01-18,3.29,3.26,3.4,3.15,7165,28036585.19,7.58,-1.21,-0.04,1.08
水晶光电,2011-01-19,3.36,3.64,3.71,3.3,17151,69786396.24,12.58,11.66,0.38,2.59
水晶光电,2011-01-20,3.59,3.48,3.6,3.48,19922,81196813.84,3.3,-4.4,-0.16,3.01
水晶光电,2011-01-21,3.48,3.39,3.53,3.39,9495,38152962.05,4.02,-2.59,-0.09,1.44
水晶光电,2011-01-24,3.55,3.2,3.57,3.2,11112,44296433.19,10.91,-5.6,-0.19,1.68
水晶光电,2011-01-25,3.2,3.29,3.37,3.0,16734,65193058.05,11.56,2.81,0.09,2.53
水晶光电,2011-01-26,3.32,3.43,3.65,3.28,11460,46236678.45,11.25,4.26,0.14,1.73
水晶光电,2011-01-27,3.43,3.53,3.58,3.32,8129,33168904.57,7.58,2.92,0.1,1.23
水晶光电,2011-01-28,3.52,3.73,3.75,3.41,10210,42621081.23,9.63,5.67,0.2,1.54
水晶光电,2011-01-31,3.68,3.78,3.81,3.6,9821,41543423.61,5.63,1.34,0.05,1.48
水晶光电,2011-02-01,3.71,3.71,3.78,3.7,6341,26884354.76,2.12,-1.85,-0.07,0.96
水晶光电,2011-02-09,3.62,3.53,3.71,3.52,4922,20463805.74,5.12,-4.85,-0.18,0.74
水晶光电,2011-02-10,3.52,3.66,3.69,3.48,6558,27297337.93,5.95,3.68,0.13,0.99
水晶光电,2011-02-11,3.68,3.89,3.9,3.66,11929,51823391.96,6.56,6.28,0.23,1.8
水晶光电,2011-02-14,3.96,4.09,4.12,3.94,16983,76292058.42,4.63,5.14,0.2,2.57
水晶光电,2011-02-15,4.07,4.02,4.1,3.99,12047,53820175.72,2.69,-1.71,-0.07,1.82
水晶光电,2011-02-16,4.0,4.06,4.08,3.91,10266,45688039.74,4.23,1.0,0.04,1.55
水晶光电,2011-02-17,4.04,4.26,4.28,4.03,13374,61634124.37,6.16,4.93,0.2,2.02
水晶光电,2011-02-18,4.21,4.23,4.39,4.16,14929,69297074.44,5.4,-0.7,-0.03,2.26
水晶光电,2011-02-21,4.2,4.29,4.31,4.14,7830,36152410.93,4.02,1.42,0.06,1.18
水晶光电,2011-02-22,4.28,3.99,4.28,3.94,11418,51315497.03,7.93,-6.99,-0.3,1.73
水晶光电,2011-02-23,3.99,3.95,4.06,3.79,10340,45256143.4,6.77,-1.0,-0.04,1.56
水晶光电,2011-02-24,3.95,4.09,4.19,3.9,8647,39156598.34,7.34,3.54,0.14,1.31
水晶光电,2011-02-25,4.11,4.11,4.18,3.95,5799,26093649.79,5.62,0.49,0.02,0.88
水晶光电,2011-02-28,4.09,4.26,4.33,4.08,9589,44465147.61,6.08,3.65,0.15,1.45
水晶光电,2011-03-01,4.26,4.15,4.33,4.07,10755,49576912.75,6.1,-2.58,-0.11,1.63
水晶光电,2011-03-02,4.18,4.3,4.3,4.11,15316,70679386.6,4.58,3.61,0.15,2.32
水晶光电,2011-03-03,4.2,4.0,4.24,3.98,15317,68954164.32,6.05,-6.98,-0.3,2.32
水晶光电,2011-03-04,4.0,3.94,4.0,3.84,11034,48194609.15,4.0,-1.5,-0.06,1.67
水晶光电,2011-03-07,3.98,4.0,4.05,3.86,10993,48514783.12,4.82,1.52,0.06,1.66
水晶光电,2011-03-08,4.01,4.08,4.08,3.83,28732,126804200.31,6.25,2.0,0.08,4.34
水晶光电,2011-03-09,4.06,3.94,4.06,3.9,20107,88783873.56,3.92,-3.43,-0.14,3.04
水晶光电,2011-03-10,3.91,3.86,3.91,3.77,9153,39660475.89,3.55,-2.03,-0.08,1.38
水晶光电,2011-03-11,3.83,3.92,4.02,3.81,11125,49016145.66,5.44,1.55,0.06,1.68
水晶光电,2011-03-14,3.81,4.0,4.02,3.75,13915,60921730.63,6.89,2.04,0.08,2.1
水晶光电,2011-03-15,3.95,3.83,3.96,3.78,26745,115626399.16,4.5,-4.25,-0.17,4.04
水晶光电,2011-03-16,3.82,3.85,4.0,3.82,17687,77875025.12,4.7,0.52,0.02,2.67
水晶光电,2011-03-17,3.85,3.61,3.86,3.55,26187,109853245.05,8.05,-6.23,-0.24,3.96
水晶光电,2011-03-18,3.61,3.61,3.68,3.55,13264,55051869.78,3.6,0.0,0.0,2.01
水晶光电,2011-03-21,3.61,3.67,3.7,3.61,8270,34595168.76,2.49,1.66,0.06,1.25
水晶光电,2011-03-22,3.7,3.71,3.83,3.66,13277,56499760.35,4.63,1.09,0.04,2.01
水晶光电,2011-03-23,3.68,3.77,3.8,3.68,10452,44555150.26,3.23,1.62,0.06,1.58
水晶光电,2011-03-25,3.78,3.71,3.83,3.61,15916,66769977.38,5.84,-1.59,-0.06,2.41
水晶光电,2011-03-28,3.71,3.51,3.71,3.47,15234,62525918.73,6.47,-5.39,-0.2,2.3
水晶光电,2011-03-29,3.52,3.29,3.52,3.28,14860,58573456.0,6.84,-6.27,-0.22,2.25
水晶光电,2011-03-30,3.29,3.16,3.36,3.14,10927,42281225.39,6.69,-3.95,-0.13,1.65
水晶光电,2011-03-31,3.16,3.22,3.27,3.15,12884,49444495.7,3.8,1.9,0.06,1.95
水晶光电,2011-04-01,3.22,3.41,3.49,3.2,19685,78306959.57,9.01,5.9,0.19,2.94
水晶光电,2011-04-06,3.41,3.21,3.41,3.18,12522,48621211.58,6.74,-5.87,-0.2,1.87
水晶光电,2011-04-07,3.21,3.18,3.27,3.15,11583,44473195.79,3.74,-0.93,-0.03,1.73
水晶光电,2011-04-08,3.19,3.3,3.37,3.18,11641,45299434.24,5.97,3.77,0.12,1.74
水晶光电,2011-04-11,3.28,3.19,3.32,3.18,9333,36032353.72,4.24,-3.33,-0.11,1.39
水晶光电,2011-04-12,3.19,3.22,3.28,3.16,8550,33010385.02,3.76,0.94,0.03,1.28
水晶光电,2011-04-13,3.23,3.3,3.3,3.19,6651,25748796.11,3.42,2.48,0.08,0.99
水晶光电,2011-04-14,3.3,3.39,3.44,3.28,14180,56121839.62,4.85,2.73,0.09,2.12
水晶光电,2011-04-15,3.39,3.3,3.43,3.27,6745,26501455.54,4.72,-2.65,-0.09,1.01
水晶光电,2011-04-18,3.3,3.42,3.43,3.26,12921,51212500.24,5.15,3.64,0.12,1.93
水晶光电,2011-04-19,3.39,3.45,3.53,3.36,16480,66778855.12,4.97,0.88,0.03,2.46
水晶光电,2011-04-20,3.45,3.56,3.59,3.37,11344,46086149.09,6.38,3.19,0.11,1.69
水晶光电,2011-04-21,3.61,3.51,3.65,3.48,6321,25955039.85,4.78,-1.4,-0.05,0.94
水晶光电,2011-04-26,3.55,3.16,3.55,3.14,16990,65880009.31,11.68,-9.97,-0.35,2.54
水晶光电,2011-04-27,3.17,3.15,3.27,3.12,6834,26185164.87,4.75,-0.32,-0.01,1.02
水晶光电,2011-04-28,3.23,3.05,3.23,3.02,6349,23881061.83,6.67,-3.17,-0.1,0.95
水晶光电,2011-04-29,3.02,3.14,3.2,3.02,5976,22726928.94,5.9,2.95,0.09,0.89
水晶光电,2011-05-03,3.17,3.16,3.27,2.89,8487,31822017.42,12.1,0.64,0.02,1.27
水晶光电,2011-05-04,3.14,3.1,3.15,3.0,6994,26160506.1,4.75,-1.9,-0.06,1.04
水晶光电,2011-05-05,3.09,3.06,3.12,3.03,3893,14583521.55,2.9,-1.29,-0.04,0.58
水晶光电,2011-05-06,3.06,3.18,3.2,2.89,6803,25871675.51,10.13,3.92,0.12,1.02
水晶光电,2011-05-09,3.19,3.18,3.23,3.15,2990,11443780.89,2.52,0.0,0.0,0.45
水晶光电,2011-05-10,3.2,3.17,3.2,3.09,2693,10224756.97,3.46,-0.31,-0.01,0.4
水晶光电,2011-05-11,3.17,3.09,3.25,3.09,8173,31018495.92,5.05,-2.52,-0.08,1.22
水晶光电,2011-05-12,3.05,2.99,3.09,2.95,4775,17689110.38,4.53,-3.24,-0.1,0.71
水晶光电,2011-05-13,2.99,3.0,3.03,2.9,3874,14155009.99,4.35,0.33,0.01,0.58
水晶光电,2011-05-16,3.0,2.97,3.04,2.9,6180,22579857.7,4.67,-1.0,-0.03,0.92
水晶光电,2011-05-17,2.98,2.95,3.02,2.93,5685,20717344.29,3.03,-0.67,-0.02,0.85
水晶光电,2011-05-18,2.95,2.94,2.98,2.91,4088,14899248.2,2.37,-0.34,-0.01,0.61
水晶光电,2011-05-19,2.95,2.88,3.0,2.87,6880,24888877.38,4.42,-2.04,-0.06,1.03
水晶光电,2011-05-20,2.89,2.79,2.89,2.76,7851,27757383.55,4.51,-3.13,-0.09,1.17
水晶光电,2011-05-23,2.79,2.6,2.81,2.54,10023,34545932.31,9.68,-6.81,-0.19,1.5
水晶光电,2011-05-25,2.67,2.65,2.85,2.61,7446,25993624.63,9.23,1.92,0.05,1.11
水晶光电,2011-05-26,2.68,2.61,2.76,2.61,4482,15440527.89,5.66,-1.51,-0.04,0.67
水晶光电,2011-05-27,2.61,2.62,2.66,2.59,4446,15084308.88,2.68,0.38,0.01,0.66
水晶光电,2011-05-30,2.64,2.57,2.66,2.56,3013,10207438.35,3.82,-1.91,-0.05,0.45
水晶光电,2011-05-31,2.61,2.67,2.67,2.57,3086,10516153.02,3.89,3.89,0.1,0.46
水晶光电,2011-06-01,2.67,2.74,2.74,2.63,4755,16441297.74,4.12,2.62,0.07,0.71
水晶光电,2011-06-02,2.66,2.85,2.87,2.64,11041,38883146.34,8.39,4.01,0.11,1.65
水晶光电,2011-06-03,2.83,2.86,2.87,2.8,4770,17039151.64,2.46,0.35,0.01,0.71
水晶光电,2011-06-07,2.86,2.82,2.87,2.8,3187,11341469.65,2.45,-1.4,-0.04,0.48
水晶光电,2011-06-08,2.78,2.78,2.82,2.72,3747,13161543.75,3.55,-1.42,-0.04,0.56
水晶光电,2011-06-09,2.82,2.72,2.82,2.7,2721,9502531.5,4.32,-2.16,-0.06,0.41
水晶光电,2011-06-10,2.72,2.7,2.76,2.64,3134,10800013.61,4.41,-0.74,-0.02,0.47
水晶光电,2011-06-13,2.7,2.61,2.7,2.58,6099,20639778.0,4.44,-3.33,-0.09,0.91
水晶光电,2011-06-14,2.62,2.72,2.72,2.59,2855,9808327.33,4.98,4.21,0.11,0.43
水晶光电,2011-06-15,2.71,2.73,2.75,2.7,4949,17196847.37,1.84,0.37,0.01,0.74
水晶光电,2011-06-16,2.7,2.66,2.73,2.63,2664,9186995.26,3.66,-2.56,-0.07,0.4
水晶光电,2011-06-17,2.64,2.61,2.69,2.6,1444,4935047.71,3.38,-1.88,-0.05,0.22
水晶光电,2011-06-20,2.59,2.42,2.6,2.37,6018,19772405.14,8.81,-7.28,-0.19,0.9
水晶光电,2011-06-21,2.42,2.45,2.45,2.41,2542,8263951.32,1.65,1.24,0.03,0.38
水晶光电,2011-06-22,2.45,2.47,2.57,2.43,1794,5943484.01,5.71,0.82,0.02,0.27
水晶光电,2011-06-23,2.43,2.6,2.6,2.43,4921,16376393.48,6.88,5.26,0.13,0.73
水晶光电,2011-06-24,2.56,2.69,2.71,2.56,7890,27103356.61,5.77,3.46,0.09,1.18
水晶光电,2011-06-27,2.65,2.85,2.93,2.65,13760,49135493.77,10.41,5.95,0.16,2.05
水晶光电,2011-06-28,2.85,2.85,2.88,2.78,4532,16161280.48,3.51,0.0,0.0,0.68
水晶光电,2011-06-29,2.83,2.83,2.87,2.82,3564,12720736.07,1.75,-0.7,-0.02,0.53
水晶光电,2011-06-30,2.8,2.87,2.89,2.8,3070,11000399.77,3.18,1.41,0.04,0.46
水晶光电,2011-07-01,2.87,2.85,2.92,2.83,4443,15980183.4,3.14,-0.7,-0.02,0.66
水晶光电,2011-07-04,2.85,2.99,3.0,2.85,7271,26543968.92,5.26,4.91,0.14,1.09
水晶光电,2011-07-05,2.99,2.99,3.05,2.94,3387,12468132.89,3.68,0.0,0.0,0.51
水晶光电,2011-07-06,2.95,2.98,2.98,2.9,4264,15508915.1,2.68,-0.33,-0.01,0.64
水晶光电,2011-07-07,2.99,3.11,3.21,2.98,14052,52947607.97,7.72,4.36,0.13,2.1
水晶光电,2011-07-08,3.11,3.04,3.11,3.0,4724,17605532.36,3.54,-2.25,-0.07,0.71
水晶光电,2011-07-11,3.03,3.06,3.1,3.03,6742,25233123.27,2.3,0.66,0.02,1.01
水晶光电,2011-07-12,3.04,2.95,3.04,2.95,5396,19817202.76,2.94,-3.59,-0.11,0.81
水晶光电,2011-07-13,2.94,3.07,3.09,2.94,3545,13172057.79,5.08,4.07,0.12,0.53
水晶光电,2011-07-14,3.03,3.07,3.13,3.0,3058,11434669.81,4.23,0.0,0.0,0.46
水晶光电,2011-07-15,3.07,3.24,3.26,3.03,15583,59563926.73,7.49,5.54,0.17,2.33
水晶光电,2011-07-18,3.3,3.15,3.3,3.13,8777,33562591.21,5.25,-2.78,-0.09,1.31
水晶光电,2011-07-19,3.12,3.06,3.12,3.06,6532,24460362.22,1.9,-2.86,-0.09,0.98
水晶光电,2011-07-20,3.06,3.1,3.12,3.05,4866,18220306.14,2.29,1.31,0.04,0.73
水晶光电,2011-07-21,3.08,3.0,3.1,3.0,2686,9980511.49,3.23,-3.23,-0.1,0.4
水晶光电,2011-07-22,3.04,2.99,3.06,2.95,3232,11935248.45,3.67,-0.33,-0.01,0.48
水晶光电,2011-07-25,2.94,2.8,2.99,2.77,3676,13237014.02,7.36,-6.35,-0.19,0.55
水晶光电,2011-07-26,2.78,2.81,2.84,2.78,3866,13677002.59,2.14,0.36,0.01,0.58
水晶光电,2011-07-27,2.77,2.9,2.91,2.77,3954,14132399.48,4.98,3.2,0.09,0.59
水晶光电,2011-07-28,2.87,2.82,2.87,2.78,3932,13956509.4,3.1,-2.76,-0.08,0.59
水晶光电,2011-07-29,2.85,2.91,2.91,2.81,4694,16830702.03,3.55,3.19,0.09,0.7
水晶光电,2011-08-01,2.81,2.97,3.02,2.81,3364,12284266.3,7.22,2.06,0.06,0.5
水晶光电,2011-08-02,2.95,2.96,2.97,2.82,3465,12487672.45,5.05,-0.34,-0.01,0.52
水晶光电,2011-08-03,2.91,3.03,3.08,2.89,6085,22575547.67,6.42,2.36,0.07,0.91
水晶光电,2011-08-04,3.03,3.1,3.12,3.02,4669,17457477.42,3.3,2.31,0.07,0.7
水晶光电,2011-08-05,2.95,3.09,3.16,2.89,7454,27767389.17,8.71,-0.32,-0.01,1.11
水晶光电,2011-08-08,3.02,2.91,3.04,2.77,10830,38980168.91,8.74,-5.83,-0.18,1.62
水晶光电,2011-08-09,2.84,2.9,2.95,2.71,7253,25932744.46,8.25,-0.34,-0.01,1.08
水晶光电,2011-08-10,2.95,3.11,3.17,2.94,9276,34649700.74,7.93,7.24,0.21,1.38
水晶光电,2011-08-11,3.03,3.16,3.19,3.03,12794,48630131.13,5.14,1.61,0.05,1.91
水晶光电,2011-08-12,3.18,3.13,3.24,3.12,8792,33710374.0,3.8,-0.95,-0.03,1.31
水晶光电,2011-08-15,3.14,3.15,3.21,3.09,7134,27037670.0,3.83,0.64,0.02,1.06
水晶光电,2011-08-16,3.18,3.29,3.38,3.15,23875,93071981.0,7.3,4.44,0.14,3.56
水晶光电,2011-08-17,3.3,3.39,3.52,3.3,26980,108351202.0,6.69,3.04,0.1,4.03
水晶光电,2011-08-18,3.37,3.23,3.39,3.19,12212,47553475.0,5.9,-4.72,-0.16,1.82
水晶光电,2011-08-19,3.15,3.28,3.31,3.05,7783,29762026.0,8.05,1.55,0.05,1.16
水晶光电,2011-08-22,3.28,3.19,3.31,3.18,7557,29223013.0,3.96,-2.74,-0.09,1.13
水晶光电,2011-08-23,3.22,3.11,3.23,3.08,16170,61104148.0,4.7,-2.51,-0.08,2.41
水晶光电,2011-08-24,3.13,3.38,3.48,3.13,21848,86185564.0,11.25,8.68,0.27,3.26
水晶光电,2011-08-25,3.38,3.45,3.48,3.32,18723,74822126.0,4.73,2.07,0.07,2.8
水晶光电,2011-08-26,3.44,3.37,3.54,3.36,11615,46805807.0,5.22,-2.32,-0.08,1.73
水晶光电,2011-08-29,3.37,3.54,3.59,3.34,20860,84821684.0,7.42,5.04,0.17,3.11
水晶光电,2011-08-30,3.56,3.39,3.6,3.38,9170,37092880.0,6.21,-4.24,-0.15,1.37
水晶光电,2011-08-31,3.37,3.27,3.45,3.25,13285,51833473.0,5.9,-3.54,-0.12,1.98
水晶光电,2011-09-01,3.25,3.22,3.32,3.18,7370,28537978.0,4.28,-1.53,-0.05,1.1
水晶光电,2011-09-02,3.18,3.25,3.28,3.14,4381,16823235.0,4.35,0.93,0.03,0.65
水晶光电,2011-09-05,3.22,3.18,3.25,3.18,2770,10639790.0,2.15,-2.15,-0.07,0.41
水晶光电,2011-09-06,3.16,3.19,3.27,3.1,5378,20483066.0,5.35,0.31,0.01,0.8
水晶光电,2011-09-07,3.21,3.12,3.23,3.06,14969,56425966.0,5.33,-2.19,-0.07,2.23
水晶光电,2011-09-08,3.15,2.98,3.16,2.98,7361,27576110.0,5.77,-4.49,-0.14,1.1
水晶光电,2011-09-09,2.98,2.98,3.06,2.91,8552,31460233.0,5.03,0.0,0.0,1.28
水晶光电,2011-09-13,2.87,2.99,2.99,2.87,2879,10454177.0,4.03,0.34,0.01,0.43
水晶光电,2011-09-14,2.99,3.02,3.03,2.93,3831,14128704.0,3.34,1.0,0.03,0.57
水晶光电,2011-09-15,3.02,3.04,3.04,2.97,4680,17306247.0,2.32,0.66,0.02,0.7
水晶光电,2011-09-16,3.04,3.06,3.11,3.03,2437,9107791.0,2.63,0.66,0.02,0.36
水晶光电,2011-09-19,3.03,2.93,3.03,2.91,2939,10776320.0,3.92,-4.25,-0.13,0.29
水晶光电,2011-09-20,2.94,2.88,2.96,2.87,5178,18706612.0,3.07,-1.71,-0.05,0.51
水晶光电,2011-09-21,2.88,2.98,2.98,2.82,7856,28427836.0,5.56,3.47,0.1,0.77
水晶光电,2011-09-22,2.97,2.84,2.97,2.84,3894,14051440.0,4.36,-4.7,-0.14,0.38
水晶光电,2011-09-23,2.76,2.8,2.82,2.74,2866,10084209.0,2.82,-1.41,-0.04,0.28
水晶光电,2011-09-26,2.77,2.76,2.87,2.75,1877,6650333.0,4.29,-1.43,-0.04,0.18
水晶光电,2011-09-27,2.88,2.76,2.88,2.7,2476,8676436.0,6.52,0.0,0.0,0.24
水晶光电,2011-09-28,2.83,2.67,2.83,2.65,4405,15248651.0,6.52,-3.26,-0.09,0.43
水晶光电,2011-09-29,2.62,2.51,2.64,2.38,9123,30165959.0,9.74,-5.99,-0.16,0.89
水晶光电,2011-09-30,2.51,2.52,2.6,2.44,6589,21907369.0,6.37,0.4,0.01,0.64
水晶光电,2011-10-10,2.53,2.52,2.53,2.46,1945,6433244.0,2.78,0.0,0.0,0.19
水晶光电,2011-10-11,2.59,2.52,2.65,2.47,2578,8634527.0,7.14,0.0,0.0,0.25
水晶光电,2011-10-12,2.44,2.66,2.7,2.44,4891,16545189.0,10.32,5.56,0.14,0.48
水晶光电,2011-10-13,2.69,2.75,2.79,2.66,3458,12069589.0,4.89,3.38,0.09,0.34
水晶光电,2011-10-14,2.7,2.83,2.83,2.69,2863,9982150.0,5.09,2.91,0.08,0.28
水晶光电,2011-10-17,2.83,2.79,2.85,2.79,3391,12052690.0,2.12,-1.41,-0.04,0.33
水晶光电,2011-10-18,2.78,2.74,2.78,2.67,4046,13999587.0,3.94,-1.79,-0.05,0.39
水晶光电,2011-10-19,2.76,2.81,2.89,2.74,3780,13400863.0,5.47,2.55,0.07,0.37
水晶光电,2011-10-20,2.76,2.75,2.81,2.73,6571,23019818.0,2.85,-2.14,-0.06,0.64
水晶光电,2011-10-21,2.78,2.73,2.82,2.72,6019,21054140.0,3.64,-0.73,-0.02,0.59
水晶光电,2011-10-24,2.68,2.74,2.75,2.6,9074,31346763.0,5.49,0.37,0.01,0.89
水晶光电,2011-10-25,2.73,2.88,2.88,2.73,9700,34421563.0,5.47,5.11,0.14,0.95
水晶光电,2011-10-26,2.85,2.91,2.97,2.85,6333,22974013.0,4.17,1.04,0.03,0.62
水晶光电,2011-10-27,2.91,2.88,2.94,2.87,2457,8855415.0,2.41,-1.03,-0.03,0.24
水晶光电,2011-10-28,2.96,2.93,2.96,2.87,7250,26160268.0,3.13,1.74,0.05,0.71
水晶光电,2011-10-31,2.95,2.95,2.95,2.88,5546,20082481.0,2.39,0.68,0.02,0.54
水晶光电,2011-11-01,2.9,2.92,2.94,2.87,3631,13111133.0,2.37,-1.02,-0.03,0.35
水晶光电,2011-11-02,2.89,3.15,3.19,2.78,14545,54375628.0,14.04,7.88,0.23,1.42
水晶光电,2011-11-03,3.15,3.1,3.39,3.06,14592,56067264.0,10.48,-1.59,-0.05,1.42
水晶光电,2011-11-04,3.16,3.1,3.16,3.07,3974,14971622.0,2.9,0.0,0.0,0.39
水晶光电,2011-11-07,3.1,3.04,3.11,3.02,3434,12812549.0,2.9,-1.94,-0.06,0.34
水晶光电,2011-11-08,3.04,2.98,3.06,2.96,4013,14797441.0,3.29,-1.97,-0.06,0.39
水晶光电,2011-11-09,2.98,3.05,3.08,2.95,3453,12792642.0,4.36,2.35,0.07,0.34
水晶光电,2011-11-10,3.03,3.0,3.03,2.96,3291,12104490.0,2.3,-1.64,-0.05,0.32
水晶光电,2011-11-11,3.0,2.99,3.01,2.96,4666,17113049.0,1.67,-0.33,-0.01,0.46
水晶光电,2011-11-14,2.98,3.11,3.11,2.98,5852,21963856.0,4.35,4.01,0.12,0.57
水晶光电,2011-11-15,3.1,3.1,3.17,3.08,5036,19085260.0,2.89,-0.32,-0.01,0.49
水晶光电,2011-11-16,3.13,2.99,3.13,2.98,5434,20131291.0,4.84,-3.55,-0.11,0.53
水晶光电,2011-11-17,2.98,2.94,3.05,2.94,4123,15164169.0,3.68,-1.67,-0.05,0.4
水晶光电,2011-11-18,2.91,2.83,2.95,2.82,4139,14879073.0,4.42,-3.74,-0.11,0.4
水晶光电,2011-11-21,2.83,2.88,2.88,2.81,1456,5195772.0,2.47,1.77,0.05,0.14
水晶光电,2011-11-22,2.87,2.95,2.96,2.86,4442,16121163.0,3.47,2.43,0.07,0.43
水晶光电,2011-11-23,2.99,3.04,3.06,2.96,5372,19892762.0,3.39,3.05,0.09,0.52
水晶光电,2011-11-24,3.02,3.02,3.06,2.99,1930,7156918.0,2.3,-0.66,-0.02,0.19
水晶光电,2011-11-25,3.06,3.17,3.41,2.94,13377,51130332.0,15.56,4.97,0.15,1.31
水晶光电,2011-11-28,3.17,3.05,3.17,3.04,8893,33352250.0,4.1,-3.79,-0.12,0.87
水晶光电,2011-11-29,3.19,3.19,3.24,3.07,18045,68607399.0,5.57,4.59,0.14,1.76
水晶光电,2011-11-30,3.27,3.18,3.27,3.03,20465,77868369.0,7.52,-0.31,-0.01,2.0
水晶光电,2011-12-01,3.36,3.27,3.41,3.19,24124,94194958.0,6.92,2.83,0.09,2.35
水晶光电,2011-12-02,3.2,3.15,3.23,3.08,9622,36499206.0,4.59,-3.67,-0.12,0.94
水晶光电,2011-12-05,3.08,2.98,3.12,2.88,10775,39513216.0,7.62,-5.4,-0.17,1.05
水晶光电,2011-12-06,2.99,2.89,2.99,2.84,4577,16494847.0,5.03,-3.02,-0.09,0.45
水晶光电,2011-12-07,2.91,2.95,2.95,2.83,7497,27001951.0,4.15,2.08,0.06,0.73
水晶光电,2011-12-08,2.95,2.91,2.99,2.85,3642,13209556.0,4.75,-1.36,-0.04,0.36
水晶光电,2011-12-09,2.89,2.89,2.95,2.84,2995,10767575.0,3.78,-0.69,-0.02,0.29
水晶光电,2011-12-12,2.87,2.88,2.89,2.81,2392,8581129.0,2.77,-0.35,-0.01,0.23
水晶光电,2011-12-13,2.85,2.69,2.85,2.62,5685,19885052.0,7.99,-6.6,-0.19,0.55
水晶光电,2011-12-14,2.69,2.57,2.7,2.46,9267,31210672.0,8.92,-4.46,-0.12,0.9
水晶光电,2011-12-15,2.49,2.55,2.62,2.45,4971,16461241.0,6.61,-0.78,-0.02,0.49
水晶光电,2011-12-16,2.51,2.63,2.65,2.51,4676,15740347.0,5.49,3.14,0.08,0.46
水晶光电,2011-12-19,2.6,2.74,2.81,2.56,6110,20874516.0,9.51,4.18,0.11,0.6
水晶光电,2011-12-20,2.74,2.69,2.74,2.68,1608,5564317.0,2.19,-1.82,-0.05,0.16
水晶光电,2011-12-21,2.75,2.54,2.75,2.54,2050,6985358.0,7.81,-5.58,-0.15,0.2
水晶光电,2011-12-22,2.58,2.57,2.67,2.41,3749,12453059.0,10.24,1.18,0.03,0.37
水晶光电,2011-12-23,2.61,2.66,2.72,2.52,4057,13918023.0,7.78,3.5,0.09,0.4
水晶光电,2011-12-26,2.7,2.66,2.74,2.63,2893,9966770.0,4.14,0.0,0.0,0.28
水晶光电,2011-12-27,2.63,2.64,2.73,2.56,2594,8858627.0,6.39,-0.75,-0.02,0.25
水晶光电,2011-12-28,2.56,2.49,2.65,2.33,11713,38342928.0,12.12,-5.68,-0.15,1.14
水晶光电,2011-12-29,2.44,2.34,2.51,2.34,7614,24598010.0,6.83,-6.02,-0.15,0.74
水晶光电,2011-12-30,2.32,2.4,2.43,2.21,10356,32972512.0,9.4,2.56,0.06,1.01
水晶光电,2012-01-04,2.41,2.21,2.41,2.21,6837,21700407.0,8.33,-7.92,-0.19,0.67
水晶光电,2012-01-05,2.14,1.87,2.16,1.8,14723,42050946.0,16.29,-15.38,-0.34,1.44
水晶光电,2012-01-06,1.83,1.76,1.83,1.66,6521,17945758.0,9.09,-5.88,-0.11,0.64
水晶光电,2012-01-09,1.76,1.9,1.91,1.76,13005,36750350.0,8.52,7.95,0.14,1.27
水晶光电,2012-01-10,1.94,2.05,2.05,1.9,8624,25234471.0,7.89,7.89,0.15,0.84
水晶光电,2012-01-11,2.06,2.05,2.11,2.01,6078,18107845.0,4.88,0.0,0.0,0.59
水晶光电,2012-01-12,2.06,2.07,2.12,2.02,4299,12849805.0,4.88,0.98,0.02,0.42
水晶光电,2012-01-13,2.08,1.9,2.1,1.86,5687,16283815.0,11.59,-8.21,-0.17,0.55
水晶光电,2012-01-17,1.77,1.91,1.91,1.65,37610,103953701.0,13.68,0.53,0.01,3.67
水晶光电,2012-01-18,1.91,1.74,1.94,1.7,13516,38122158.0,12.57,-8.9,-0.17,1.32
水晶光电,2012-01-19,1.71,1.68,1.78,1.6,10392,27802757.0,10.34,-3.45,-0.06,1.01
水晶光电,2012-01-20,1.68,1.8,1.81,1.68,8390,23010107.0,7.74,7.14,0.12,0.82
水晶光电,2012-01-30,1.81,1.83,1.88,1.81,8308,23344128.0,3.89,1.67,0.03,0.81
水晶光电,2012-01-31,1.82,1.86,1.86,1.78,2657,7422612.0,4.37,1.64,0.03,0.26
水晶光电,2012-02-01,1.85,1.9,1.99,1.81,7538,21668092.0,9.68,2.15,0.04,0.74
水晶光电,2012-02-02,1.9,1.95,1.96,1.86,8207,23530823.0,5.26,2.63,0.05,0.8
水晶光电,2012-02-03,1.95,2.04,2.08,1.93,9979,29306734.0,7.69,4.62,0.09,0.97
水晶光电,2012-02-06,2.06,2.03,2.07,1.98,6401,18862418.0,4.41,-0.49,-0.01,0.62
水晶光电,2012-02-07,2.01,1.94,2.01,1.89,5283,15170839.0,5.91,-4.43,-0.09,0.52
水晶光电,2012-02-08,1.92,2.02,2.06,1.92,4102,11952180.0,7.22,4.12,0.08,0.4
水晶光电,2012-02-09,2.04,2.12,2.23,2.02,10820,32957906.0,10.4,4.95,0.1,1.06
水晶光电,2012-02-10,2.12,2.12,2.14,2.09,6506,19565158.0,2.36,0.0,0.0,0.63
水晶光电,2012-02-13,2.11,2.21,2.25,2.07,8727,26916335.0,8.49,4.25,0.09,0.85
水晶光电,2012-02-14,2.2,2.23,2.23,2.17,4155,12812797.0,2.71,0.9,0.02,0.41
水晶光电,2012-02-15,2.22,2.24,2.26,2.19,4792,14904430.0,3.14,0.45,0.01,0.47
水晶光电,2012-02-16,2.27,2.36,2.41,2.25,15058,47927482.0,7.14,5.36,0.12,1.47
水晶光电,2012-02-17,2.35,2.3,2.42,2.27,6683,21181033.0,6.36,-2.54,-0.06,0.65
水晶光电,2012-02-20,2.36,2.24,2.38,2.23,9793,30657608.0,6.52,-2.61,-0.06,0.96
水晶光电,2012-02-21,2.24,2.27,2.27,2.17,7685,23822631.0,4.46,1.34,0.03,0.75
水晶光电,2012-02-22,2.27,2.37,2.41,2.24,11805,37637568.0,7.49,4.41,0.1,1.15
水晶光电,2012-02-23,2.38,2.43,2.45,2.37,17373,56225953.0,3.38,2.53,0.06,1.7
水晶光电,2012-02-24,2.42,2.4,2.42,2.33,12795,40925168.0,3.7,-1.23,-0.03,1.25
水晶光电,2012-02-27,2.36,2.43,2.45,2.36,13558,43956436.0,3.75,1.25,0.03,1.32
水晶光电,2012-02-28,2.43,2.39,2.43,2.33,15037,48236550.0,4.12,-1.65,-0.04,1.47
水晶光电,2012-02-29,2.39,2.28,2.39,2.22,10043,31860610.0,7.11,-4.6,-0.11,0.98
水晶光电,2012-03-01,2.41,2.56,2.62,2.36,42577,140316447.0,11.4,12.28,0.28,4.15
水晶光电,2012-03-02,2.52,2.62,2.62,2.49,28559,95757542.0,5.08,2.34,0.06,2.79
水晶光电,2012-03-05,2.62,2.72,2.75,2.57,27499,94657570.0,6.87,3.82,0.1,2.68
水晶光电,2012-03-06,2.7,2.69,2.75,2.65,20774,71791189.0,3.68,-1.1,-0.03,2.03
水晶光电,2012-03-07,2.64,2.55,2.68,2.54,14939,50701705.0,5.2,-5.2,-0.14,1.46
水晶光电,2012-03-08,2.54,2.6,2.61,2.54,11136,37532925.0,2.75,1.96,0.05,1.09
水晶光电,2012-03-09,2.62,2.68,2.68,2.61,9778,33495808.0,2.69,3.08,0.08,0.95
水晶光电,2012-03-12,2.69,2.7,2.77,2.65,17614,61208250.0,4.48,0.75,0.02,1.72
水晶光电,2012-03-13,2.74,2.69,2.74,2.62,11368,39000998.0,4.44,-0.37,-0.01,1.11
水晶光电,2012-03-14,2.7,2.74,2.89,2.68,45025,158933229.0,7.81,1.86,0.05,4.39
水晶光电,2012-03-15,2.74,2.61,2.74,2.56,17522,59627630.0,6.57,-4.74,-0.13,1.71
水晶光电,2012-03-16,2.65,2.7,2.71,2.52,20354,69039793.0,7.28,3.45,0.09,1.99
水晶光电,2012-03-19,2.62,2.87,2.88,2.56,48588,168308556.0,11.85,6.3,0.17,4.74
水晶光电,2012-03-20,2.82,2.86,2.91,2.74,27412,97245182.0,5.92,-0.35,-0.01,2.67
水晶光电,2012-03-21,2.83,2.66,2.84,2.42,53953,181036691.0,14.69,-6.99,-0.2,5.26
水晶光电,2012-03-22,2.62,2.54,2.65,2.47,25823,86288248.0,6.77,-4.51,-0.12,2.52
水晶光电,2012-03-23,2.53,2.4,2.53,2.4,12960,42216942.0,5.12,-5.51,-0.14,1.26
水晶光电,2012-03-26,2.36,2.39,2.42,2.36,6401,20635117.0,2.5,-0.42,-0.01,0.62
水晶光电,2012-03-27,2.42,2.41,2.49,2.4,6936,22670578.0,3.77,0.84,0.02,0.68
水晶光电,2012-03-28,2.41,2.23,2.42,2.21,11460,36193337.0,8.71,-7.47,-0.18,1.12
水晶光电,2012-03-29,2.23,2.1,2.23,2.1,10569,32019071.0,5.83,-5.83,-0.13,1.03
水晶光电,2012-03-30,2.12,2.11,2.22,2.08,11573,34894534.0,6.67,0.48,0.01,1.13
水晶光电,2012-04-05,2.1,2.25,2.25,2.1,12220,37689469.0,7.11,6.64,0.14,1.19
水晶光电,2012-04-06,2.25,2.35,2.38,2.2,9759,30931143.0,8.0,4.44,0.1,0.95
水晶光电,2012-04-09,2.31,2.32,2.38,2.3,4706,15000769.0,3.4,-1.28,-0.03,0.46
水晶光电,2012-04-11,2.32,2.32,2.4,2.31,5132,16378781.0,3.88,0.0,0.0,0.5
水晶光电,2012-04-12,2.36,2.34,2.36,2.31,5699,18119384.0,2.16,0.86,0.02,0.56
水晶光电,2012-04-13,2.37,2.35,2.42,2.31,9973,31940506.0,4.7,0.43,0.01,0.97
水晶光电,2012-04-16,2.35,2.28,2.35,2.24,4492,14118420.0,4.68,-2.98,-0.07,0.44
水晶光电,2012-04-17,2.27,2.29,2.35,2.25,4550,14376189.0,4.39,0.44,0.01,0.44
水晶光电,2012-04-18,2.33,2.42,2.43,2.29,8074,25965608.0,6.11,5.68,0.13,0.79
水晶光电,2012-04-19,2.4,2.42,2.52,2.4,8303,27238741.0,4.96,0.0,0.0,0.81
水晶光电,2012-04-20,2.39,2.48,2.52,2.39,6799,22346868.0,5.37,2.48,0.06,0.66
水晶光电,2012-04-23,2.45,2.13,2.45,2.12,20925,65294782.0,13.31,-14.11,-0.35,2.04
水晶光电,2012-04-24,2.13,2.19,2.2,2.07,14977,45245403.0,6.1,2.82,0.06,1.45
水晶光电,2012-04-25,2.18,2.13,2.2,2.13,11200,34178325.0,3.2,-2.74,-0.06,1.09
水晶光电,2012-04-26,2.13,2.17,2.18,1.91,22253,32630384.0,12.68,1.88,0.04,1.08
水晶光电,2012-04-27,2.14,2.12,2.16,2.04,9043,13334811.0,5.53,-2.3,-0.05,0.44
水晶光电,2012-05-02,2.15,2.12,2.23,2.05,18984,28035602.0,8.49,0.0,0.0,0.92
水晶光电,2012-05-03,2.12,2.1,2.2,2.08,10696,15783585.0,5.66,-0.94,-0.02,0.52
水晶光电,2012-05-04,2.1,2.16,2.19,2.1,11081,16572372.0,4.29,2.86,0.06,0.54
水晶光电,2012-05-07,2.16,2.29,2.29,2.12,27246,41226047.0,7.87,6.02,0.13,1.32
水晶光电,2012-05-08,2.28,2.25,2.31,2.25,10796,16671097.0,2.62,-1.75,-0.04,0.52
水晶光电,2012-05-09,2.24,2.29,2.34,2.12,18271,28001629.0,9.78,1.78,0.04,0.89
水晶光电,2012-05-10,2.37,2.23,2.37,2.2,13354,20474749.0,7.42,-2.62,-0.06,0.65
水晶光电,2012-05-11,2.2,2.12,2.26,2.12,10864,16366719.0,6.28,-4.93,-0.11,0.53
水晶光电,2012-05-14,2.16,2.14,2.2,2.13,11623,17477158.0,3.3,0.94,0.02,0.56
水晶光电,2012-05-15,2.13,2.08,2.16,2.01,11805,17323471.0,7.01,-2.8,-0.06,0.57
水晶光电,2012-05-16,2.17,2.13,2.19,2.03,21613,32347792.0,7.69,2.4,0.05,1.05
水晶光电,2012-05-17,2.08,2.14,2.16,2.07,6341,9432061.0,4.23,0.47,0.01,0.31
水晶光电,2012-05-18,2.12,2.01,2.12,2.01,9152,13331553.0,5.14,-6.07,-0.13,0.44
水晶光电,2012-05-21,2.01,1.9,2.06,1.83,14643,20491148.0,11.44,-5.47,-0.11,0.71
水晶光电,2012-05-22,1.92,1.92,1.96,1.89,11392,16032570.0,3.68,1.05,0.02,0.55
水晶光电,2012-05-23,1.9,1.89,1.97,1.85,11805,16558809.0,6.25,-1.56,-0.03,0.57
水晶光电,2012-05-24,1.89,1.83,1.92,1.82,9284,12898069.0,5.29,-3.17,-0.06,0.45
水晶光电,2012-05-25,1.84,1.81,1.88,1.77,8357,11453659.0,6.01,-1.09,-0.02,0.4
水晶光电,2012-05-28,1.81,1.88,1.9,1.76,7109,9763650.0,7.73,3.87,0.07,0.34
水晶光电,2012-05-29,1.87,1.93,1.96,1.85,9849,13865724.0,5.85,2.66,0.05,0.48
水晶光电,2012-05-30,1.96,1.91,1.97,1.9,6540,9210579.0,3.63,-1.04,-0.02,0.32
水晶光电,2012-05-31,1.92,2.18,2.26,1.9,34805,51729408.0,18.85,14.14,0.27,1.69
水晶光电,2012-06-01,2.19,2.2,2.21,2.1,22680,34031566.0,5.05,0.92,0.02,1.1
水晶光电,2012-06-04,2.13,2.35,2.41,2.08,120496,187272443.0,15.0,6.82,0.15,5.84
水晶光电,2012-06-05,2.32,2.37,2.45,2.31,43968,69481507.0,5.96,0.85,0.02,2.13
水晶光电,2012-06-06,2.36,2.37,2.43,2.29,31535,49792326.0,5.91,0.0,0.0,1.53
水晶光电,2012-06-07,2.35,2.37,2.41,2.29,29094,45485959.0,5.06,0.0,0.0,1.41
水晶光电,2012-06-08,2.37,2.41,2.45,2.32,47028,74643025.0,5.49,1.69,0.04,2.28
水晶光电,2012-06-11,2.41,2.58,2.66,2.41,54966,90872342.0,10.37,7.05,0.17,2.66
水晶光电,2012-06-12,2.54,2.74,2.79,2.52,56755,95863499.0,10.47,6.2,0.16,2.75
水晶光电,2012-06-13,2.75,2.74,3.0,2.71,76202,134180371.0,10.58,0.0,0.0,3.69
水晶光电,2012-06-14,2.69,2.69,2.78,2.61,53947,91287041.0,6.2,-1.82,-0.05,2.61
水晶光电,2012-06-15,2.67,2.65,2.72,2.56,31054,52033679.0,5.95,-1.49,-0.04,1.5
水晶光电,2012-06-18,2.85,2.73,2.94,2.69,49784,86681843.0,9.43,3.02,0.08,2.41
水晶光电,2012-06-19,2.64,2.69,2.86,2.61,35366,60595491.0,9.16,-1.47,-0.04,1.71
水晶光电,2012-06-20,2.69,2.65,2.78,2.64,14086,23981675.0,5.2,-1.49,-0.04,0.68
水晶光电,2012-06-21,2.64,2.64,2.65,2.38,29132,47620985.0,10.19,-0.38,-0.01,1.41
水晶光电,2012-06-25,2.56,2.56,2.72,2.51,17052,28663556.0,7.95,-3.03,-0.08,0.83
水晶光电,2012-06-26,2.54,2.57,2.63,2.44,16461,27022305.0,7.42,0.39,0.01,0.8
水晶光电,2012-06-27,2.57,2.8,2.88,2.57,50347,87204037.0,12.06,8.95,0.23,2.44
水晶光电,2012-06-29,2.74,3.13,3.18,2.69,70685,128007613.0,17.5,11.79,0.33,3.42
水晶光电,2012-07-02,3.11,3.19,3.21,3.05,45525,85024932.0,5.11,1.92,0.06,2.21
水晶光电,2012-07-03,3.15,3.12,3.21,3.1,25032,46895111.0,3.45,-2.19,-0.07,1.21
水晶光电,2012-07-04,3.1,2.89,3.25,2.87,33854,62487120.0,12.18,-7.37,-0.23,1.64
水晶光电,2012-07-06,2.87,3.14,3.15,2.82,33828,61305917.0,11.42,8.65,0.25,1.64
水晶光电,2012-07-09,3.12,3.01,3.22,3.0,25831,47879330.0,7.01,-4.14,-0.13,1.25
水晶光电,2012-07-10,3.0,2.67,3.0,2.65,32527,56810417.0,11.63,-11.3,-0.34,1.58
水晶光电,2012-07-11,2.67,2.73,2.77,2.63,13010,22114844.0,5.24,2.25,0.06,0.63
水晶光电,2012-07-12,2.73,2.87,2.93,2.69,17959,31681279.0,8.79,5.13,0.14,0.87
水晶光电,2012-07-13,2.82,2.73,2.94,2.73,18474,32363564.0,7.32,-4.88,-0.14,0.89
水晶光电,2012-07-16,2.74,2.69,2.87,2.69,27915,48514394.0,6.59,-1.47,-0.04,1.35
水晶光电,2012-07-17,2.67,2.73,2.74,2.47,21286,35338093.0,10.04,1.49,0.04,1.03
水晶光电,2012-07-18,2.69,2.78,2.78,2.66,9607,16440312.0,4.4,1.83,0.05,0.47
水晶光电,2012-07-19,2.74,2.87,2.91,2.74,14776,26151703.0,6.12,3.24,0.09,0.72
水晶光电,2012-07-20,2.87,2.78,2.94,2.75,12177,21433667.0,6.62,-3.14,-0.09,0.59
水晶光电,2012-07-23,2.77,2.64,2.77,2.62,13408,22617811.0,5.4,-5.04,-0.14,0.65
水晶光电,2012-07-24,2.59,2.7,2.72,2.58,8467,14349334.0,5.3,2.27,0.06,0.41
水晶光电,2012-07-25,2.7,2.65,2.71,2.63,7443,12570789.0,2.96,-1.85,-0.05,0.36
水晶光电,2012-07-26,2.62,2.7,2.82,2.62,14946,25720311.0,7.55,1.89,0.05,0.72
水晶光电,2012-07-27,2.7,2.68,2.79,2.67,6347,10870585.0,4.44,-0.74,-0.02,0.31
水晶光电,2012-07-30,2.66,2.61,2.74,2.61,7786,13221129.0,4.85,-2.61,-0.07,0.38
水晶光电,2012-07-31,2.6,2.51,2.68,2.51,23629,39020660.0,6.51,-3.83,-0.1,1.14
水晶光电,2012-08-01,2.51,2.58,2.66,2.51,5416,8988815.0,5.98,2.79,0.07,0.26
水晶光电,2012-08-02,2.57,2.66,2.74,2.54,8824,14938603.0,7.75,3.1,0.08,0.43
水晶光电,2012-08-03,2.7,2.91,2.94,2.61,20648,36309624.0,12.41,9.4,0.25,1.0
水晶光电,2012-08-06,2.9,3.01,3.03,2.85,13737,24769550.0,6.19,3.44,0.1,0.67
水晶光电,2012-08-07,3.0,3.01,3.14,2.93,24126,44434143.0,6.98,0.0,0.0,1.17
水晶光电,2012-08-08,3.02,2.9,3.05,2.85,15091,27009142.0,6.64,-3.65,-0.11,0.73
水晶光电,2012-08-09,2.94,3.09,3.18,2.87,16920,31048127.0,10.69,6.55,0.19,0.82
水晶光电,2012-08-10,3.11,3.11,3.15,3.03,12927,23992315.0,3.88,0.65,0.02,0.63
水晶光电,2012-08-13,3.1,3.04,3.12,3.04,14238,26351381.0,2.57,-2.25,-0.07,0.69
水晶光电,2012-08-14,3.01,3.16,3.19,2.89,21562,39710280.0,9.87,3.95,0.12,1.04
水晶光电,2012-08-15,3.24,3.55,3.65,3.24,88378,178100580.0,12.97,12.34,0.39,4.28
水晶光电,2012-08-16,3.53,3.72,3.89,3.48,101337,212625951.0,11.55,4.79,0.17,4.91
水晶光电,2012-08-17,3.66,3.55,3.67,3.52,40100,81718472.0,4.03,-4.57,-0.17,1.94
水晶光电,2012-08-20,3.56,3.61,3.65,3.45,23514,47653945.0,5.63,1.69,0.06,1.14
水晶光电,2012-08-21,3.56,3.9,3.95,3.55,80068,169605584.0,11.08,8.03,0.29,3.88
水晶光电,2012-08-22,3.87,3.77,3.91,3.73,35954,76558030.0,4.62,-3.33,-0.13,1.74
水晶光电,2012-08-23,3.74,3.76,3.84,3.7,29811,63027980.0,3.71,-0.27,-0.01,1.44
水晶光电,2012-08-24,3.71,3.64,3.84,3.6,24401,50893399.0,6.38,-3.19,-0.12,1.18
水晶光电,2012-08-27,3.61,3.68,3.76,3.45,26709,55025652.0,8.52,1.1,0.04,1.29
水晶光电,2012-08-28,3.68,3.62,3.73,3.49,27717,56598711.0,6.52,-1.63,-0.06,1.34
水晶光电,2012-08-29,3.59,3.76,3.91,3.53,44983,95310605.0,10.5,3.87,0.14,2.18
水晶光电,2012-08-30,3.68,3.61,3.76,3.4,29614,60678984.0,9.57,-3.99,-0.15,1.43
水晶光电,2012-08-31,3.6,3.43,3.6,3.34,34621,68449677.0,7.2,-4.99,-0.18,1.68
水晶光电,2012-09-03,3.43,3.63,3.68,3.37,26224,53602536.0,9.04,5.83,0.2,1.27
水晶光电,2012-09-04,3.61,3.69,3.79,3.59,22443,46846007.0,5.51,1.65,0.06,1.09
水晶光电,2012-09-05,3.62,3.86,3.93,3.62,32628,69706551.0,8.4,4.61,0.17,1.58
水晶光电,2012-09-06,3.92,3.78,3.92,3.74,20479,43401410.0,4.66,-2.07,-0.08,0.99
水晶光电,2012-09-07,3.82,3.87,3.95,3.73,28065,60029275.0,5.82,2.38,0.09,1.36
水晶光电,2012-09-10,3.82,3.85,3.9,3.64,43017,90276102.0,6.72,-0.52,-0.02,2.08
水晶光电,2012-09-11,3.74,3.67,3.78,3.61,48655,101065111.0,4.42,-4.68,-0.18,2.36
水晶光电,2012-09-12,3.69,3.68,3.79,3.63,31179,65090117.0,4.36,0.27,0.01,1.51
水晶光电,2012-09-13,3.68,3.89,3.91,3.64,55548,118102595.0,7.34,5.71,0.21,2.69
水晶光电,2012-09-14,3.93,4.46,4.46,3.93,171989,392497184.0,13.62,14.65,0.57,8.33
水晶光电,2012-09-17,4.39,4.1,4.42,4.0,67800,155128682.0,9.42,-8.07,-0.36,3.28
水晶光电,2012-09-18,4.16,4.48,4.56,4.09,90601,210838456.0,11.46,9.27,0.38,4.39
水晶光电,2012-09-19,4.44,4.35,4.54,4.27,41790,98478023.0,6.03,-2.9,-0.13,2.02
水晶光电,2012-09-20,4.32,4.07,4.32,4.05,59069,133533015.0,6.21,-6.44,-0.28,2.86
水晶光电,2012-09-21,4.07,4.0,4.36,3.94,39419,89235105.0,10.32,-1.72,-0.07,1.91
水晶光电,2012-09-24,3.89,4.1,4.18,3.7,33029,72338554.0,12.0,2.5,0.1,1.6
水晶光电,2012-09-25,4.05,3.93,4.13,3.87,20337,44437799.0,6.34,-4.15,-0.17,0.99
水晶光电,2012-09-26,3.88,3.77,3.96,3.69,25144,53260693.0,6.87,-4.07,-0.16,1.22
水晶光电,2012-09-27,3.74,3.84,3.93,3.63,24595,52042743.0,7.96,1.86,0.07,1.19
水晶光电,2012-09-28,3.75,3.83,3.89,3.68,22065,46690959.0,5.47,-0.26,-0.01,1.07
水晶光电,2012-10-08,3.86,3.81,4.05,3.78,12976,28061900.0,7.05,-0.52,-0.02,0.63
水晶光电,2012-10-09,3.73,3.83,3.99,3.66,58454,123849334.0,8.66,0.52,0.02,2.83
水晶光电,2012-10-10,3.79,3.96,3.99,3.71,50008,107269559.0,7.31,3.39,0.13,2.42
水晶光电,2012-10-11,3.94,3.8,3.95,3.74,48202,103156810.0,5.3,-4.04,-0.16,2.34
水晶光电,2012-10-12,3.76,3.43,3.87,3.24,109368,217734255.0,16.58,-9.74,-0.37,5.3
水晶光电,2012-10-15,3.37,3.54,3.59,3.23,37377,74189139.0,10.5,3.21,0.11,1.81
水晶光电,2012-10-16,3.52,3.54,3.68,3.51,30620,62885874.0,4.8,0.0,0.0,1.48
水晶光电,2012-10-17,3.56,3.62,3.66,3.53,17324,35449776.0,3.67,2.26,0.08,0.84
水晶光电,2012-10-18,3.62,3.74,3.79,3.6,39858,83627281.0,5.25,3.31,0.12,1.93
水晶光电,2012-10-19,3.75,3.68,3.78,3.65,15461,32137919.0,3.48,-1.6,-0.06,0.75
水晶光电,2012-10-22,3.64,3.6,3.66,3.53,26732,54535696.0,3.53,-2.17,-0.08,1.3
水晶光电,2012-10-23,3.64,3.58,3.71,3.55,29984,61720563.0,4.44,-0.56,-0.02,1.45
水晶光电,2012-10-24,3.55,3.49,3.61,3.48,11230,22860929.0,3.63,-2.51,-0.09,0.54
水晶光电,2012-10-25,3.5,3.43,3.75,3.38,43404,88284216.0,10.6,-1.72,-0.06,2.1
水晶光电,2012-10-26,3.4,3.44,3.5,3.27,18370,36034055.0,6.71,0.29,0.01,0.89
水晶光电,2012-10-29,3.42,3.48,3.5,3.34,13161,26116608.0,4.65,1.16,0.04,0.64
水晶光电,2012-10-30,3.48,3.54,3.58,3.47,13028,26264368.0,3.16,1.72,0.06,0.63
水晶光电,2012-10-31,3.55,3.67,3.7,3.55,25382,52389718.0,4.24,3.67,0.13,1.23
水晶光电,2012-11-01,3.7,3.78,3.83,3.7,29694,62822185.0,3.54,3.0,0.11,1.44
水晶光电,2012-11-02,3.79,3.77,3.79,3.68,23253,48799373.0,2.91,-0.26,-0.01,1.13
水晶光电,2012-11-05,3.74,3.64,3.82,3.55,31602,65284977.0,7.16,-3.45,-0.13,1.53
水晶光电,2012-11-06,3.65,3.7,3.7,3.57,15958,32882202.0,3.57,1.65,0.06,0.77
水晶光电,2012-11-07,3.7,3.64,3.73,3.58,10136,20929792.0,4.05,-1.62,-0.06,0.49
水晶光电,2012-11-08,3.58,3.48,3.65,3.45,17689,35904747.0,5.49,-4.4,-0.16,0.86
水晶光电,2012-11-09,3.48,3.5,3.58,3.43,5949,12032677.0,4.31,0.57,0.02,0.29
水晶光电,2012-11-12,3.45,3.45,3.57,3.37,10267,20332387.0,5.71,-1.43,-0.05,0.5
水晶光电,2012-11-13,3.45,3.3,3.47,3.24,20061,39065973.0,6.67,-4.35,-0.15,0.97
水晶光电,2012-11-14,3.3,3.33,3.35,3.25,7400,14277166.0,3.03,0.91,0.03,0.36
水晶光电,2012-11-15,3.28,3.21,3.31,3.17,6777,12947529.0,4.2,-3.6,-0.12,0.33
水晶光电,2012-11-16,3.19,3.18,3.23,3.06,13035,24210514.0,5.3,-0.93,-0.03,0.63
水晶光电,2012-11-19,3.17,3.32,3.33,3.08,8386,15939499.0,7.86,4.4,0.14,0.41
水晶光电,2012-11-20,3.33,3.45,3.48,3.33,14992,29682682.0,4.52,3.92,0.13,0.73
水晶光电,2012-11-21,3.43,3.55,3.55,3.43,13633,27388801.0,3.48,2.9,0.1,0.66
水晶光电,2012-11-22,3.48,3.58,3.61,3.48,15871,32338339.0,3.66,0.85,0.03,0.77
水晶光电,2012-11-23,3.54,3.44,3.61,3.42,12062,24254840.0,5.31,-3.91,-0.14,0.58
水晶光电,2012-11-26,3.4,3.02,3.43,2.99,24866,47096449.0,12.79,-12.21,-0.42,1.2
水晶光电,2012-11-27,3.02,2.96,3.05,2.73,36226,64167179.0,10.6,-1.99,-0.06,1.75
水晶光电,2012-11-28,2.93,2.93,3.01,2.84,15259,27199136.0,5.74,-1.01,-0.03,0.74
水晶光电,2012-11-29,2.92,2.98,3.02,2.87,13232,23870286.0,5.12,1.71,0.05,0.64
水晶光电,2012-11-30,2.95,3.0,3.04,2.82,14439,26111163.0,7.38,0.67,0.02,0.7
水晶光电,2012-12-03,3.0,2.95,3.02,2.87,6989,12643096.0,5.0,-1.67,-0.05,0.34
水晶光电,2012-12-04,2.95,3.0,3.0,2.88,17249,31062167.0,4.07,1.69,0.05,0.84
水晶光电,2012-12-05,3.02,3.25,3.33,3.0,14463,27467895.0,11.0,8.33,0.25,0.7
水晶光电,2012-12-06,3.25,3.19,3.28,3.13,11603,22080512.0,4.62,-1.85,-0.06,0.56
水晶光电,2012-12-07,3.16,3.27,3.33,3.15,12070,23149140.0,5.64,2.51,0.08,0.58
水晶光电,2012-12-10,3.3,3.31,3.34,3.22,16761,32323182.0,3.67,1.22,0.04,0.81
水晶光电,2012-12-11,3.24,3.27,3.33,3.22,19818,38053686.0,3.32,-1.21,-0.04,0.96
水晶光电,2012-12-12,3.22,3.14,3.31,3.06,12872,24277761.0,7.65,-3.98,-0.13,0.62
水晶光电,2012-12-13,3.18,3.03,3.18,3.03,13597,25148258.0,4.78,-3.5,-0.11,0.66
水晶光电,2012-12-14,3.04,3.18,3.32,3.03,36112,68122803.0,9.57,4.95,0.15,1.75
水晶光电,2012-12-17,3.14,2.79,3.17,2.69,136710,235309143.0,15.09,-12.26,-0.39,6.62
水晶光电,2012-12-18,2.71,2.76,2.8,2.68,69038,118908907.0,4.3,-1.08,-0.03,3.34
水晶光电,2012-12-19,2.74,2.84,2.88,2.72,37413,65545747.0,5.8,2.9,0.08,1.81
水晶光电,2012-12-20,2.85,2.99,3.06,2.84,41481,75177050.0,7.75,5.28,0.15,2.01
水晶光电,2012-12-21,2.99,3.06,3.09,2.96,44815,82255033.0,4.35,2.34,0.07,2.17
水晶光电,2012-12-24,3.08,3.32,3.45,3.08,77838,150414122.0,12.09,8.5,0.26,3.53
水晶光电,2012-12-25,3.35,3.4,3.5,3.35,44355,88156521.0,4.52,2.41,0.08,2.01
水晶光电,2012-12-26,3.4,3.53,3.63,3.4,38920,78904389.0,6.76,3.82,0.13,1.76
水晶光电,2012-12-27,3.54,3.45,3.58,3.44,34809,70127123.0,3.97,-2.27,-0.08,1.58
水晶光电,2012-12-28,3.44,3.59,3.64,3.34,39905,79691531.0,8.7,4.06,0.14,1.81
水晶光电,2012-12-31,3.6,3.67,3.73,3.52,39469,81008177.0,5.85,2.23,0.08,1.79
水晶光电,2013-01-04,3.69,3.69,3.79,3.45,49790,101725809.0,9.26,0.54,0.02,2.26
水晶光电,2013-01-07,3.66,3.75,3.78,3.53,19776,41186348.0,6.78,1.63,0.06,0.9
水晶光电,2013-01-08,3.77,3.99,4.01,3.69,36395,79020091.0,8.53,6.4,0.24,1.65
水晶光电,2013-01-09,3.97,4.14,4.23,3.9,42233,94791093.0,8.27,3.76,0.15,1.91
水晶光电,2013-01-10,4.15,4.19,4.27,4.06,24182,54646603.0,5.07,1.21,0.05,1.1
水晶光电,2013-01-11,4.21,4.02,4.21,4.01,21959,48809929.0,4.77,-4.06,-0.17,1.0
水晶光电,2013-01-14,3.96,4.16,4.27,3.93,29725,67120882.0,8.46,3.48,0.14,1.34
水晶光电,2013-01-15,4.16,4.55,4.56,4.1,65096,151801327.0,11.06,9.38,0.39,2.93
水晶光电,2013-01-16,4.52,4.44,4.52,4.07,87460,201744692.0,9.89,-2.42,-0.11,3.93
水晶光电,2013-01-17,4.27,4.1,4.32,3.95,95031,214071112.0,8.33,-7.66,-0.34,4.27
水晶光电,2013-01-18,4.05,4.14,4.17,4.0,35241,78399524.0,4.15,0.98,0.04,1.58
水晶光电,2013-01-21,4.14,4.11,4.18,3.98,46490,103373995.0,4.83,-0.72,-0.03,2.09
水晶光电,2013-01-22,4.1,4.11,4.11,3.95,47766,105326392.0,3.89,0.0,0.0,2.15
水晶光电,2013-01-23,4.09,4.28,4.35,4.06,27377,62227743.0,7.06,4.14,0.17,1.23
水晶光电,2013-01-24,4.27,4.14,4.32,3.92,44499,99544436.0,9.35,-3.27,-0.14,2.0
水晶光电,2013-01-25,4.04,3.98,4.1,3.89,38273,83394401.0,5.07,-3.86,-0.16,1.72
水晶光电,2013-01-28,3.95,3.95,3.99,3.84,57431,124136119.0,3.77,-0.75,-0.03,2.58
水晶光电,2013-01-29,3.91,4.09,4.15,3.9,53472,118464888.0,6.33,3.54,0.14,2.4
水晶光电,2013-01-30,4.06,4.14,4.31,4.0,44231,99647489.0,7.58,1.22,0.05,1.99
水晶光电,2013-01-31,4.11,4.0,4.11,3.93,25086,55133146.0,4.35,-3.38,-0.14,1.13
水晶光电,2013-02-01,4.0,4.12,4.14,3.98,31613,70149564.0,4.0,3.0,0.12,1.42
水晶光电,2013-02-04,4.16,4.04,4.23,4.03,18963,42410225.0,4.85,-1.94,-0.08,0.85
水晶光电,2013-02-05,4.02,4.27,4.29,3.98,46745,106412049.0,7.67,5.69,0.23,2.1
水晶光电,2013-02-06,4.29,4.64,4.68,4.28,58612,141461606.0,9.37,8.67,0.37,2.63
水晶光电,2013-02-07,4.74,4.64,4.92,4.56,53039,131141582.0,7.76,0.0,0.0,2.38
水晶光电,2013-02-08,4.64,5.16,5.24,4.62,62187,159068660.0,13.36,11.21,0.52,2.79
水晶光电,2013-02-18,5.06,5.12,5.17,4.97,29902,77825547.0,3.88,-0.78,-0.04,1.34
水晶光电,2013-02-19,5.12,4.95,5.13,4.9,26440,67997386.0,4.49,-3.32,-0.17,1.19
水晶光电,2013-02-20,4.79,5.09,5.15,4.79,35867,91638455.0,7.27,2.83,0.14,1.61
水晶光电,2013-02-21,5.09,5.24,5.63,5.01,61415,165717091.0,12.18,2.95,0.15,2.76
水晶光电,2013-02-22,5.11,5.41,5.47,5.11,31147,83337741.0,6.87,3.24,0.17,1.4
水晶光电,2013-02-25,5.42,5.49,5.71,5.35,35296,98008628.0,6.65,1.48,0.08,1.59
水晶光电,2013-02-26,5.58,5.44,5.71,5.37,44782,125057465.0,6.19,-0.91,-0.05,2.01
水晶光电,2013-02-27,5.4,5.37,5.42,5.02,49484,131889998.0,7.35,-1.29,-0.07,2.22
水晶光电,2013-02-28,5.33,5.37,5.38,5.15,46093,123522033.0,4.28,0.0,0.0,2.07
水晶光电,2013-03-01,5.35,5.68,5.71,5.27,45257,127215360.0,8.19,5.77,0.31,2.03
水晶光电,2013-03-04,5.61,5.35,5.63,5.31,38574,106873551.0,5.63,-5.81,-0.33,1.73
水晶光电,2013-03-05,5.29,5.69,5.81,5.16,71835,197956303.0,12.15,6.36,0.34,3.23
水晶光电,2013-03-06,5.68,5.92,6.0,5.61,49519,143113961.0,6.85,4.04,0.23,2.23
水晶光电,2013-03-07,5.91,5.48,5.94,5.45,57067,161123448.0,8.28,-7.43,-0.44,2.56
水晶光电,2013-03-08,5.45,5.26,5.56,5.21,36097,97961202.0,6.39,-4.01,-0.22,1.62
水晶光电,2013-03-11,5.27,5.62,5.78,5.1,45522,126805350.0,12.93,6.84,0.36,2.05
水晶光电,2013-03-12,5.58,5.42,5.7,5.24,30484,83770385.0,8.19,-3.56,-0.2,1.37
水晶光电,2013-03-13,5.41,5.36,5.53,5.28,14299,38872719.0,4.61,-1.11,-0.06,0.64
水晶光电,2013-03-14,5.35,5.82,5.84,5.27,54804,155465495.0,10.63,8.58,0.46,2.46
水晶光电,2013-03-15,5.86,6.24,6.53,5.86,70959,216744212.0,11.51,7.22,0.42,3.19
水晶光电,2013-03-18,6.21,6.42,6.59,6.2,42901,133200881.0,6.25,2.88,0.18,1.93
水晶光电,2013-03-19,6.43,6.23,6.69,6.06,38410,118821567.0,9.81,-2.96,-0.19,1.73
水晶光电,2013-03-20,6.23,6.32,6.38,6.08,38190,116744973.0,4.82,1.44,0.09,1.72
水晶光电,2013-03-21,6.37,6.51,6.68,6.21,53172,168429384.0,7.44,3.01,0.19,2.39
水晶光电,2013-03-22,6.56,6.95,6.99,6.5,52570,171292165.0,7.53,6.76,0.44,2.36
水晶光电,2013-03-25,6.85,7.58,7.7,6.84,104225,362067408.0,12.37,9.06,0.63,4.68
水晶光电,2013-03-26,7.5,8.0,8.26,7.16,55199,197791827.0,14.51,5.54,0.42,2.48
水晶光电,2013-03-27,7.9,7.85,8.11,7.63,32861,120093849.0,6.0,-1.88,-0.15,1.48
水晶光电,2013-03-28,7.79,7.32,7.79,6.88,50698,177763649.0,11.59,-6.75,-0.53,2.28
水晶光电,2013-03-29,7.32,7.58,7.68,7.08,31508,109578755.0,8.2,3.55,0.26,1.42
水晶光电,2013-04-01,7.55,7.39,7.66,7.16,52570,182981754.0,6.6,-2.51,-0.19,2.36
水晶光电,2013-04-02,7.34,7.23,7.99,7.03,88124,311646064.0,12.99,-2.17,-0.16,3.96
水晶光电,2013-04-03,7.21,6.92,7.29,6.84,65386,218440786.0,6.22,-4.29,-0.31,2.94
水晶光电,2013-04-08,6.68,7.57,7.71,6.63,64193,221165179.0,15.61,9.39,0.65,2.88
水晶光电,2013-04-09,7.5,7.67,7.73,7.45,31678,113261872.0,3.7,1.32,0.1,1.42
水晶光电,2013-04-10,7.56,7.42,7.84,7.11,40323,140529718.0,9.52,-3.26,-0.25,1.81
水晶光电,2013-04-11,7.42,7.45,7.51,7.13,27571,95455444.0,5.12,0.4,0.03,1.24
水晶光电,2013-04-12,7.42,7.36,7.82,7.29,32658,116393616.0,7.11,-1.21,-0.09,1.47
水晶光电,2013-04-15,7.55,7.31,7.57,7.16,18378,63734509.0,5.57,-0.68,-0.05,0.83
水晶光电,2013-04-16,7.32,7.76,7.87,7.19,29174,103571454.0,9.3,6.16,0.45,1.31
水晶光电,2013-04-17,7.69,8.19,8.26,7.69,44370,164961870.0,7.35,5.54,0.43,1.99
水晶光电,2013-04-18,8.16,8.39,8.47,8.0,38393,146823882.0,5.74,2.44,0.2,1.73
水晶光电,2013-04-19,8.21,8.67,8.81,8.21,39868,156546256.0,7.15,3.34,0.28,1.79
水晶光电,2013-04-22,8.68,9.03,9.11,8.58,53897,217431787.0,6.11,4.15,0.36,2.42
水晶光电,2013-04-23,9.0,8.13,9.0,8.12,71880,280637776.0,9.75,-9.97,-0.9,3.23
水晶光电,2013-04-24,8.06,8.45,8.57,7.92,82962,316074160.0,8.0,3.94,0.32,3.73
水晶光电,2013-04-25,8.45,7.43,8.45,7.43,131690,467978928.0,12.07,-12.07,-1.02,5.92
水晶光电,2013-04-26,7.15,6.77,7.17,6.68,106165,350506592.0,6.59,-8.88,-0.66,4.77
水晶光电,2013-05-02,6.74,7.06,7.24,6.65,49585,165988567.0,8.71,4.28,0.29,2.21
水晶光电,2013-05-03,7.07,7.27,7.43,7.03,57508,197141858.0,5.67,2.97,0.21,2.57
水晶光电,2013-05-06,7.27,7.71,7.78,7.27,49779,177503644.0,7.02,6.05,0.44,2.22
水晶光电,2013-05-07,7.71,7.56,7.79,7.47,30799,109991520.0,4.15,-1.95,-0.15,1.38
水晶光电,2013-05-08,7.53,7.73,7.76,7.48,36065,129190669.0,3.7,2.25,0.17,1.61
水晶光电,2013-05-09,7.71,7.11,7.71,7.06,70316,242023655.0,8.41,-8.02,-0.62,3.14
水晶光电,2013-05-10,7.13,6.77,7.16,6.61,90515,295563824.0,7.74,-4.78,-0.34,4.04
水晶光电,2013-05-13,6.87,7.62,7.62,6.87,124510,435471088.0,11.08,12.56,0.85,5.56
水晶光电,2013-05-14,7.63,7.49,7.76,7.35,72484,257457223.0,5.38,-1.71,-0.13,3.24
水晶光电,2013-05-15,7.51,7.91,7.91,7.51,85849,310450576.0,5.34,5.61,0.42,3.83
水晶光电,2013-05-16,8.0,7.75,8.21,7.5,114973,421012352.0,8.98,-2.02,-0.16,5.14
水晶光电,2013-05-17,7.82,7.69,7.95,7.55,71502,259381412.0,5.16,-0.77,-0.06,3.19
水晶光电,2013-05-20,7.61,7.77,7.82,7.33,111804,395360592.0,6.37,1.04,0.08,4.99
水晶光电,2013-05-21,7.71,8.21,8.41,7.58,115360,434096096.0,10.68,5.66,0.44,5.15
水晶光电,2013-05-22,8.21,7.81,8.45,7.74,135417,335296720.0,8.65,-4.87,-0.4,4.03
水晶光电,2013-05-23,7.68,7.7,8.04,7.54,93115,225503313.0,6.4,-1.41,-0.11,2.77
水晶光电,2013-05-24,7.68,7.58,7.83,7.3,159699,374104208.0,6.88,-1.56,-0.12,4.76
水晶光电,2013-05-27,7.46,7.51,7.76,7.36,121681,285260448.0,5.28,-0.92,-0.07,3.62
水晶光电,2013-05-28,7.49,7.2,7.54,7.14,119585,272482128.0,5.33,-4.13,-0.31,3.56
水晶光电,2013-05-29,7.21,7.32,7.38,7.08,89029,203210228.0,4.17,1.67,0.12,2.65
水晶光电,2013-05-30,7.28,7.42,7.58,7.21,95714,222275391.0,5.05,1.37,0.1,2.85
水晶光电,2013-05-31,7.5,6.95,7.52,6.91,161091,363476336.0,8.22,-6.33,-0.47,4.8
水晶光电,2013-06-03,6.91,6.61,6.96,6.57,121299,260191961.0,5.61,-4.89,-0.34,3.61
水晶光电,2013-06-04,6.62,6.31,6.71,6.18,118664,245371853.0,8.02,-4.54,-0.3,3.53
水晶光电,2013-06-05,6.3,6.48,6.63,6.23,67807,141312350.0,6.34,2.69,0.17,2.02
水晶光电,2013-06-06,6.44,6.37,6.54,6.34,43278,89352273.0,3.09,-1.7,-0.11,1.29
水晶光电,2013-06-07,6.37,6.34,6.63,6.28,52153,107691551.0,5.49,-0.47,-0.03,1.55
水晶光电,2013-06-13,6.23,6.17,6.24,5.65,82547,160051030.0,9.31,-2.68,-0.17,2.46
水晶光电,2013-06-14,6.18,6.59,6.69,6.13,98960,207112041.0,9.08,6.81,0.42,2.95
水晶光电,2013-06-17,6.67,6.67,6.82,6.59,97743,209448739.0,3.49,1.21,0.08,2.91
水晶光电,2013-06-18,6.69,6.11,6.72,6.05,144606,290488240.0,10.04,-8.4,-0.56,4.31
水晶光电,2013-06-19,6.11,5.93,6.14,5.71,120371,232183260.0,7.04,-2.95,-0.18,3.58
水晶光电,2013-06-20,5.88,5.58,5.88,5.53,89970,169130225.0,5.9,-5.9,-0.35,2.68
水晶光电,2013-06-21,5.43,5.45,5.58,5.17,65681,118410290.0,7.35,-2.33,-0.13,1.96
水晶光电,2013-06-24,5.44,5.21,5.71,5.02,85365,155267706.0,12.66,-4.4,-0.24,2.54
水晶光电,2013-06-25,5.21,5.27,5.38,4.64,85451,149285011.0,14.2,1.15,0.06,2.54
水晶光电,2013-06-26,5.28,5.68,5.73,5.28,106695,197231013.0,8.54,7.78,0.41,3.18
水晶光电,2013-06-27,5.69,5.41,5.87,5.41,118188,223075741.0,8.1,-4.75,-0.27,3.52
水晶光电,2013-06-28,5.29,5.53,5.56,5.13,78362,140351850.0,7.95,2.22,0.12,2.33
水晶光电,2013-07-01,5.45,5.68,5.71,5.38,76706,142380926.0,5.97,2.71,0.15,2.28
水晶光电,2013-07-02,5.73,5.88,5.9,5.73,109140,209109186.0,2.99,3.52,0.2,3.25
水晶光电,2013-07-03,5.88,6.27,6.42,5.79,191629,383296688.0,10.71,6.63,0.39,5.71
水晶光电,2013-07-04,6.13,5.91,6.21,5.87,156002,307192752.0,5.42,-5.74,-0.36,4.65
水晶光电,2013-07-05,5.88,5.65,5.97,5.6,103561,196079688.0,6.26,-4.4,-0.26,3.08
水晶光电,2013-07-08,5.34,5.15,5.52,5.15,113852,202046614.0,6.55,-8.85,-0.5,3.39
水晶光电,2013-07-09,5.06,4.93,5.2,4.79,97781,164662804.0,7.96,-4.27,-0.22,2.91
水晶光电,2013-07-10,4.93,5.1,5.14,4.9,73042,124958883.0,4.87,3.45,0.17,2.18
水晶光电,2013-07-11,5.15,5.33,5.45,5.03,98561,173382379.0,8.24,4.51,0.23,2.94
水晶光电,2013-07-12,5.32,5.24,5.47,5.23,72878,130669907.0,4.5,-1.69,-0.09,2.17
水晶光电,2013-07-15,5.29,5.56,5.59,5.18,108972,197425362.0,7.82,6.11,0.32,3.25
水晶光电,2013-07-16,5.57,6.04,6.1,5.56,149803,287201440.0,9.71,8.63,0.48,4.46
水晶光电,2013-07-17,5.96,5.94,6.23,5.84,150533,297823296.0,6.46,-1.66,-0.1,4.48
水晶光电,2013-07-18,6.02,6.06,6.16,5.92,149217,293220480.0,4.04,2.02,0.12,4.44
水晶光电,2013-07-19,6.02,6.3,6.47,5.96,220452,448703744.0,8.42,3.96,0.24,6.56
水晶光电,2013-07-22,6.35,6.34,6.42,6.14,129964,264728761.0,4.44,0.63,0.04,3.87
水晶光电,2013-07-23,7.15,7.15,7.15,6.95,407168,912498496.0,3.15,12.78,0.81,12.13
水晶光电,2013-07-24,7.36,7.66,8.03,7.19,357080,842353184.0,11.75,7.13,0.51,10.63
水晶光电,2013-07-25,7.52,7.38,8.23,7.27,274204,662796560.0,12.53,-3.66,-0.28,8.17
水晶光电,2013-07-26,7.5,7.47,7.62,7.15,142317,330942432.0,6.37,1.22,0.09,4.24
水晶光电,2013-07-29,7.31,7.56,7.91,7.25,156744,370759104.0,8.84,1.2,0.09,4.67
水晶光电,2013-07-30,7.46,6.97,7.56,6.81,159890,359223296.0,9.92,-7.8,-0.59,4.76
水晶光电,2013-07-31,6.95,7.27,7.44,6.78,102991,233261721.0,9.47,4.3,0.3,3.07
水晶光电,2013-08-01,7.36,7.4,7.5,7.06,159554,365373184.0,6.05,1.79,0.13,4.75
水晶光电,2013-08-02,7.46,7.71,7.92,7.42,147615,352465408.0,6.76,4.19,0.31,4.4
水晶光电,2013-08-05,7.62,7.7,7.9,7.58,70959,169495924.0,4.15,-0.13,-0.01,2.11
水晶光电,2013-08-06,7.7,7.77,7.85,7.58,69518,166638750.0,3.51,0.91,0.07,2.07
水晶光电,2013-08-07,7.77,7.34,7.8,7.33,85051,198490436.0,6.05,-5.53,-0.43,2.53
水晶光电,2013-08-08,7.23,7.42,7.62,7.21,73937,171755930.0,5.59,1.09,0.08,2.2
水晶光电,2013-08-09,7.4,7.19,7.54,7.02,60122,136237947.0,7.01,-3.1,-0.23,1.79
水晶光电,2013-08-12,7.19,6.97,7.28,6.89,83492,184419329.0,5.42,-3.06,-0.22,2.49
水晶光电,2013-08-13,6.98,7.11,7.15,6.9,55449,122904892.0,3.59,2.01,0.14,1.65
水晶光电,2013-08-14,7.15,6.91,7.15,6.83,61575,135170307.0,4.5,-2.81,-0.2,1.83
水晶光电,2013-08-15,6.95,6.94,7.11,6.87,45514,100759486.0,3.47,0.43,0.03,1.36
水晶光电,2013-08-16,6.88,6.76,7.11,6.75,68647,150272292.0,5.19,-2.59,-0.18,2.04
水晶光电,2013-08-19,6.56,6.89,6.95,6.56,75721,163016804.0,5.77,1.92,0.13,2.25
水晶光电,2013-08-20,6.89,6.81,6.99,6.69,69163,150127639.0,4.35,-1.16,-0.08,2.06
水晶光电,2013-08-21,6.84,6.99,6.99,6.75,67043,146474756.0,3.52,2.64,0.18,2.0
水晶光电,2013-08-22,6.84,6.83,6.91,6.52,171499,365056336.0,5.58,-2.29,-0.16,5.11
水晶光电,2013-08-23,6.76,6.59,6.79,6.48,92888,196472372.0,4.54,-3.51,-0.24,2.77
水晶光电,2013-08-26,6.59,6.8,6.87,6.51,76107,163129057.0,5.46,3.19,0.21,2.27
水晶光电,2013-08-27,6.8,6.67,6.87,6.63,57821,123227734.0,3.53,-1.91,-0.13,1.72
水晶光电,2013-08-28,6.59,6.26,6.59,6.26,113396,235162632.0,4.95,-6.15,-0.41,3.38
水晶光电,2013-08-29,6.22,6.02,6.33,5.93,101980,201595666.0,6.39,-3.83,-0.24,3.04
水晶光电,2013-08-30,6.02,5.5,6.05,5.38,101418,192837161.0,11.13,-8.64,-0.52,3.02
水晶光电,2013-09-02,5.49,5.83,5.89,5.49,76345,144955699.0,7.27,6.0,0.33,2.27
水晶光电,2013-09-03,5.83,5.83,5.88,5.66,54758,104120652.0,3.77,0.0,0.0,1.63
水晶光电,2013-09-04,5.85,5.73,5.92,5.62,97792,185406971.0,5.15,-1.72,-0.1,2.91
水晶光电,2013-09-05,5.77,5.75,5.88,5.72,75312,143397402.0,2.79,0.35,0.02,2.24
水晶光电,2013-09-06,5.86,6.5,6.5,5.8,195249,396140480.0,12.17,13.04,0.75,5.81
水晶光电,2013-09-09,6.89,6.67,6.95,6.51,213900,456417888.0,6.77,2.62,0.17,6.37
水晶光电,2013-09-10,6.48,6.12,6.48,6.03,226109,455921136.0,6.75,-8.25,-0.55,6.73
水晶光电,2013-09-11,6.04,5.49,6.04,5.45,178391,333860080.0,9.64,-10.29,-0.63,5.31
水晶光电,2013-09-12,5.45,5.5,5.62,5.32,106217,194818947.0,5.46,0.18,0.01,3.16
水晶光电,2013-09-13,5.51,5.43,5.52,5.33,89845,161957995.0,3.45,-1.27,-0.07,2.68
水晶光电,2013-09-16,5.44,5.66,5.72,5.38,94340,175119509.0,6.26,4.24,0.23,2.81
水晶光电,2013-09-17,5.72,5.58,5.72,5.55,67543,125660823.0,3.0,-1.41,-0.08,2.01
水晶光电,2013-09-18,5.54,5.6,5.62,5.54,34565,64065645.0,1.43,0.36,0.02,1.03
水晶光电,2013-09-23,5.6,5.84,5.91,5.6,93191,177316841.0,5.54,4.29,0.24,2.78
水晶光电,2013-09-24,5.85,6.2,6.23,5.84,163019,322121712.0,6.68,6.16,0.36,4.85
水晶光电,2013-09-25,6.28,6.04,6.28,5.95,116666,231424656.0,5.32,-2.58,-0.16,3.47
水晶光电,2013-09-26,5.96,5.85,5.99,5.73,66170,126775827.0,4.3,-3.15,-0.19,1.97
水晶光电,2013-09-27,5.81,5.79,5.88,5.65,59500,113040689.0,3.93,-1.03,-0.06,1.77
水晶光电,2013-09-30,5.84,5.85,5.95,5.79,48804,93839896.0,2.76,1.04,0.06,1.45
水晶光电,2013-10-08,5.9,5.98,6.0,5.7,71137,136170685.0,5.13,2.22,0.13,2.12
水晶光电,2013-10-09,5.98,6.09,6.1,5.88,82412,161683285.0,3.68,1.84,0.11,2.45
水晶光电,2013-10-10,6.11,5.72,6.12,5.72,99988,192708914.0,6.57,-6.08,-0.37,2.98
水晶光电,2013-10-11,5.77,5.64,5.8,5.61,77559,145932902.0,3.32,-1.4,-0.08,2.31
水晶光电,2013-10-14,5.77,5.65,5.77,5.52,68193,127192222.0,4.43,0.18,0.01,2.03
水晶光电,2013-10-15,5.65,5.57,5.68,5.49,59280,109851750.0,3.36,-1.42,-0.08,1.77
水晶光电,2013-11-25,5.72,5.33,5.77,5.26,202692,370015248.0,9.16,-4.31,-0.24,6.04
水晶光电,2013-11-26,5.27,5.32,5.39,5.13,121966,216091378.0,4.88,-0.19,-0.01,3.63
水晶光电,2013-11-27,5.29,5.16,5.3,4.94,185324,320869312.0,6.77,-3.01,-0.16,5.52
水晶光电,2013-11-28,5.13,5.37,5.41,5.12,154845,277056048.0,5.62,4.07,0.21,4.61
水晶光电,2013-11-29,5.37,5.33,5.44,5.3,108555,195107685.0,2.61,-0.74,-0.04,3.23
水晶光电,2013-12-02,5.17,4.84,5.37,4.7,178365,302400880.0,12.57,-9.19,-0.49,5.31
水晶光电,2013-12-03,4.7,4.74,4.76,4.53,103219,167294203.0,4.75,-2.07,-0.1,3.07
水晶光电,2013-12-04,4.76,5.38,5.38,4.76,242229,426222384.0,13.08,13.5,0.64,7.21
水晶光电,2013-12-05,5.53,5.48,5.72,5.32,388541,715422448.0,7.43,1.86,0.1,11.57
水晶光电,2013-12-06,5.34,5.23,5.41,5.15,158653,280485824.0,4.74,-4.56,-0.25,4.72
水晶光电,2013-12-09,5.23,5.18,5.27,5.14,91730,161146782.0,2.49,-0.96,-0.05,2.73
水晶光电,2013-12-10,5.16,5.2,5.31,5.15,87852,154937980.0,3.09,0.39,0.02,2.62
水晶光电,2013-12-11,5.08,4.93,5.08,4.89,110459,187194365.0,3.65,-5.19,-0.27,3.29
水晶光电,2013-12-12,4.93,4.93,5.04,4.88,45912,77987234.0,3.25,0.0,0.0,1.37
水晶光电,2013-12-13,4.9,4.96,4.99,4.85,43220,72936296.0,2.84,0.61,0.03,1.29
水晶光电,2013-12-16,4.91,4.86,4.98,4.84,44930,75499510.0,2.82,-2.02,-0.1,1.34
水晶光电,2013-12-17,4.87,4.97,5.0,4.84,47265,79655276.0,3.29,2.26,0.11,1.41
水晶光电,2013-12-18,5.0,4.98,5.04,4.92,41850,71211543.0,2.41,0.2,0.01,1.25
水晶光电,2013-12-19,4.98,4.82,5.0,4.8,54354,91115745.0,4.02,-3.21,-0.16,1.62
水晶光电,2013-12-20,4.83,4.65,4.85,4.59,35150,57110355.0,5.39,-3.53,-0.17,1.05
水晶光电,2013-12-23,4.63,4.5,4.69,4.39,34358,54429024.0,6.45,-3.23,-0.15,1.02
水晶光电,2013-12-24,4.57,4.6,4.66,4.54,38551,61758555.0,2.67,2.22,0.1,1.15
水晶光电,2013-12-25,4.58,4.67,4.69,4.5,40201,64851839.0,4.13,1.52,0.07,1.2
水晶光电,2013-12-26,4.65,4.31,4.67,4.31,90662,142520210.0,7.71,-7.71,-0.36,2.7
水晶光电,2013-12-27,4.33,4.56,4.62,4.33,67924,107148908.0,6.73,5.8,0.25,2.02
水晶光电,2013-12-30,4.55,4.58,4.67,4.52,59652,95306761.0,3.29,0.44,0.02,1.78
水晶光电,2013-12-31,4.54,4.54,4.64,4.5,43480,69269666.0,3.06,-0.87,-0.04,1.29
水晶光电,2014-01-02,4.51,5.17,5.17,4.51,207130,352050592.0,14.54,13.88,0.63,6.17
水晶光电,2014-01-03,5.06,5.15,5.31,5.03,263797,463572288.0,5.42,-0.39,-0.02,7.86
水晶光电,2014-01-06,5.19,5.27,5.39,5.06,233533,414243040.0,6.41,2.33,0.12,6.95
水晶光电,2014-01-07,5.35,5.41,5.69,5.25,239173,436256976.0,8.35,2.66,0.14,7.12
水晶光电,2014-01-08,5.44,5.58,5.67,5.43,204154,376354400.0,4.44,3.14,0.17,6.08
水晶光电,2014-01-09,5.63,5.25,5.63,5.2,155978,282050352.0,7.71,-5.91,-0.33,4.64
水晶光电,2014-01-10,5.29,5.46,5.75,5.29,265076,487934048.0,8.76,4.0,0.21,7.89
水晶光电,2014-01-13,5.41,5.54,5.61,5.28,165215,301802800.0,6.04,1.47,0.08,4.92
水晶光电,2014-01-14,5.57,5.86,5.86,5.48,278316,524446048.0,6.86,5.78,0.32,8.29
水晶光电,2014-01-15,5.84,5.83,5.96,5.69,218399,418066640.0,4.61,-0.51,-0.03,6.5
水晶光电,2014-01-16,5.88,5.71,6.02,5.65,185237,353722048.0,6.35,-2.06,-0.12,5.52
水晶光电,2014-01-17,5.61,5.49,5.73,5.43,141919,262365329.0,5.25,-3.85,-0.22,4.23
水晶光电,2014-01-20,5.48,5.41,5.63,5.36,125447,228097927.0,4.92,-1.46,-0.08,3.74
水晶光电,2014-01-21,5.46,5.74,5.74,5.46,156180,291088064.0,5.18,6.1,0.33,4.65
水晶光电,2014-01-22,5.71,5.81,5.83,5.63,173325,328222160.0,3.48,1.22,0.07,5.16
水晶光电,2014-01-23,5.76,5.92,5.98,5.65,203962,389648624.0,5.68,1.89,0.11,6.07
水晶光电,2014-01-24,5.98,5.88,6.04,5.83,219830,427028176.0,3.55,-0.68,-0.04,6.55
水晶光电,2014-01-27,5.88,6.19,6.43,5.84,306126,616310464.0,10.03,5.27,0.31,9.12
水晶光电,2014-01-28,6.19,6.01,6.19,5.87,145968,286267408.0,5.17,-2.91,-0.18,4.35
水晶光电,2014-01-29,6.01,6.01,6.11,5.9,110742,217295505.0,3.49,0.0,0.0,3.3
水晶光电,2014-01-30,6.02,5.75,6.04,5.73,103372,199681716.0,5.16,-4.33,-0.26,3.08
水晶光电,2014-02-07,5.67,5.92,5.95,5.58,120127,229614580.0,6.43,2.96,0.17,3.58
水晶光电,2014-02-10,6.02,6.33,6.34,6.02,210365,423821392.0,5.41,6.93,0.41,6.26
水晶光电,2014-02-11,6.35,6.24,6.43,6.04,183090,370109952.0,6.16,-1.42,-0.09,5.45
水晶光电,2014-02-12,6.16,6.62,6.66,6.16,239666,499334736.0,8.01,6.09,0.38,7.14
水晶光电,2014-02-13,6.62,6.35,6.62,6.31,183566,382170864.0,4.68,-4.08,-0.27,5.47
水晶光电,2014-02-14,6.34,6.37,6.48,6.16,138858,282607568.0,5.04,0.31,0.02,4.14
水晶光电,2014-02-17,6.44,6.63,6.63,6.31,186119,387117456.0,5.02,4.08,0.26,5.54
水晶光电,2014-02-18,6.64,6.42,6.65,6.39,155746,324652768.0,3.92,-3.17,-0.21,4.64
水晶光电,2014-02-19,6.47,6.28,6.65,6.23,171994,354397008.0,6.54,-2.18,-0.14,5.12
水晶光电,2014-02-20,6.27,6.01,6.33,5.99,136286,270566240.0,5.41,-4.3,-0.27,4.06
水晶光电,2014-02-21,6.0,6.06,6.19,5.88,121993,239832721.0,5.16,0.83,0.05,3.63
水晶光电,2014-02-24,6.08,6.32,6.32,6.08,151514,305368608.0,3.96,4.29,0.26,4.51
水晶光电,2014-02-25,6.33,5.58,6.37,5.51,218530,426276400.0,13.61,-11.71,-0.74,6.51
水晶光电,2014-02-26,5.49,5.4,5.51,5.06,125226,223149824.0,8.06,-3.23,-0.18,3.73
水晶光电,2014-02-27,5.44,5.11,5.53,5.08,130771,233683727.0,8.33,-5.37,-0.29,3.89
水晶光电,2014-02-28,5.11,5.21,5.23,4.84,81915,140953392.0,7.63,1.96,0.1,2.44
水晶光电,2014-03-03,5.18,5.32,5.33,5.1,83839,147896873.0,4.41,2.11,0.11,2.5
水晶光电,2014-03-04,5.29,5.27,5.3,5.07,79068,138829339.0,4.32,-0.94,-0.05,2.35
水晶光电,2014-03-05,5.38,5.53,5.71,5.3,157436,289158224.0,7.78,4.93,0.26,4.69
水晶光电,2014-03-06,5.51,5.43,5.51,5.3,89895,162286323.0,3.8,-1.81,-0.1,2.68
水晶光电,2014-03-07,5.43,5.17,5.49,5.17,74214,132484936.0,5.89,-4.79,-0.26,2.21
水晶光电,2014-03-10,5.19,4.88,5.44,4.79,101378,175208484.0,12.57,-5.61,-0.29,3.02
水晶光电,2014-03-11,4.86,4.98,5.02,4.78,61075,103071820.0,4.92,2.05,0.1,1.82
水晶光电,2014-03-12,4.95,5.05,5.09,4.87,70753,120856847.0,4.42,1.41,0.07,2.11
水晶光电,2014-03-13,5.06,5.08,5.16,5.0,53841,92830345.0,3.17,0.59,0.03,1.6
水晶光电,2014-03-14,5.02,4.99,5.08,4.93,41999,71738822.0,2.95,-1.77,-0.09,1.25
水晶光电,2014-03-17,4.99,5.21,5.21,4.9,71161,123057805.0,6.21,4.41,0.22,2.12
水晶光电,2014-03-18,5.21,5.19,5.32,5.15,73249,129526759.0,3.26,-0.38,-0.02,2.18
水晶光电,2014-03-19,5.19,5.0,5.19,4.96,67766,116374690.0,4.43,-3.66,-0.19,2.02
水晶光电,2014-03-20,4.97,4.93,5.21,4.93,77056,132734959.0,5.6,-1.4,-0.07,2.29
水晶光电,2014-03-21,4.89,5.05,5.08,4.82,65716,111119837.0,5.27,2.43,0.12,1.96
水晶光电,2014-03-24,5.06,5.02,5.1,4.99,51485,88268587.0,2.18,-0.59,-0.03,1.53
水晶光电,2014-03-25,5.02,5.17,5.17,4.88,97332,166583865.0,5.78,2.99,0.15,2.9
水晶光电,2014-03-26,5.17,5.32,5.37,5.13,145021,257152876.0,4.64,2.9,0.15,4.32
水晶光电,2014-04-04,5.32,5.45,5.73,5.18,152606,279421680.0,10.34,2.44,0.13,4.54
水晶光电,2014-04-08,5.33,5.43,5.53,5.25,92177,166839212.0,5.14,-0.37,-0.02,2.74
水晶光电,2014-04-09,5.43,5.66,5.82,5.41,136262,255106889.0,7.55,4.24,0.23,4.06
水晶光电,2014-04-10,5.69,5.59,5.8,5.58,170332,319944912.0,3.89,-1.24,-0.07,5.07
水晶光电,2014-04-11,5.49,5.86,5.86,5.32,217683,406654976.0,9.66,4.83,0.27,6.48
水晶光电,2014-04-14,5.86,5.86,5.91,5.72,162826,311288608.0,3.24,0.0,0.0,4.85
水晶光电,2014-04-15,5.79,5.67,5.83,5.62,94873,179093709.0,3.58,-3.24,-0.19,2.83
水晶光电,2014-04-16,5.61,5.64,5.71,5.57,60342,112634058.0,2.47,-0.53,-0.03,1.8
水晶光电,2014-04-17,5.79,5.71,5.96,5.71,148954,286742336.0,4.43,1.24,0.07,4.44
水晶光电,2014-04-18,5.65,5.59,5.66,5.5,75135,139276304.0,2.8,-2.1,-0.12,2.24
水晶光电,2014-04-21,5.51,5.43,5.72,5.4,82070,151462712.0,5.72,-2.86,-0.16,2.44
水晶光电,2014-04-22,5.43,5.12,5.5,4.98,122195,213562866.0,9.58,-5.71,-0.31,3.64
水晶光电,2014-04-23,5.12,5.1,5.17,5.02,46140,79776569.0,2.93,-0.39,-0.02,1.37
水晶光电,2014-04-24,5.1,5.02,5.13,5.01,43491,74906437.0,2.35,-1.57,-0.08,1.3
水晶光电,2014-04-25,5.02,4.99,5.12,4.98,36302,62365943.0,2.79,-0.6,-0.03,1.08
水晶光电,2014-04-28,4.98,4.87,5.01,4.8,45585,76182747.0,4.21,-2.4,-0.12,1.36
水晶光电,2014-04-29,4.87,5.03,5.04,4.87,36341,61697487.0,3.49,3.29,0.16,1.08
水晶光电,2014-04-30,5.02,5.19,5.29,5.01,63624,111189775.0,5.57,3.18,0.16,1.89
水晶光电,2014-05-05,5.15,5.23,5.28,5.1,47569,83378017.0,3.47,0.77,0.04,1.42
水晶光电,2014-05-06,5.25,5.34,5.5,5.23,111976,202766828.0,5.16,2.1,0.11,3.33
水晶光电,2014-05-07,5.27,5.13,5.44,5.13,77217,137247120.0,5.81,-3.93,-0.21,2.3
水晶光电,2014-05-08,5.1,5.17,5.34,5.06,56232,98852615.0,5.46,0.78,0.04,1.67
水晶光电,2014-05-09,5.12,5.06,5.19,5.0,42487,73346131.0,3.68,-2.13,-0.11,1.27
水晶光电,2014-05-12,5.13,5.28,5.3,5.08,55013,96596981.0,4.35,4.35,0.22,1.64
水晶光电,2014-05-13,5.25,5.22,5.37,5.21,45276,80420175.0,3.03,-1.14,-0.06,1.35
水晶光电,2014-05-14,5.19,5.67,5.75,5.12,215516,398467744.0,12.07,8.62,0.45,6.42
水晶光电,2014-05-15,5.61,5.44,5.65,5.42,144325,265507671.0,4.06,-4.06,-0.23,4.3
水晶光电,2014-05-16,5.39,5.56,5.6,5.38,105656,193320511.0,4.04,2.21,0.12,3.15
水晶光电,2014-05-19,5.56,5.3,5.56,5.25,89854,161611054.0,5.58,-4.68,-0.26,2.68
水晶光电,2014-05-20,5.41,5.3,5.48,5.27,72734,130866679.0,3.96,0.0,0.0,2.17
水晶光电,2014-05-21,5.24,5.3,5.34,5.06,58589,102933331.0,5.28,0.0,0.0,1.74
水晶光电,2014-05-22,5.31,5.45,5.54,5.27,121062,219898525.0,5.09,2.83,0.15,3.61
水晶光电,2014-05-23,5.39,5.45,5.48,5.34,68000,123053352.0,2.57,0.0,0.0,2.02
水晶光电,2014-05-26,5.58,5.54,5.63,5.46,92150,169378324.0,3.12,1.65,0.09,2.74
水晶光电,2014-05-27,5.57,5.66,5.76,5.53,134013,250112417.0,4.15,2.17,0.12,3.99
水晶光电,2014-05-28,5.65,5.67,5.7,5.53,94360,175107746.0,3.0,0.18,0.01,2.81
水晶光电,2014-05-29,5.65,5.53,5.86,5.53,126181,236661579.0,5.82,-2.47,-0.14,3.76
水晶光电,2014-05-30,5.54,5.49,5.56,5.37,81111,146950689.0,3.44,-0.72,-0.04,2.38
水晶光电,2014-06-03,5.53,5.58,5.74,5.5,103928,193080324.0,4.37,1.64,0.09,3.05
水晶光电,2014-06-04,5.59,5.66,5.78,5.57,113138,211136137.0,3.76,1.43,0.08,3.32
水晶光电,2014-06-05,5.67,5.8,5.84,5.61,146952,277049504.0,4.06,2.47,0.14,4.32
水晶光电,2014-06-06,5.81,5.72,5.86,5.69,99043,187317526.0,2.93,-1.38,-0.08,2.91
水晶光电,2014-06-09,5.7,5.54,5.79,5.54,97354,182093272.0,4.37,-3.15,-0.18,2.86
水晶光电,2014-06-10,5.55,5.81,5.83,5.55,130115,245385235.0,5.05,4.87,0.27,3.82
水晶光电,2014-06-11,5.77,5.84,5.93,5.67,126545,240096576.0,4.48,0.52,0.03,3.72
水晶光电,2014-06-12,5.8,5.72,5.86,5.69,83043,156705902.0,2.91,-2.05,-0.12,2.44
水晶光电,2014-06-13,5.7,5.85,5.94,5.7,121611,232744914.0,4.2,2.27,0.13,3.57
水晶光电,2014-06-16,5.87,5.86,5.88,5.75,95215,181234316.0,2.22,0.17,0.01,2.8
水晶光电,2014-06-17,5.84,5.73,5.84,5.7,106203,200179435.0,2.39,-2.22,-0.13,3.12
水晶光电,2014-06-18,5.74,5.67,5.88,5.63,106322,200205280.0,4.36,-1.05,-0.06,3.12
水晶光电,2014-06-19,5.66,5.21,5.66,5.13,128937,231644999.0,9.35,-8.11,-0.46,3.79
水晶光电,2014-06-20,5.17,5.28,5.34,5.13,61127,106968348.0,4.03,1.34,0.07,1.8
水晶光电,2014-06-23,5.31,5.34,5.44,5.29,45176,80783812.0,2.84,1.14,0.06,1.33
水晶光电,2014-06-24,5.36,5.34,5.43,5.32,48127,86062891.0,2.06,0.0,0.0,1.41
水晶光电,2014-06-25,5.34,5.3,5.39,5.23,37653,66443321.0,3.0,-0.75,-0.04,1.11
水晶光电,2014-06-26,5.33,5.44,5.47,5.3,64904,117008471.0,3.21,2.64,0.14,1.91
水晶光电,2014-06-27,5.46,5.38,5.49,5.38,73760,133144301.0,2.02,-1.1,-0.06,2.17
水晶光电,2014-06-30,5.38,5.53,5.55,5.34,99554,179481399.0,3.9,2.79,0.15,2.92
水晶光电,2014-07-01,5.51,5.51,5.58,5.47,84487,154690373.0,1.99,-0.36,-0.02,2.48
水晶光电,2014-07-02,5.53,5.47,5.56,5.36,72593,131652437.0,3.63,-0.73,-0.04,2.13
水晶光电,2014-07-03,5.49,5.49,5.53,5.45,60819,110610978.0,1.46,0.37,0.02,1.79
水晶光电,2014-07-04,5.49,5.51,5.54,5.43,62299,113524348.0,2.0,0.36,0.02,1.83
水晶光电,2014-07-07,5.55,5.4,5.55,5.38,63012,113919369.0,3.09,-2.0,-0.11,1.85
水晶光电,2014-07-08,5.38,5.32,5.38,5.22,91369,161416169.0,2.96,-1.48,-0.08,2.68
水晶光电,2014-07-09,5.3,5.17,5.32,5.17,71942,126451657.0,2.82,-2.82,-0.15,2.11
水晶光电,2014-07-10,5.17,5.23,5.26,5.14,45954,80495051.0,2.32,1.16,0.06,1.35
水晶光电,2014-07-11,5.26,5.46,5.48,5.23,87334,156533206.0,4.78,4.4,0.23,2.57
水晶光电,2014-07-14,5.41,5.48,5.51,5.38,73498,133026012.0,2.38,0.37,0.02,2.16
水晶光电,2014-07-15,5.45,5.39,5.51,5.35,54809,98648746.0,2.92,-1.64,-0.09,1.61
水晶光电,2014-07-16,5.4,5.28,5.42,5.23,45295,80313206.0,3.53,-2.04,-0.11,1.33
水晶光电,2014-07-17,5.28,5.27,5.32,5.2,30519,53763528.0,2.27,-0.19,-0.01,0.9
水晶光电,2014-07-31,5.65,5.68,5.92,5.54,320641,603450064.0,7.21,7.78,0.41,9.42
水晶光电,2014-08-01,5.62,5.47,5.75,5.45,192761,356471280.0,5.28,-3.7,-0.21,5.66
水晶光电,2014-08-04,5.47,5.54,5.59,5.47,90923,166434085.0,2.19,1.28,0.07,2.67
水晶光电,2014-08-05,5.55,5.7,5.71,5.47,150053,277813392.0,4.33,2.89,0.16,4.41
水晶光电,2014-08-06,5.69,5.64,5.69,5.6,98750,183596556.0,1.58,-1.05,-0.06,2.9
水晶光电,2014-08-07,5.63,5.56,5.71,5.55,94249,174774926.0,2.84,-1.42,-0.08,2.77
水晶光电,2014-08-08,5.56,5.76,5.87,5.56,196572,370753904.0,5.58,3.6,0.2,5.77
水晶光电,2014-08-11,5.76,5.9,5.94,5.75,168644,322408864.0,3.3,2.43,0.14,4.95
水晶光电,2014-08-12,6.01,5.94,6.19,5.94,192503,377024752.0,4.24,0.68,0.04,5.65
水晶光电,2014-08-13,6.0,6.39,6.51,5.88,360970,725494832.0,10.61,7.58,0.45,10.6
水晶光电,2014-08-14,6.37,6.28,6.61,6.28,263298,544060000.0,5.16,-1.72,-0.11,7.73
水晶光电,2014-08-15,6.31,6.56,6.63,6.22,208968,433077808.0,6.53,4.46,0.28,6.14
水晶光电,2014-08-18,6.65,6.59,6.9,6.48,190549,401798304.0,6.4,0.46,0.03,5.6
水晶光电,2014-08-19,6.62,6.26,6.62,6.16,243897,495987152.0,6.98,-5.01,-0.33,7.16
水晶光电,2014-08-20,6.26,6.3,6.34,6.19,117448,236798019.0,2.4,0.64,0.04,3.45
水晶光电,2014-08-21,6.3,6.16,6.3,6.03,173368,342612336.0,4.29,-2.22,-0.14,5.09
水晶光电,2014-08-22,6.12,6.25,6.29,6.09,128180,256542475.0,3.25,1.46,0.09,3.77
水晶光电,2014-08-25,6.27,6.37,6.42,6.08,162849,327347536.0,5.44,1.92,0.12,4.78
水晶光电,2014-08-26,6.39,6.84,7.17,6.39,430779,925921344.0,12.24,7.38,0.47,12.65
水晶光电,2014-08-27,6.77,6.85,7.12,6.66,314612,685516624.0,6.73,0.15,0.01,9.24
水晶光电,2014-08-28,6.82,6.69,6.93,6.63,146857,313901552.0,4.38,-2.34,-0.16,4.31
水晶光电,2014-08-29,6.69,7.33,7.42,6.69,322107,717115520.0,10.91,9.57,0.64,9.46
水晶光电,2014-09-01,7.27,7.37,7.55,7.23,224309,516010112.0,4.37,0.55,0.04,6.59
水晶光电,2014-09-02,7.27,7.34,7.46,7.17,214581,488218608.0,3.93,-0.41,-0.03,6.3
水晶光电,2014-09-03,7.34,7.28,7.44,7.15,186357,423917776.0,3.95,-0.82,-0.06,5.47
水晶光电,2014-09-04,7.14,7.1,7.14,6.95,250266,553446704.0,2.61,-2.47,-0.18,7.35
水晶光电,2014-09-05,7.05,7.17,7.29,7.01,183417,411771936.0,3.94,0.99,0.07,5.39
水晶光电,2014-09-09,7.22,7.07,7.24,7.0,109723,243808289.0,3.35,-1.39,-0.1,3.22
水晶光电,2014-09-10,6.86,6.66,6.86,6.29,293048,616001808.0,8.06,-5.8,-0.41,8.61
水晶光电,2014-09-11,6.59,6.78,6.83,6.55,223650,474972768.0,4.2,1.8,0.12,6.57
水晶光电,2014-09-12,6.71,6.69,6.87,6.56,160438,340432816.0,4.57,-1.33,-0.09,4.71
水晶光电,2014-09-15,6.7,7.07,7.1,6.59,236298,513096832.0,7.62,5.68,0.38,6.94
水晶光电,2014-09-16,7.01,6.59,7.17,6.59,182502,398174976.0,8.2,-6.79,-0.48,5.36
水晶光电,2014-09-17,6.57,6.5,6.67,6.3,132777,275113264.0,5.61,-1.37,-0.09,3.9
水晶光电,2014-09-18,6.48,6.54,6.6,6.42,78721,163596923.0,2.77,0.62,0.04,2.31
水晶光电,2014-09-19,6.54,6.58,6.64,6.51,71388,149496992.0,1.99,0.61,0.04,2.1
水晶光电,2014-09-22,6.59,6.69,6.8,6.51,117374,248260581.0,4.41,1.67,0.11,3.45
水晶光电,2014-09-23,6.69,6.73,6.78,6.62,61374,130674531.0,2.39,0.6,0.04,1.8
水晶光电,2014-09-24,6.75,6.76,6.78,6.62,103207,219656537.0,2.38,0.45,0.03,3.03
水晶光电,2014-09-25,6.81,6.56,6.83,6.53,103171,218689924.0,4.44,-2.96,-0.2,3.03
水晶光电,2014-09-26,6.52,6.5,6.57,6.4,67620,140142281.0,2.59,-0.91,-0.06,1.99
水晶光电,2014-09-29,6.55,6.64,6.69,6.48,84889,177929119.0,3.23,2.15,0.14,2.49
水晶光电,2014-09-30,6.66,6.89,6.99,6.63,149374,322056944.0,5.42,3.77,0.25,4.39
水晶光电,2014-10-08,6.63,6.58,6.63,6.39,218900,455169680.0,3.48,-4.5,-0.31,6.43
水晶光电,2014-10-09,6.56,6.63,6.65,6.43,135843,283716064.0,3.34,0.76,0.05,3.99
水晶光电,2014-10-10,6.6,6.5,6.6,6.48,73024,152168024.0,1.81,-1.96,-0.13,2.14
水晶光电,2014-10-13,6.47,6.48,6.54,6.42,68731,141921511.0,1.85,-0.31,-0.02,2.02
水晶光电,2014-10-14,6.48,6.41,6.56,6.36,83069,171339696.0,3.09,-1.08,-0.07,2.44
水晶光电,2014-10-15,6.43,6.39,6.46,6.32,71678,146407418.0,2.18,-0.31,-0.02,2.11
水晶光电,2014-10-16,6.34,6.36,6.47,6.31,66532,136457677.0,2.5,-0.47,-0.03,1.95
水晶光电,2014-10-17,6.32,6.11,6.4,6.09,87295,174517966.0,4.87,-3.93,-0.25,2.56
水晶光电,2014-10-20,6.1,6.26,6.27,6.07,64726,129011842.0,3.27,2.45,0.15,1.9
水晶光电,2014-11-17,6.28,6.4,6.61,6.2,166881,342813792.0,6.55,2.24,0.14,4.9
水晶光电,2014-11-18,6.39,6.07,6.39,6.01,116802,230949040.0,5.94,-5.16,-0.33,3.43
水晶光电,2014-11-19,6.07,6.09,6.14,6.01,50546,99536639.0,2.14,0.33,0.02,1.48
水晶光电,2014-11-20,6.09,5.9,6.09,5.89,71442,138560442.0,3.28,-3.12,-0.19,2.1
水晶光电,2014-11-21,5.91,6.05,6.06,5.89,59856,116588902.0,2.88,2.54,0.15,1.76
水晶光电,2014-11-24,6.08,6.09,6.13,5.98,89985,176749348.0,2.48,0.66,0.04,2.64
水晶光电,2014-11-25,6.07,6.22,6.28,6.03,87286,173632799.0,4.11,2.13,0.13,2.56
水晶光电,2014-11-26,6.22,6.28,6.42,6.18,97455,197269766.0,3.86,0.96,0.06,2.86
水晶光电,2014-11-27,6.28,6.23,6.32,6.15,100994,202256089.0,2.71,-0.8,-0.05,2.97
水晶光电,2014-11-28,6.36,6.26,6.38,6.2,117610,237667061.0,2.89,0.48,0.03,3.45
水晶光电,2014-12-01,6.29,6.01,6.3,5.98,103391,203447237.0,5.11,-3.99,-0.25,3.04
水晶光电,2014-12-02,6.01,6.07,6.14,6.01,72653,143162208.0,2.16,1.0,0.06,2.13
水晶光电,2014-12-03,6.11,6.2,6.22,5.91,127688,250104078.0,5.11,2.14,0.13,3.75
水晶光电,2014-12-04,6.2,6.28,6.35,6.16,117794,238501082.0,3.06,1.29,0.08,3.46
水晶光电,2014-12-05,6.32,6.02,6.32,5.93,109975,216446648.0,6.21,-4.14,-0.26,3.23
水晶光电,2014-12-08,6.06,5.97,6.14,5.95,95060,185444808.0,3.16,-0.83,-0.05,2.79
水晶光电,2014-12-09,5.97,5.55,6.0,5.55,141929,267257345.0,7.54,-7.04,-0.42,4.17
水晶光电,2014-12-10,5.57,5.64,5.7,5.45,129348,238203932.0,4.5,1.62,0.09,3.8
水晶光电,2014-12-11,5.57,5.68,5.72,5.53,100254,186034002.0,3.37,0.71,0.04,2.94
水晶光电,2014-12-12,5.69,5.81,5.84,5.66,86202,163155203.0,3.17,2.29,0.13,2.53
水晶光电,2014-12-15,5.83,5.92,5.94,5.77,85603,163890915.0,2.93,1.89,0.11,2.51
水晶光电,2014-12-16,5.92,5.77,5.94,5.76,65036,123582710.0,3.04,-2.53,-0.15,1.91
水晶光电,2014-12-17,5.77,5.58,5.77,5.53,85758,158941977.0,4.16,-3.29,-0.19,2.52
水晶光电,2014-12-18,5.61,5.73,5.8,5.61,89877,168410607.0,3.41,2.69,0.15,2.64
水晶光电,2014-12-19,5.76,5.56,5.76,5.52,72273,133550333.0,4.19,-2.97,-0.17,2.12
水晶光电,2014-12-22,5.55,5.23,5.55,5.22,81445,144170494.0,5.94,-5.94,-0.33,2.39
水晶光电,2014-12-23,5.28,5.17,5.37,5.13,65298,114601276.0,4.59,-1.15,-0.06,1.92
水晶光电,2014-12-24,5.21,5.33,5.34,5.19,53268,93971303.0,2.9,3.09,0.16,1.56
水晶光电,2014-12-25,5.31,5.34,5.38,5.25,48854,86755358.0,2.44,0.19,0.01,1.44
水晶光电,2014-12-26,5.32,5.35,5.4,5.28,46027,82111069.0,2.25,0.19,0.01,1.33
水晶光电,2014-12-29,5.38,5.21,5.38,5.16,56073,98018493.0,4.11,-2.62,-0.14,1.62
水晶光电,2014-12-30,5.21,5.01,5.23,4.99,63505,109049172.0,4.61,-3.84,-0.2,1.83
水晶光电,2014-12-31,5.03,5.06,5.13,5.0,59034,100896775.0,2.59,1.0,0.05,1.7
水晶光电,2015-01-05,5.08,5.19,5.21,4.95,81101,139060318.0,5.14,2.57,0.13,2.34
水晶光电,2015-01-06,5.19,5.43,5.5,5.1,116959,208662692.0,7.71,4.62,0.24,3.38
水晶光电,2015-01-07,5.45,5.36,5.45,5.32,57758,103450599.0,2.39,-1.29,-0.07,1.67
水晶光电,2015-01-08,5.41,5.66,5.77,5.37,144395,266721226.0,7.46,5.6,0.3,4.17
水晶光电,2015-01-09,5.65,5.7,5.94,5.57,171943,325747104.0,6.54,0.71,0.04,4.96
水晶光电,2015-01-12,5.7,5.63,5.75,5.59,61201,114088961.0,2.81,-1.23,-0.07,1.77
水晶光电,2015-01-13,5.63,5.75,5.86,5.61,72376,136050451.0,4.44,2.13,0.12,2.09
水晶光电,2015-01-14,5.75,5.55,5.79,5.49,66829,123572405.0,5.22,-3.48,-0.2,1.93
水晶光电,2015-01-15,5.56,5.57,5.67,5.53,42536,78518260.0,2.52,0.36,0.02,1.23
水晶光电,2015-01-16,5.58,5.6,5.65,5.54,59875,110597264.0,1.97,0.54,0.03,1.73
水晶光电,2015-01-19,5.48,5.39,5.67,5.29,78854,143637051.0,6.79,-3.75,-0.21,2.28
水晶光电,2015-01-20,5.41,5.63,5.64,5.39,88332,161869169.0,4.64,4.45,0.24,2.55
水晶光电,2015-01-21,5.68,5.79,5.93,5.68,120584,229218520.0,4.44,2.84,0.16,3.48
水晶光电,2015-01-22,5.83,6.26,6.28,5.83,268532,529620816.0,7.77,8.12,0.47,7.75
水晶光电,2015-01-23,6.28,6.07,6.28,6.03,156145,309158096.0,3.99,-3.04,-0.19,4.51
水晶光电,2015-01-26,6.15,6.2,6.32,6.09,128076,256947503.0,3.79,2.14,0.13,3.7
水晶光电,2015-01-27,6.2,6.25,6.33,6.03,119686,239333281.0,4.84,0.81,0.05,3.45
水晶光电,2015-01-28,6.18,6.27,6.39,6.16,128891,260850484.0,3.68,0.32,0.02,3.72
水晶光电,2015-01-29,6.18,6.09,6.28,6.08,86759,172541399.0,3.19,-2.87,-0.18,2.5
水晶光电,2015-01-30,6.12,6.08,6.18,6.05,53430,105681041.0,2.13,-0.16,-0.01,1.54
水晶光电,2015-02-02,6.08,6.21,6.26,6.0,81398,162090240.0,4.28,2.14,0.13,2.35
水晶光电,2015-02-03,6.2,6.47,6.59,6.16,187097,386254976.0,6.92,4.19,0.26,5.4
水晶光电,2015-02-04,6.47,6.45,6.5,6.35,81022,166671093.0,2.32,-0.31,-0.02,2.34
水晶光电,2015-02-05,6.52,6.35,6.52,6.32,88795,182669889.0,3.1,-1.55,-0.1,2.56
水晶光电,2015-02-06,6.36,6.31,6.42,6.11,106018,213753484.0,4.88,-0.63,-0.04,3.06
水晶光电,2015-02-09,6.22,6.21,6.42,6.18,54940,110973430.0,3.8,-1.58,-0.1,1.59
水晶光电,2015-02-10,6.2,6.32,6.32,6.08,44446,89150834.0,3.86,1.77,0.11,1.28
水晶光电,2015-02-11,6.33,6.5,6.56,6.33,76272,157503991.0,3.64,2.85,0.18,2.2
水晶光电,2015-02-12,6.5,6.52,6.58,6.42,86601,180134992.0,2.46,0.31,0.02,2.5
水晶光电,2015-02-13,6.55,6.56,6.63,6.45,95260,198445929.0,2.76,0.61,0.04,2.75
水晶光电,2015-02-16,6.57,6.72,6.8,6.57,104287,222306571.0,3.51,2.44,0.16,3.01
水晶光电,2015-02-17,6.75,6.7,6.83,6.65,72041,153658177.0,2.68,-0.3,-0.02,2.08
水晶光电,2015-02-25,6.73,6.57,6.76,6.56,72050,152494429.0,2.99,-1.94,-0.13,2.08
水晶光电,2015-02-26,6.55,6.64,6.67,6.51,74705,157096657.0,2.44,1.07,0.07,2.16
水晶光电,2015-02-27,6.61,6.68,6.77,6.6,87795,186889219.0,2.56,0.6,0.04,2.53
水晶光电,2015-03-02,6.72,7.28,7.36,6.69,235760,523718096.0,10.03,8.98,0.6,6.8
水晶光电,2015-03-03,7.16,7.19,7.35,7.13,105302,238155465.0,3.02,-1.24,-0.09,3.04
水晶光电,2015-03-04,7.27,7.5,7.62,7.27,171953,399461760.0,4.87,4.31,0.31,4.96
水晶光电,2015-03-05,7.5,7.66,7.72,7.38,110981,259700406.0,4.53,2.13,0.16,3.2
水晶光电,2015-03-06,7.66,7.23,7.77,7.15,121388,278228656.0,8.09,-5.61,-0.43,3.5
水晶光电,2015-03-09,7.19,8.12,8.12,7.04,203846,493339488.0,14.94,12.31,0.89,5.88
水晶光电,2015-03-10,8.17,8.22,8.74,7.96,246930,626689056.0,9.61,1.23,0.1,7.13
水晶光电,2015-03-11,8.37,8.23,8.43,8.03,130872,329148304.0,4.87,0.12,0.01,3.78
水晶光电,2015-03-12,8.13,7.92,8.2,7.79,101652,249436417.0,4.98,-3.77,-0.31,2.93
水晶光电,2015-03-13,7.92,7.97,8.09,7.78,86880,211927421.0,3.91,0.63,0.05,2.51
水晶光电,2015-03-16,8.06,7.97,8.21,7.84,171918,421602144.0,4.64,0.0,0.0,4.96
水晶光电,2015-03-17,7.98,8.33,8.63,7.9,204452,517136992.0,9.16,4.52,0.36,5.9
水晶光电,2015-03-18,8.29,8.28,8.36,8.07,136034,340330672.0,3.48,-0.6,-0.05,3.93
水晶光电,2015-03-19,8.23,8.09,8.24,7.96,123286,304944096.0,3.38,-2.29,-0.19,3.56
水晶光电,2015-03-20,8.11,7.91,8.17,7.82,139002,341691696.0,4.33,-2.22,-0.18,4.01
水晶光电,2015-03-23,7.88,8.35,8.37,7.88,219469,547975392.0,6.19,5.56,0.44,6.33
水晶光电,2015-03-24,8.4,8.14,8.5,7.84,191342,480860816.0,7.9,-2.51,-0.21,5.52
水晶光电,2015-03-25,8.13,8.43,8.57,7.9,208914,525614288.0,8.23,3.56,0.29,6.03
水晶光电,2015-03-26,8.5,8.5,8.91,8.24,233241,608632480.0,7.95,0.83,0.07,6.73
水晶光电,2015-03-27,8.52,8.5,8.61,8.27,117549,301656928.0,4.0,0.0,0.0,3.39
水晶光电,2015-03-30,8.49,8.57,8.76,8.39,118404,307989296.0,4.35,0.82,0.07,3.42
水晶光电,2015-03-31,8.63,8.46,8.7,8.37,118888,307570736.0,3.85,-1.28,-0.11,3.43
水晶光电,2015-04-01,8.44,8.56,8.63,8.28,134608,347635440.0,4.14,1.18,0.1,3.89
水晶光电,2015-04-02,8.66,8.96,9.24,8.55,202641,545761408.0,8.06,4.67,0.4,5.85
水晶光电,2015-04-03,8.85,9.06,9.11,8.76,159871,430790208.0,3.91,1.12,0.1,4.61
水晶光电,2015-04-07,9.1,9.16,9.45,9.06,189166,521860800.0,4.3,1.1,0.1,5.46
水晶光电,2015-04-08,9.16,9.31,9.67,9.08,203245,569177488.0,6.44,1.64,0.15,5.87
水晶光电,2015-04-09,9.41,8.69,9.51,8.46,197718,530152976.0,11.28,-6.66,-0.62,5.71
水晶光电,2015-04-10,8.72,9.24,9.59,8.72,166623,461810672.0,10.01,6.33,0.55,4.81
水晶光电,2015-04-13,9.36,9.43,9.64,9.24,141566,400236752.0,4.33,2.06,0.19,4.09
水晶光电,2015-04-14,9.43,9.08,9.46,9.03,151236,415355168.0,4.56,-3.71,-0.35,4.37
水晶光电,2015-04-15,9.08,8.63,9.4,8.47,146226,393195008.0,10.24,-4.96,-0.45,4.22
水晶光电,2015-04-16,8.63,8.59,8.84,8.3,88544,230726454.0,6.26,-0.46,-0.04,2.56
水晶光电,2015-04-17,8.6,8.4,8.71,8.31,156330,402108656.0,4.66,-2.21,-0.19,4.51
水晶光电,2015-04-20,8.41,8.11,8.41,7.98,111005,277272208.0,5.12,-3.45,-0.29,3.2
水晶光电,2015-04-21,8.11,8.55,8.65,8.06,105297,268545904.0,7.27,5.43,0.44,3.04
水晶光电,2015-04-22,8.54,8.75,8.94,8.53,119501,316883616.0,4.8,2.34,0.2,3.45
水晶光电,2015-04-23,8.8,8.78,8.84,8.65,107774,284892576.0,2.17,0.34,0.03,3.11
水晶光电,2015-04-24,8.65,8.67,8.77,8.39,103332,269733936.0,4.33,-1.25,-0.11,2.98
水晶光电,2015-04-27,8.74,8.78,9.06,8.67,106968,285102064.0,4.5,1.27,0.11,3.09
水晶光电,2015-04-28,8.79,8.34,8.79,8.17,132711,340790784.0,7.06,-5.01,-0.44,3.83
水晶光电,2015-04-29,8.34,8.54,8.69,8.19,103153,267369532.0,6.0,2.4,0.2,2.98
水晶光电,2015-04-30,8.69,8.54,8.73,8.49,108514,281821248.0,2.81,0.0,0.0,3.13
水晶光电,2015-05-04,8.54,8.58,8.73,8.41,84069,218325323.0,3.75,0.47,0.04,2.43
水晶光电,2015-05-05,8.61,9.6,9.6,8.61,285422,797869072.0,11.54,11.89,1.02,8.24
水晶光电,2015-05-06,9.78,10.47,10.73,9.74,560887,1715795040.0,10.31,9.06,0.87,16.19
水晶光电,2015-05-07,10.52,10.75,11.53,10.5,343259,1090898128.0,9.84,2.67,0.28,9.91
水晶光电,2015-05-08,10.6,11.99,11.99,10.4,296574,970981280.0,14.79,11.53,1.24,8.56
水晶光电,2015-05-11,12.0,13.35,13.35,12.0,330419,1210447920.0,11.26,11.34,1.36,9.54
水晶光电,2015-05-12,13.47,13.36,13.95,12.75,222089,843659040.0,8.99,0.07,0.01,6.41
水晶光电,2015-05-13,13.07,13.16,13.87,12.85,193483,728442800.0,7.63,-1.5,-0.2,5.58
水晶光电,2015-05-14,13.01,13.13,13.77,12.97,155397,588538992.0,6.08,-0.23,-0.03,4.49
水晶光电,2015-05-15,12.93,12.33,12.93,11.98,231417,824063392.0,7.24,-6.09,-0.8,6.68
水晶光电,2015-05-18,12.48,12.87,13.36,12.18,194063,714487216.0,9.57,4.38,0.54,5.6
水晶光电,2015-05-19,12.77,12.76,13.17,12.52,158259,577726688.0,5.05,-0.85,-0.11,4.57
水晶光电,2015-05-20,12.8,13.95,14.2,12.8,243416,954187552.0,10.97,9.33,1.19,7.03
水晶光电,2015-05-21,14.15,14.18,15.51,13.52,305905,1259406288.0,14.27,1.65,0.23,8.83
水晶光电,2015-05-22,14.23,13.89,14.45,13.41,189929,744069360.0,7.33,-2.05,-0.29,5.48
水晶光电,2015-05-25,13.44,13.75,14.34,13.17,180817,702781232.0,8.42,-1.01,-0.14,5.22
水晶光电,2015-05-26,13.8,14.62,15.04,13.71,177146,720971616.0,9.67,6.33,0.87,5.11
水晶光电,2015-05-27,14.56,14.38,14.62,13.87,137426,554364192.0,5.13,-1.64,-0.24,3.97
水晶光电,2015-05-28,14.77,13.83,15.96,13.71,216338,914663520.0,15.65,-3.82,-0.55,6.24
水晶光电,2015-05-29,13.87,15.38,15.38,13.87,214673,901363424.0,10.92,11.21,1.55,6.2
水晶光电,2015-06-01,16.69,17.08,17.08,16.53,49999,234902693.0,3.58,11.05,1.7,1.44
水晶光电,2015-06-02,18.29,18.33,18.95,17.1,405061,2040137376.0,10.83,7.32,1.25,11.69
水晶光电,2015-06-03,18.09,18.59,20.03,17.71,275365,1419754352.0,12.66,1.42,0.26,7.95
水晶光电,2015-06-04,18.09,16.67,18.09,16.57,250306,1183434208.0,8.18,-10.33,-1.92,7.22
水晶光电,2015-06-05,16.69,16.97,17.3,16.13,206399,963538416.0,7.02,1.8,0.3,5.96
水晶光电,2015-06-08,17.11,16.02,17.23,15.33,144875,651542544.0,11.2,-5.6,-0.95,4.18
水晶光电,2015-06-09,16.0,15.9,16.75,15.57,100939,455366688.0,7.37,-0.75,-0.12,2.91
水晶光电,2015-06-10,15.95,16.91,17.32,15.67,160136,740510784.0,10.38,6.35,1.01,4.62
水晶光电,2015-06-11,16.83,16.6,17.26,16.5,102069,477747888.0,4.49,-1.83,-0.31,2.95
水晶光电,2015-06-12,16.6,16.44,17.11,16.2,111123,513922880.0,5.48,-0.96,-0.16,3.21
水晶光电,2015-06-15,16.53,17.34,17.5,16.12,193911,915415904.0,8.39,5.47,0.9,5.6
水晶光电,2015-06-16,16.52,15.69,17.07,15.46,130081,584575760.0,9.28,-9.52,-1.65,3.75
水晶光电,2015-06-17,15.69,15.65,15.94,14.54,133080,570898416.0,8.92,-0.25,-0.04,3.84
水晶光电,2015-06-18,15.33,13.92,15.33,13.92,117603,487431888.0,9.01,-11.05,-1.73,3.39
水晶光电,2015-06-19,13.55,12.61,14.54,12.44,99318,382505776.0,15.09,-9.41,-1.31,2.87
水晶光电,2015-06-23,12.62,12.93,13.15,11.51,102218,367217360.0,13.01,2.54,0.32,2.95
水晶光电,2015-06-24,13.08,13.04,13.3,12.53,124599,460706464.0,5.96,0.85,0.11,3.6
水晶光电,2015-06-25,13.08,13.06,13.98,12.69,148597,569772576.0,9.89,0.15,0.02,4.29
水晶光电,2015-06-26,12.37,11.59,12.37,11.59,119865,406356128.0,5.97,-11.26,-1.47,3.46
水晶光电,2015-06-29,11.59,10.27,11.82,10.27,157833,483580160.0,13.37,-11.39,-1.32,4.56
水晶光电,2015-06-30,10.12,10.7,10.8,9.08,192867,562895456.0,16.75,4.19,0.43,5.57
水晶光电,2015-07-01,10.28,9.47,11.33,9.47,187480,580927008.0,17.38,-11.5,-1.23,5.41
水晶光电,2015-07-02,9.41,8.36,9.42,8.36,200214,515924016.0,11.19,-11.72,-1.11,5.78
水晶光电,2015-07-03,7.38,7.36,8.42,7.36,233504,542355088.0,12.68,-11.96,-1.0,6.74
水晶光电,2015-07-06,8.15,6.46,8.22,6.46,256301,557617632.0,23.91,-12.23,-0.9,7.4
水晶光电,2015-07-07,5.78,5.65,6.09,5.65,119949,222494802.0,6.81,-12.54,-0.81,3.46
水晶光电,2015-07-08,4.92,5.21,5.47,4.92,634313,1071386304.0,9.73,-7.79,-0.44,18.31
水晶光电,2015-07-09,4.96,5.9,5.9,4.95,189802,352386144.0,18.23,13.24,0.69,5.48
水晶光电,2015-07-10,6.65,6.65,6.65,6.26,45945,96215594.0,6.61,12.71,0.75,1.29
水晶光电,2015-07-13,7.48,7.48,7.48,7.48,19306,44597137.0,0.0,12.48,0.83,0.54
水晶光电,2015-07-14,8.39,8.39,8.39,7.99,175861,445607872.0,5.35,12.17,0.91,4.93
水晶光电,2015-07-15,8.43,7.39,8.43,7.39,250350,597980288.0,12.4,-11.92,-1.0,7.02
水晶光电,2015-07-16,7.39,7.88,8.1,6.66,182602,427786768.0,19.49,6.63,0.49,5.12
水晶光电,2015-07-17,7.9,8.84,8.84,7.89,195589,500460912.0,12.06,12.18,0.96,5.49
水晶光电,2015-07-20,8.84,9.2,9.8,8.69,210030,581110704.0,12.56,4.07,0.36,5.89
水晶光电,2015-07-21,8.93,9.75,9.83,8.7,183723,512982288.0,12.28,5.98,0.55,5.15
水晶光电,2015-07-22,9.73,9.86,10.05,9.4,185241,531235296.0,6.67,1.13,0.11,5.2
水晶光电,2015-07-23,9.86,9.97,10.2,9.6,128776,377063184.0,6.09,1.12,0.11,3.61
水晶光电,2015-07-24,10.01,9.56,10.67,9.41,173759,514934128.0,12.64,-4.11,-0.41,4.88
水晶光电,2015-07-27,9.14,8.44,9.55,8.44,161573,432150464.0,11.61,-11.72,-1.12,4.53
水晶光电,2015-07-28,7.84,7.53,8.38,7.43,222327,522832672.0,11.26,-10.78,-0.91,6.24
水晶光电,2015-07-29,7.76,8.35,8.4,7.05,201117,472227408.0,17.93,10.89,0.82,5.64
水晶光电,2015-07-30,8.15,7.76,8.59,7.58,155287,389072144.0,12.1,-7.07,-0.59,4.35
水晶光电,2015-07-31,7.57,7.13,7.76,6.92,133721,306422656.0,10.82,-8.12,-0.63,3.75
水晶光电,2015-08-03,7.04,6.77,7.31,6.29,122332,263820960.0,14.31,-5.05,-0.36,3.43
水晶光电,2015-08-04,6.89,7.61,7.61,6.89,98163,224051416.0,10.64,12.41,0.84,2.75
水晶光电,2015-08-05,8.3,8.02,8.43,7.62,178464,441466320.0,10.64,5.39,0.41,5.0
水晶光电,2015-08-06,7.64,8.62,8.86,7.62,159707,407189792.0,15.46,7.48,0.6,4.47
水晶光电,2015-08-07,8.62,9.2,9.25,8.47,175935,468491136.0,9.05,6.73,0.58,4.93
水晶光电,2015-08-10,9.18,10.01,10.17,9.02,180405,512756672.0,12.5,8.8,0.81,5.05
水晶光电,2015-08-11,9.88,9.57,10.04,9.53,143868,414600832.0,5.09,-4.4,-0.44,4.03
水晶光电,2015-08-12,9.49,9.0,9.65,8.96,141352,391386144.0,7.21,-5.96,-0.57,3.96
水晶光电,2015-08-13,9.0,10.06,10.06,9.0,193377,547817104.0,11.78,11.78,1.06,5.42
水晶光电,2015-08-14,10.21,10.35,10.47,9.75,166503,495483952.0,7.16,2.88,0.29,4.66
水晶光电,2015-08-17,11.19,10.76,11.19,10.14,279786,867972464.0,10.14,3.96,0.41,7.84
水晶光电,2015-08-18,10.99,9.52,11.07,9.52,227543,678612080.0,14.41,-11.52,-1.24,6.37
水晶光电,2015-08-19,8.65,9.57,9.8,8.4,210877,565586992.0,14.71,0.53,0.05,5.91
水晶光电,2015-08-20,9.3,9.01,9.56,8.76,139990,382070384.0,8.36,-5.85,-0.56,3.92
水晶光电,2015-08-21,8.7,7.95,8.79,7.95,133571,337544112.0,9.32,-11.76,-1.06,3.74
水晶光电,2015-08-24,7.39,6.99,7.39,6.99,84669,186177278.0,5.03,-12.08,-0.96,2.37
水晶光电,2015-08-25,6.13,6.13,6.5,6.13,127343,251306128.0,5.29,-12.3,-0.86,3.57
水晶光电,2015-08-26,6.19,5.38,6.49,5.37,196322,380770080.0,18.27,-12.23,-0.75,5.5
水晶光电,2015-08-27,5.57,6.08,6.08,5.34,182199,338304464.0,13.75,13.01,0.7,5.1
水晶光电,2015-08-28,6.26,6.85,6.85,6.24,194488,405066992.0,10.03,12.66,0.77,5.45
水晶光电,2015-08-31,6.91,6.33,6.93,6.26,150377,311992032.0,9.78,-7.59,-0.52,4.21
水晶光电,2015-09-01,6.26,5.77,6.26,5.6,145925,277740816.0,10.43,-8.85,-0.56,4.09
水晶光电,2015-09-02,5.4,6.18,6.51,5.28,251454,500359440.0,21.32,7.11,0.41,7.04
水晶光电,2015-09-07,6.26,5.6,6.72,5.4,428096,820419664.0,21.36,-9.39,-0.58,11.99
水晶光电,2015-09-08,5.29,6.07,6.07,5.21,223052,407612800.0,15.36,8.39,0.47,6.25
水晶光电,2015-09-09,6.29,6.33,6.57,5.83,407763,810644032.0,12.19,4.28,0.26,11.42
水晶光电,2015-09-10,6.11,6.28,6.67,6.0,292887,592079280.0,10.58,-0.79,-0.05,8.2
水晶光电,2015-09-11,6.28,6.3,6.41,6.14,155874,312587744.0,4.3,0.32,0.02,4.37
水晶光电,2015-09-14,6.37,5.51,6.41,5.51,198334,372122288.0,14.29,-12.54,-0.79,5.56
水晶光电,2015-09-15,5.27,4.83,5.66,4.79,185472,313582944.0,15.79,-12.34,-0.68,5.2
水晶光电,2015-09-16,4.88,5.47,5.48,4.81,177126,302903408.0,13.87,13.25,0.64,4.96
水晶光电,2015-09-17,5.39,5.25,5.7,5.15,210779,377905488.0,10.05,-4.02,-0.22,5.9
水晶光电,2015-09-18,5.33,5.51,5.56,5.2,158646,282599136.0,6.86,4.95,0.26,4.44
水晶光电,2015-09-21,5.4,5.81,5.86,5.28,203268,373297104.0,10.53,5.44,0.3,5.69
水晶光电,2015-09-22,5.87,5.75,6.01,5.61,196008,368515024.0,6.88,-1.03,-0.06,5.49
水晶光电,2015-09-23,5.55,5.56,5.68,5.37,194793,352677920.0,5.39,-3.3,-0.19,5.46
水晶光电,2015-09-24,5.51,5.9,5.98,5.43,274520,513819696.0,9.89,6.12,0.34,7.69
水晶光电,2015-09-25,5.75,5.41,5.87,5.32,169866,311512800.0,9.32,-8.31,-0.49,4.76
水晶光电,2015-09-28,5.46,5.63,5.66,5.33,121457,220892695.0,6.1,4.07,0.22,3.4
水晶光电,2015-09-29,5.47,5.46,5.6,5.4,112333,202676016.0,3.55,-3.02,-0.17,3.15
水晶光电,2015-09-30,5.53,5.47,5.61,5.38,69175,124858558.0,4.21,0.18,0.01,1.94
水晶光电,2015-10-08,5.78,5.9,6.01,5.68,175215,333513680.0,6.03,7.86,0.43,4.91
水晶光电,2015-10-09,5.9,6.22,6.32,5.84,147392,287144080.0,8.14,5.42,0.32,4.13
水晶光电,2015-10-12,6.29,6.65,6.88,6.28,197281,414169632.0,9.65,6.91,0.43,5.53
水晶光电,2015-10-13,6.65,6.71,6.99,6.54,188346,401023552.0,6.77,0.9,0.06,5.28
水晶光电,2015-10-14,6.57,6.54,6.89,6.54,143330,303401920.0,5.22,-2.53,-0.17,4.01
水晶光电,2015-10-15,6.49,6.87,6.92,6.49,163310,348172800.0,6.57,5.05,0.33,4.57
水晶光电,2015-10-16,6.97,6.99,7.15,6.69,165642,359145840.0,6.7,1.75,0.12,4.64
水晶光电,2015-10-19,7.11,7.22,7.48,6.92,251717,566691664.0,8.01,3.29,0.23,7.05
水晶光电,2015-10-20,7.29,7.45,7.74,7.25,187964,433151312.0,6.79,3.19,0.23,5.27
水晶光电,2015-10-21,7.43,6.54,7.43,6.54,242694,529219392.0,11.95,-12.21,-0.91,6.8
水晶光电,2015-10-22,6.54,6.85,6.89,6.46,134862,284225488.0,6.57,4.74,0.31,3.78
水晶光电,2015-10-23,6.85,7.17,7.27,6.75,148940,325771728.0,7.59,4.67,0.32,4.17
水晶光电,2015-10-26,7.36,7.19,7.5,7.05,184467,416144256.0,6.28,0.28,0.02,5.17
水晶光电,2015-10-27,7.16,7.08,7.16,6.59,164829,356065440.0,7.93,-1.53,-0.11,4.62
水晶光电,2015-10-28,7.03,7.16,7.54,6.97,224131,508893440.0,8.05,1.13,0.08,6.28
水晶光电,2015-10-29,7.25,7.84,8.03,7.09,269039,631241344.0,13.13,9.5,0.68,7.54
水晶光电,2015-10-30,7.64,7.61,7.91,7.4,202620,477653280.0,6.51,-2.93,-0.23,5.68
水晶光电,2015-11-02,7.28,7.25,7.86,7.16,159403,367098576.0,9.2,-4.73,-0.36,4.47
水晶光电,2015-11-03,7.28,7.13,7.36,6.93,111920,248246548.0,5.93,-1.66,-0.12,3.14
水晶光电,2015-11-04,7.17,7.71,7.83,7.13,189374,440395504.0,9.82,8.13,0.58,5.3
水晶光电,2015-11-05,7.71,7.68,7.9,7.51,183209,432867536.0,5.06,-0.39,-0.03,5.13
水晶光电,2015-11-06,7.77,8.03,8.09,7.73,206348,500663168.0,4.69,4.56,0.35,5.78
水晶光电,2015-11-09,7.91,8.26,8.3,7.76,178313,438201952.0,6.72,2.86,0.23,4.99
水晶光电,2015-11-10,8.24,9.25,9.25,8.23,120378,324363856.0,12.35,11.99,0.99,3.37
水晶光电,2015-11-11,10.33,10.33,10.33,10.33,40919,124107599.0,0.0,11.68,1.08,1.15
水晶光电,2015-11-12,11.53,11.07,11.53,10.49,819273,2650881440.0,10.07,7.16,0.74,22.95
水晶光电,2015-11-13,10.91,10.08,10.91,9.81,437121,1327350496.0,9.94,-8.94,-0.99,12.24
水晶光电,2015-11-16,9.81,10.8,11.23,9.77,423687,1321080896.0,14.48,7.14,0.72,11.87
水晶光电,2015-11-17,11.09,10.2,11.79,10.16,440192,1415363072.0,15.09,-5.56,-0.6,12.33
水晶光电,2015-11-18,10.07,11.02,11.39,10.05,527352,1688756944.0,13.14,8.04,0.82,14.77
水晶光电,2015-11-19,11.4,12.28,12.28,11.4,287150,1003029120.0,7.99,11.43,1.26,8.04
水晶光电,2015-11-20,13.68,13.68,13.68,13.16,823692,3177513024.0,4.23,11.4,1.4,23.07
水晶光电,2015-11-23,13.36,14.12,14.44,12.97,875794,3409877648.0,10.75,3.22,0.44,24.53
水晶光电,2015-11-24,13.75,13.5,13.83,13.08,461058,1756870240.0,5.31,-4.39,-0.62,12.92
水晶光电,2015-11-25,13.36,13.66,14.58,13.25,596721,2338021840.0,9.85,1.19,0.16,16.72
水晶光电,2015-11-26,13.43,12.73,13.44,12.6,506565,1875539168.0,6.15,-6.81,-0.93,14.19
水晶光电,2015-11-27,12.69,11.98,13.24,11.46,484729,1762613776.0,13.98,-5.89,-0.75,13.58
水晶光电,2015-11-30,12.33,12.52,12.74,11.58,428494,1511463840.0,9.68,4.51,0.54,12.0
水晶光电,2015-12-01,12.2,11.89,12.29,11.28,409392,1385134304.0,8.07,-5.03,-0.63,11.47
水晶光电,2015-12-02,11.96,11.74,12.13,10.99,318895,1075001280.0,9.59,-1.26,-0.15,8.93
水晶光电,2015-12-03,11.94,12.21,12.52,11.81,330905,1158273280.0,6.05,4.0,0.47,9.27
水晶光电,2015-12-04,12.01,12.35,12.88,11.84,455529,1611487824.0,8.52,1.15,0.14,12.76
水晶光电,2015-12-07,12.57,13.24,13.55,12.21,473932,1745539088.0,10.85,7.21,0.89,13.28
水晶光电,2015-12-08,12.97,12.93,13.44,12.72,348377,1298784720.0,5.44,-2.34,-0.31,9.76
水晶光电,2015-12-09,12.81,12.22,12.99,12.1,264650,945815520.0,6.88,-5.49,-0.71,7.41
水晶光电,2015-12-10,12.23,12.03,12.69,12.02,238580,844839040.0,5.48,-1.55,-0.19,6.68
水晶光电,2015-12-11,12.14,11.84,12.21,11.78,169240,582837936.0,3.57,-1.58,-0.19,4.74
水晶光电,2015-12-14,11.81,12.14,12.14,11.67,163955,563687920.0,3.97,2.53,0.3,4.59
水晶光电,2015-12-15,12.06,12.61,12.88,12.0,220370,791364736.0,7.25,3.87,0.47,6.17
水晶光电,2015-12-16,12.87,13.38,14.03,12.87,534673,2062912544.0,9.2,6.11,0.77,14.98
水晶光电,2015-12-17,13.2,13.62,13.89,13.08,443288,1694865952.0,6.05,1.79,0.24,12.42
水晶光电,2015-12-18,13.41,13.28,14.01,13.21,297116,1145759952.0,5.87,-2.5,-0.34,8.32
水晶光电,2015-12-21,13.04,12.87,13.2,12.71,223815,822644368.0,3.69,-3.09,-0.41,6.27
水晶光电,2015-12-22,13.08,13.14,13.24,12.74,191469,710081600.0,3.89,2.1,0.27,5.36
水晶光电,2015-12-23,13.12,12.57,13.12,12.46,191978,699009904.0,5.02,-4.34,-0.57,5.38
水晶光电,2015-12-24,12.52,12.91,12.91,12.31,187992,680708128.0,4.77,2.7,0.34,5.27
水晶光电,2015-12-25,12.95,13.51,13.83,12.77,305049,1168495408.0,8.21,4.65,0.6,8.55
水晶光电,2015-12-28,13.71,13.48,14.7,13.44,427110,1691719088.0,9.33,-0.22,-0.03,11.96
水晶光电,2015-12-29,13.64,14.35,14.66,13.31,459254,1833270832.0,10.01,6.45,0.87,12.86
水晶光电,2015-12-30,14.32,15.65,15.95,13.96,586994,2482581168.0,13.87,9.06,1.3,16.44
水晶光电,2015-12-31,15.25,14.39,15.39,14.39,354873,1492307680.0,6.39,-8.05,-1.26,9.94
水晶光电,2016-01-04,14.35,12.78,14.77,12.78,267583,1025446672.0,13.83,-11.19,-1.61,7.5
水晶光电,2016-01-05,11.43,12.12,12.89,11.34,376720,1303854176.0,12.13,-5.16,-0.66,10.55
水晶光电,2016-01-06,12.23,12.16,12.44,11.39,323914,1114790480.0,8.66,0.33,0.04,9.07
水晶光电,2016-01-07,11.59,10.78,11.7,10.78,76939,247896339.0,7.57,-11.35,-1.38,2.16
水晶光电,2016-01-08,10.78,10.08,11.0,9.6,305912,929521296.0,12.99,-6.49,-0.7,8.57
水晶光电,2016-01-11,9.62,8.91,9.65,8.91,273459,755231248.0,7.34,-11.61,-1.17,7.66
水晶光电,2016-01-12,8.86,9.33,9.71,8.66,311240,859155152.0,11.78,4.71,0.42,8.72
水晶光电,2016-01-13,9.41,9.04,9.75,8.74,292513,821565104.0,10.83,-3.11,-0.29,8.19
水晶光电,2016-01-14,8.38,10.1,10.1,8.35,297239,836770176.0,19.36,11.73,1.06,8.33
水晶光电,2016-01-15,9.86,9.78,10.46,9.66,307655,911821040.0,7.92,-3.17,-0.32,8.62
水晶光电,2016-01-18,9.38,10.4,10.66,9.34,298480,898853424.0,13.5,6.34,0.62,8.36
水晶光电,2016-01-19,10.25,10.83,10.83,10.07,276894,846783776.0,7.31,4.13,0.43,7.76
水晶光电,2016-01-20,10.8,11.21,11.74,10.6,371564,1212580560.0,10.53,3.51,0.38,10.41
水晶光电,2016-01-21,10.89,9.93,11.3,9.93,253770,798443584.0,12.22,-11.42,-1.28,7.11
水晶光电,2016-01-22,10.4,11.08,11.08,10.2,328342,1027851680.0,8.86,11.58,1.15,9.2
水晶光电,2016-01-25,11.41,11.56,11.92,11.07,397628,1330013376.0,7.67,4.33,0.48,11.14
水晶光电,2016-01-26,11.19,10.84,11.45,10.31,314175,1001934784.0,9.86,-6.23,-0.72,8.8
水晶光电,2016-01-27,11.01,11.45,11.6,10.0,362756,1138022400.0,14.76,5.63,0.61,10.16
水晶光电,2016-01-28,10.99,10.14,11.11,10.14,300337,923637184.0,8.47,-11.44,-1.31,8.41
水晶光电,2016-01-29,9.77,10.18,10.6,9.07,327738,957573696.0,15.09,0.39,0.04,9.18
水晶光电,2016-02-01,10.16,10.34,10.76,9.95,247895,757307952.0,7.96,1.57,0.16,6.94
水晶光电,2016-02-02,10.51,10.8,11.15,10.23,272556,854998192.0,8.9,4.45,0.46,7.63
水晶光电,2016-02-03,10.52,10.54,10.71,10.08,221858,678547520.0,5.83,-2.41,-0.26,6.21
水晶光电,2016-02-04,10.76,11.09,11.58,10.56,288542,919702848.0,9.68,5.22,0.55,8.08
水晶光电,2016-02-05,11.24,10.6,11.24,10.51,213424,672334368.0,6.58,-4.42,-0.49,5.98
水晶光电,2016-02-15,10.26,11.83,11.83,10.01,468549,1552829264.0,17.17,11.6,1.23,13.13
水晶光电,2016-02-16,12.04,12.63,12.93,11.9,507489,1800696064.0,8.71,6.76,0.8,14.22
水晶光电,2016-02-17,12.49,13.32,13.7,12.37,490194,1808902032.0,10.53,5.46,0.69,13.73
水晶光电,2016-02-18,13.12,13.0,13.39,12.81,418565,1556871760.0,4.35,-2.4,-0.32,11.72
水晶光电,2016-02-19,12.85,13.13,13.7,12.84,412899,1566312752.0,6.62,1.0,0.13,11.57
水晶光电,2016-02-22,13.33,13.77,14.1,13.11,387227,1483211760.0,7.54,4.87,0.64,10.85
水晶光电,2016-02-23,13.5,13.38,13.6,13.23,328625,1252282928.0,2.69,-2.83,-0.39,9.21
水晶光电,2016-02-24,13.17,13.0,13.52,12.57,346927,1284261296.0,7.1,-2.84,-0.38,9.72
水晶光电,2016-02-25,12.97,11.59,13.19,11.53,407258,1441050880.0,12.77,-10.85,-1.41,11.41
水晶光电,2016-02-26,11.82,11.9,12.33,11.66,344162,1190867520.0,5.78,2.67,0.31,9.64
水晶光电,2016-02-29,11.58,10.55,11.65,10.55,112000,352037360.0,9.24,-11.34,-1.35,3.14
水晶光电,2016-03-01,9.88,10.85,11.31,9.41,390996,1176719680.0,18.01,2.84,0.3,10.95
水晶光电,2016-03-02,10.64,11.26,11.51,10.6,310322,999902064.0,8.39,3.78,0.41,8.69
水晶光电,2016-03-03,10.87,11.04,11.77,10.87,455994,1490092512.0,7.99,-1.95,-0.22,12.77
水晶光电,2016-03-04,10.9,9.78,11.04,9.78,425456,1277912240.0,11.41,-11.41,-1.26,11.92
水晶光电,2016-03-07,9.97,9.83,10.36,9.79,241122,714539216.0,5.83,0.51,0.05,6.75
水晶光电,2016-03-08,9.81,9.72,9.91,8.79,279341,780918448.0,11.39,-1.12,-0.11,7.82
水晶光电,2016-03-09,9.67,10.18,10.85,9.41,408632,1242986864.0,14.81,4.73,0.46,11.45
水晶光电,2016-03-10,10.21,9.73,10.34,9.57,278948,814167920.0,7.56,-4.42,-0.45,7.81
水晶光电,2016-03-11,9.42,9.75,9.92,9.27,192202,551852640.0,6.68,0.21,0.02,5.38
水晶光电,2016-03-14,10.0,10.37,10.67,9.86,325940,990176992.0,8.31,6.36,0.62,9.13
水晶光电,2016-03-15,10.47,10.41,10.69,10.28,299420,920158320.0,3.95,0.39,0.04,8.39
水晶光电,2016-03-16,10.59,10.07,10.59,9.81,260716,781905376.0,7.49,-3.27,-0.34,7.3
水晶光电,2016-03-17,10.12,11.06,11.11,10.09,447667,1396568480.0,10.13,9.83,0.99,12.54
水晶光电,2016-03-18,11.06,11.57,11.98,10.99,428113,1422907344.0,8.95,4.61,0.51,11.99
水晶光电,2016-03-21,11.96,11.95,12.25,11.62,393652,1351878192.0,5.45,3.28,0.38,11.03
水晶光电,2016-03-22,11.79,11.86,12.41,11.71,351195,1223296784.0,5.86,-0.75,-0.09,9.84
水晶光电,2016-03-23,11.86,12.06,12.13,11.66,309563,1064114944.0,3.96,1.69,0.2,8.67
水晶光电,2016-03-24,12.06,11.79,12.48,11.7,384711,1336764832.0,6.47,-2.24,-0.27,10.78
水晶光电,2016-03-25,11.79,11.88,12.07,11.52,280246,955769264.0,4.66,0.76,0.09,7.85
水晶光电,2016-03-28,12.05,11.66,12.25,11.54,279076,960418928.0,5.98,-1.85,-0.22,7.82
水晶光电,2016-03-29,11.71,12.17,12.45,11.58,518328,1805067776.0,7.46,4.37,0.51,14.52
水晶光电,2016-03-30,12.51,12.78,12.82,12.2,535567,1919021504.0,5.09,5.01,0.61,15.0
水晶光电,2016-03-31,12.57,12.53,12.68,12.4,371104,1331398992.0,2.19,-1.96,-0.25,10.4
水晶光电,2016-04-01,12.3,11.91,12.44,11.39,326103,1117881584.0,8.38,-4.95,-0.62,9.13
水晶光电,2016-04-05,12.1,12.45,12.54,11.73,296794,1037047024.0,6.8,4.53,0.54,8.31
水晶光电,2016-04-06,12.29,12.39,12.66,12.24,259695,926011232.0,3.37,-0.48,-0.06,7.27
水晶光电,2016-04-07,12.52,11.78,12.52,11.75,277668,958611136.0,6.21,-4.92,-0.61,7.78
水晶光电,2016-04-08,11.82,11.39,11.92,11.12,244290,818945472.0,6.79,-3.31,-0.39,6.84
水晶光电,2016-04-11,11.65,11.55,11.89,11.47,233144,787115776.0,3.69,1.4,0.16,6.53
水晶光电,2016-04-12,11.46,11.64,11.64,11.22,176304,583044640.0,3.64,0.78,0.09,4.94
水晶光电,2016-04-13,11.78,12.5,12.93,11.78,550348,1962042160.0,9.88,7.39,0.86,15.42
水晶光电,2016-04-14,12.57,12.64,12.65,12.3,354719,1269889088.0,2.8,1.12,0.14,9.94
水晶光电,2016-04-15,12.57,12.39,12.57,12.16,236523,840043216.0,3.24,-1.98,-0.25,6.63
水晶光电,2016-04-18,12.29,11.99,12.29,11.82,211557,730156368.0,3.79,-3.23,-0.4,5.93
水晶光电,2016-04-19,12.16,12.15,12.37,11.92,223801,782270160.0,3.75,1.33,0.16,6.27
水晶光电,2016-04-20,12.21,10.99,12.24,10.79,355861,1172287136.0,11.93,-9.55,-1.16,9.97
水晶光电,2016-04-21,11.0,10.5,11.11,10.43,186220,588490448.0,6.19,-4.46,-0.49,5.22
水晶光电,2016-04-22,10.4,10.72,10.79,10.29,141543,440498576.0,4.76,2.1,0.22,3.96
水晶光电,2016-04-25,10.73,10.37,10.77,10.16,133504,407569792.0,5.69,-3.26,-0.35,3.74
水晶光电,2016-04-26,10.38,10.64,10.66,10.38,136174,420155456.0,2.7,2.6,0.27,3.81
水晶光电,2016-04-27,10.8,10.44,10.8,10.44,150489,467451904.0,3.38,-1.88,-0.2,4.22
水晶光电,2016-04-28,10.46,10.51,10.52,10.04,147428,446937616.0,4.6,0.67,0.07,4.13
水晶光电,2016-04-29,10.44,10.49,10.58,10.33,108231,331915568.0,2.38,-0.19,-0.02,3.03
水晶光电,2016-05-03,10.56,11.05,11.07,10.35,195103,615612656.0,6.86,5.34,0.56,5.47
水晶光电,2016-05-04,10.99,11.35,11.49,10.91,254283,832626656.0,5.25,2.71,0.3,7.12
水晶光电,2016-05-05,11.38,11.37,11.45,11.15,174136,572320592.0,2.64,0.18,0.02,4.88
水晶光电,2016-05-06,11.43,10.7,11.54,10.62,225541,723772960.0,8.09,-5.89,-0.67,6.32
水晶光电,2016-05-09,10.72,10.73,10.97,10.33,185466,579866400.0,5.98,0.28,0.03,5.19
水晶光电,2016-05-10,10.83,10.38,10.87,10.18,153398,468529200.0,6.43,-3.26,-0.35,4.29
水晶光电,2016-05-11,10.52,9.97,10.52,9.93,158192,472872352.0,5.68,-3.95,-0.41,4.43
水晶光电,2016-05-12,9.67,10.3,10.34,9.22,177165,513838288.0,11.23,3.31,0.33,4.96
水晶光电,2016-05-13,10.4,10.66,11.12,10.35,229402,720721696.0,7.48,3.5,0.36,6.42
水晶光电,2016-05-16,10.66,10.85,10.95,10.27,237364,494005792.0,6.38,1.78,0.19,4.43
水晶光电,2016-05-17,11.07,11.04,11.54,10.95,380654,826654976.0,5.44,1.75,0.19,7.1
水晶光电,2016-05-18,10.72,11.09,11.34,10.47,352428,750480304.0,7.88,0.45,0.05,6.58
水晶光电,2016-05-19,11.09,11.14,11.57,11.08,366926,801932336.0,4.42,0.45,0.05,6.85
水晶光电,2016-05-20,11.19,11.9,11.96,10.85,532571,1186368432.0,9.96,6.82,0.76,9.94
水晶光电,2016-05-23,11.94,11.93,12.26,11.62,501198,1149963168.0,5.38,0.25,0.03,9.35
水晶光电,2016-05-24,11.93,11.99,12.25,11.7,361545,828786896.0,4.61,0.5,0.06,6.75
水晶光电,2016-05-25,12.13,11.54,12.17,11.41,337443,760725584.0,6.34,-3.75,-0.45,6.3
水晶光电,2016-05-26,11.38,11.86,11.95,11.26,295956,662307264.0,5.98,2.77,0.32,5.52
水晶光电,2016-05-27,11.86,12.45,12.99,11.83,657457,1570801168.0,9.78,4.97,0.59,12.27
水晶光电,2016-05-30,12.11,12.06,12.73,11.99,382514,901151376.0,5.94,-3.13,-0.39,7.14
水晶光电,2016-05-31,12.11,12.57,12.67,12.1,328887,780022960.0,4.73,4.23,0.51,6.14
水晶光电,2016-06-01,12.7,13.99,13.99,12.61,730793,1872853824.0,10.98,11.3,1.42,13.64
水晶光电,2016-06-02,14.03,14.42,14.43,13.83,639001,1696479696.0,4.29,3.07,0.43,11.93
水晶光电,2016-06-03,14.15,13.97,14.33,13.87,415119,1096083472.0,3.19,-3.12,-0.45,7.75
水晶光电,2016-06-06,14.15,14.11,14.49,13.81,363260,966528656.0,4.87,1.0,0.14,6.78
水晶光电,2016-06-07,14.11,14.0,14.21,13.56,301590,786511536.0,4.61,-0.78,-0.11,5.63
水晶光电,2016-06-08,13.85,14.0,14.21,13.68,317515,835757168.0,3.79,0.0,0.0,5.93
水晶光电,2016-06-13,13.68,12.44,13.97,12.44,397289,994671600.0,10.93,-11.14,-1.56,7.42
水晶光电,2016-06-14,12.31,12.43,12.7,12.18,237602,563756560.0,4.18,-0.08,-0.01,4.43
水晶光电,2016-06-15,12.26,13.31,13.57,12.2,318535,792186672.0,11.02,7.08,0.88,5.95
水晶光电,2016-06-16,13.26,13.53,13.97,13.24,336327,869680752.0,5.48,1.65,0.22,6.28
水晶光电,2016-06-17,13.53,13.59,13.72,13.26,249321,634120880.0,3.4,0.44,0.06,4.65
水晶光电,2016-06-20,13.82,14.31,14.43,13.33,386742,1018528592.0,8.09,5.3,0.72,7.22
水晶光电,2016-06-21,14.43,13.86,14.68,13.66,408940,1092179136.0,7.13,-3.14,-0.45,7.63
水晶光电,2016-06-22,13.62,15.04,15.27,13.39,579625,1590282528.0,13.56,8.51,1.18,10.82
水晶光电,2016-06-23,14.93,14.99,15.33,14.59,448759,1255470640.0,4.92,-0.33,-0.05,8.38
水晶光电,2016-06-24,14.85,14.78,15.56,13.98,424781,1175346912.0,10.54,-1.4,-0.21,7.93
水晶光电,2016-06-27,14.77,14.92,15.15,14.65,314235,876541264.0,3.38,0.95,0.14,5.87
水晶光电,2016-06-28,15.34,15.86,16.35,15.34,496551,1454415088.0,6.77,6.3,0.94,9.27
水晶光电,2016-06-29,15.63,15.66,16.08,15.46,310516,906213552.0,3.91,-1.26,-0.2,5.8
水晶光电,2016-06-30,15.61,14.97,15.97,14.92,389605,1109171392.0,6.7,-4.41,-0.69,7.28
水晶光电,2016-07-01,14.97,15.01,15.38,14.8,242788,683786560.0,3.87,0.27,0.04,4.53
水晶光电,2016-07-04,14.8,14.99,15.27,14.68,252346,707280320.0,3.93,-0.13,-0.02,4.71
水晶光电,2016-07-05,14.99,15.2,15.32,14.77,284326,800165184.0,3.67,1.4,0.21,5.31
水晶光电,2016-07-06,14.99,14.8,15.1,14.59,270097,747711472.0,3.36,-2.63,-0.4,5.04
水晶光电,2016-07-07,14.72,14.49,14.8,14.15,307007,832417840.0,4.39,-2.09,-0.31,5.73
水晶光电,2016-07-08,14.5,14.68,14.97,14.49,259749,717827568.0,3.31,1.31,0.19,4.85
水晶光电,2016-07-11,15.57,14.93,16.09,14.92,462517,1316028672.0,7.97,1.7,0.25,8.64
水晶光电,2016-07-12,15.27,15.02,15.45,14.6,309829,869518096.0,5.69,0.6,0.09,5.79
水晶光电,2016-07-13,15.18,15.39,15.73,14.68,441970,1255694080.0,6.99,2.46,0.37,8.25
水晶光电,2016-07-14,15.28,14.98,15.45,14.89,332129,936078000.0,3.64,-2.66,-0.41,6.2
水晶光电,2016-07-15,15.08,15.1,15.39,14.75,342370,968129392.0,4.27,0.8,0.12,6.39
水晶光电,2016-07-18,14.9,14.62,15.01,14.57,285713,788075408.0,2.91,-3.18,-0.48,5.34
水晶光电,2016-07-19,14.6,14.5,14.87,14.15,313987,849019840.0,4.92,-0.82,-0.12,5.86
水晶光电,2016-07-20,14.49,14.21,14.56,14.21,218616,589918048.0,2.41,-2.0,-0.29,4.08
水晶光电,2016-07-21,14.16,14.27,14.53,14.12,212828,572066880.0,2.89,0.42,0.06,3.97
水晶光电,2016-07-22,14.27,14.07,14.35,13.97,179481,476393808.0,2.66,-1.4,-0.2,3.35
水晶光电,2016-07-25,13.93,13.78,14.16,13.73,174949,459296128.0,3.06,-2.06,-0.29,3.27
水晶光电,2016-07-26,13.78,13.91,13.95,13.75,140284,365986848.0,1.45,0.94,0.13,2.62
水晶光电,2016-07-27,13.94,12.7,14.08,12.49,279514,700831744.0,11.43,-8.7,-1.21,5.22
水晶光电,2016-07-28,12.7,12.34,12.82,12.03,215269,508824912.0,6.22,-2.83,-0.36,4.02
水晶光电,2016-07-29,12.36,12.06,12.46,11.95,154479,357455424.0,4.13,-2.27,-0.28,2.88
水晶光电,2016-08-01,11.9,11.69,11.9,11.39,168858,376051440.0,4.23,-3.07,-0.37,3.15
水晶光电,2016-08-02,11.7,11.82,11.85,11.63,120610,271886624.0,1.88,1.11,0.13,2.25
水晶光电,2016-08-03,11.69,11.78,11.78,11.47,148055,330659616.0,2.62,-0.34,-0.04,2.76
水晶光电,2016-08-04,11.66,12.24,12.5,11.62,280756,653038416.0,7.47,3.9,0.46,5.24
水晶光电,2016-08-05,12.11,11.81,12.31,11.79,257059,590941952.0,4.25,-3.51,-0.43,4.21
水晶光电,2016-08-08,11.79,12.3,12.49,11.5,299849,696479184.0,8.38,4.15,0.49,4.91
水晶光电,2016-08-09,12.31,12.43,12.66,12.24,331555,786097792.0,3.41,1.06,0.13,5.43
水晶光电,2016-08-10,12.42,12.27,12.52,12.24,290335,684562880.0,2.25,-1.29,-0.16,4.76
水晶光电,2016-08-11,12.21,11.84,12.3,11.84,200670,460986816.0,3.75,-3.5,-0.43,3.29
水晶光电,2016-08-12,11.78,12.02,12.05,11.72,132812,303217248.0,2.79,1.52,0.18,2.18
水晶光电,2016-08-15,12.13,12.34,12.54,11.89,290951,684013936.0,5.41,2.66,0.32,4.77
水晶光电,2016-08-16,12.36,12.36,12.6,12.32,228459,541137856.0,2.27,0.16,0.02,3.74
水晶光电,2016-08-17,12.36,12.48,12.66,12.36,268838,640555776.0,2.43,0.97,0.12,4.41
水晶光电,2016-08-18,12.58,13.18,13.31,12.58,529091,1306862032.0,5.85,5.61,0.7,8.67
水晶光电,2016-08-19,13.27,12.97,13.28,12.97,257563,639008544.0,2.35,-1.59,-0.21,4.22
水晶光电,2016-08-22,13.05,12.74,13.07,12.72,176485,431866144.0,2.7,-1.77,-0.23,2.89
水晶光电,2016-08-23,12.92,12.66,12.92,12.53,144986,350674960.0,3.06,-0.63,-0.08,2.38
水晶光电,2016-08-24,12.79,13.66,14.02,12.73,615270,1566745472.0,10.19,7.9,1.0,10.08
水晶光电,2016-08-25,13.33,13.38,13.5,13.08,363256,915029744.0,3.07,-2.05,-0.28,5.95
水晶光电,2016-08-26,13.56,13.3,13.65,13.2,239500,604940176.0,3.36,-0.6,-0.08,3.93
水晶光电,2016-08-29,13.43,13.41,13.69,13.26,217878,554600624.0,3.23,0.83,0.11,3.57
水晶光电,2016-08-30,13.66,13.84,14.31,13.65,509539,1343574432.0,4.92,3.21,0.43,8.35
水晶光电,2016-08-31,13.85,13.5,13.87,13.32,255512,652041952.0,3.97,-2.46,-0.34,4.19
水晶光电,2016-09-01,13.5,13.36,13.6,13.34,195999,498267120.0,1.93,-1.04,-0.14,3.21
水晶光电,2016-09-02,13.32,13.71,13.74,13.23,309115,789235584.0,3.82,2.62,0.35,5.07
水晶光电,2016-09-05,13.82,13.67,14.2,13.63,340363,894894896.0,4.16,-0.29,-0.04,5.58
水晶光电,2016-09-06,13.6,13.97,14.0,13.27,309680,795022624.0,5.34,2.19,0.3,5.08
水晶光电,2016-09-07,13.98,13.73,13.98,13.69,226770,590349712.0,2.08,-1.72,-0.24,3.72
水晶光电,2016-09-08,13.62,13.47,13.85,13.33,240133,614730096.0,3.79,-1.89,-0.26,3.94
水晶光电,2016-09-09,13.41,13.37,13.59,13.23,174582,442319216.0,2.67,-0.74,-0.1,2.86
水晶光电,2016-09-12,12.91,12.76,13.39,12.61,210715,519994416.0,5.83,-4.56,-0.61,3.45
水晶光电,2016-09-13,12.95,13.19,13.24,12.84,225465,557852176.0,3.13,3.37,0.43,3.7
水晶光电,2016-09-14,13.14,13.4,13.91,13.11,415839,1067994032.0,6.07,1.59,0.21,6.82
水晶光电,2016-09-19,13.43,13.4,13.76,13.25,222484,565365632.0,3.81,0.0,0.0,3.65
水晶光电,2016-09-20,13.36,13.29,13.36,13.09,152686,381603616.0,2.01,-0.82,-0.11,2.5
水晶光电,2016-09-21,13.36,13.7,13.76,13.27,309897,795360560.0,3.69,3.09,0.41,5.08
水晶光电,2016-09-22,13.79,13.7,13.86,13.57,263656,682230688.0,2.12,0.0,0.0,4.32
水晶光电,2016-09-23,13.68,13.47,13.81,13.4,155557,398675344.0,2.99,-1.68,-0.23,2.55
水晶光电,2016-09-26,13.37,12.79,13.37,12.73,264954,653113792.0,4.75,-5.05,-0.68,4.34
水晶光电,2016-09-27,12.85,12.94,13.02,12.64,136434,333036048.0,2.97,1.17,0.15,2.24
水晶光电,2016-09-28,12.97,12.94,13.04,12.82,108734,266959703.0,1.7,0.0,0.0,1.78
水晶光电,2016-09-29,12.96,13.0,13.24,12.91,157590,391098832.0,2.55,0.46,0.06,2.58
水晶光电,2016-09-30,13.2,13.02,13.23,13.0,79902,198096801.0,1.77,0.15,0.02,1.31
水晶光电,2016-10-10,13.2,13.49,13.55,13.06,188512,474925456.0,3.76,3.61,0.47,3.09
水晶光电,2016-10-11,13.44,13.66,13.69,13.39,191030,489279008.0,2.22,1.26,0.17,3.13
水晶光电,2016-10-12,13.53,13.46,13.55,13.39,127764,325309392.0,1.17,-1.46,-0.2,2.09
水晶光电,2016-10-13,13.47,13.45,13.61,13.32,134089,341166768.0,2.15,-0.07,-0.01,2.2
水晶光电,2016-10-14,13.38,13.29,13.51,13.28,95383,240983396.0,1.71,-1.19,-0.16,1.56
水晶光电,2016-10-17,13.37,12.78,13.43,12.68,210876,518705392.0,5.64,-3.84,-0.51,3.46
水晶光电,2016-10-18,12.78,13.01,13.05,12.72,152405,374188944.0,2.58,1.8,0.23,2.5
水晶光电,2016-10-19,13.17,12.79,13.17,12.7,180106,439170880.0,3.61,-1.69,-0.22,2.95
水晶光电,2016-10-20,12.79,12.92,13.1,12.76,158435,389699888.0,2.66,1.02,0.13,2.6
水晶光电,2016-10-21,12.89,12.82,13.01,12.67,119070,289569456.0,2.63,-0.77,-0.1,1.95
水晶光电,2016-10-24,12.79,12.88,13.01,12.74,149258,365382464.0,2.11,0.47,0.06,2.45
水晶光电,2016-10-25,12.94,12.84,12.97,12.79,108527,265056905.0,1.4,-0.31,-0.04,1.78
水晶光电,2016-10-26,12.79,12.4,12.82,12.36,246745,588077728.0,3.58,-3.43,-0.44,4.04
水晶光电,2016-10-27,12.39,12.42,12.52,12.33,93586,221637095.0,1.53,0.16,0.02,1.53
水晶光电,2016-10-28,12.49,12.19,12.49,12.18,108449,255121944.0,2.5,-1.85,-0.23,1.78
水晶光电,2016-10-31,12.31,12.49,12.65,12.18,131307,310874304.0,3.86,2.46,0.3,2.15
水晶光电,2016-11-01,12.52,12.5,12.57,12.4,92695,220663040.0,1.36,0.08,0.01,1.52
水晶光电,2016-11-02,12.5,12.33,12.5,12.3,87355,206116674.0,1.6,-1.36,-0.17,1.43
水晶光电,2016-11-03,12.33,12.39,12.6,12.24,120163,284450528.0,2.92,0.49,0.06,1.97
水晶光电,2016-11-04,12.43,12.34,12.57,12.31,87243,206555127.0,2.1,-0.4,-0.05,1.43
水晶光电,2016-11-07,12.39,12.3,12.46,12.27,68069,160575344.0,1.54,-0.32,-0.04,1.12
水晶光电,2016-11-08,12.34,12.27,12.38,12.19,102440,240224365.0,1.54,-0.24,-0.03,1.68
水晶光电,2016-11-09,12.27,11.98,12.32,11.71,146886,338038992.0,4.97,-2.36,-0.29,2.41
水晶光电,2016-11-10,12.14,12.08,12.19,11.97,109984,253569023.0,1.84,0.83,0.1,1.8
水晶光电,2016-11-11,12.08,11.98,12.1,11.81,153758,350752848.0,2.4,-0.83,-0.1,2.52
水晶光电,2016-11-14,11.94,12.1,12.13,11.89,128982,297377792.0,2.0,1.0,0.12,2.11
水晶光电,2016-11-15,12.1,12.31,12.31,11.99,126507,293982736.0,2.64,1.74,0.21,2.07
水晶光电,2016-11-16,12.6,12.31,12.61,12.28,151853,360019312.0,2.68,0.0,0.0,2.49
水晶光电,2016-11-17,12.26,12.11,12.31,12.03,85670,198466649.0,2.27,-1.62,-0.2,1.4
水晶光电,2016-11-18,12.13,12.11,12.19,12.03,86863,201239928.0,1.32,0.0,0.0,1.42
水晶光电,2016-11-21,12.13,12.1,12.2,12.05,89848,208170201.0,1.24,-0.08,-0.01,1.47
水晶光电,2016-11-22,12.02,12.18,12.18,12.01,117295,271043664.0,1.4,0.66,0.08,1.92
水晶光电,2016-11-23,12.19,12.04,12.23,12.04,128838,298815440.0,1.56,-1.15,-0.14,2.11
水晶光电,2016-11-24,12.03,11.71,12.07,11.62,169671,384775504.0,3.74,-2.74,-0.33,2.78
水晶光电,2016-11-25,11.74,11.84,11.85,11.44,98048,219464748.0,3.5,1.11,0.13,1.61
水晶光电,2016-11-28,11.89,11.84,11.93,11.79,72716,165143437.0,1.18,0.0,0.0,1.19
水晶光电,2016-11-29,11.84,11.66,11.86,11.65,81308,183270134.0,1.77,-1.52,-0.18,1.33
水晶光电,2016-11-30,11.61,11.76,11.92,11.56,117828,266761415.0,3.09,0.86,0.1,1.93
水晶光电,2016-12-01,11.79,11.74,11.83,11.62,101799,229199130.0,1.79,-0.17,-0.02,1.67
水晶光电,2016-12-02,11.75,11.52,11.81,11.43,82075,182472024.0,3.24,-1.87,-0.22,1.34
水晶光电,2016-12-05,11.57,11.6,11.87,11.45,92588,207635390.0,3.65,0.69,0.08,1.52
水晶光电,2016-12-06,11.62,11.67,11.71,11.57,70789,158424174.0,1.21,0.6,0.07,1.16
水晶光电,2016-12-07,11.68,11.77,11.82,11.62,69931,157656980.0,1.71,0.86,0.1,1.15
水晶光电,2016-12-08,11.77,11.63,11.81,11.63,66029,148075177.0,1.53,-1.19,-0.14,1.08
水晶光电,2016-12-09,11.58,11.48,11.66,11.44,67608,150173245.0,1.89,-1.29,-0.15,1.11
水晶光电,2016-12-12,11.59,10.44,11.59,10.36,151963,321278592.0,10.71,-9.06,-1.04,2.49
水晶光电,2016-12-13,10.42,10.24,10.42,10.05,95413,190503613.0,3.54,-1.92,-0.2,1.56
水晶光电,2016-12-14,10.33,10.11,10.33,10.07,62295,124084854.0,2.54,-1.27,-0.13,1.02
水晶光电,2016-12-15,10.11,10.17,10.42,10.05,95768,191422905.0,3.66,0.59,0.06,1.57
水晶光电,2016-12-16,10.17,10.3,10.43,10.08,86148,173155183.0,3.44,1.28,0.13,1.41
水晶光电,2016-12-19,10.3,10.09,10.36,10.08,75373,149939422.0,2.72,-2.04,-0.21,1.23
水晶光电,2016-12-20,10.12,10.1,10.2,10.01,69771,137721105.0,1.88,0.1,0.01,1.14
水晶光电,2016-12-21,10.11,10.17,10.21,10.07,68263,135270455.0,1.39,0.69,0.07,1.12
水晶光电,2016-12-22,10.17,10.04,10.17,9.99,70033,137828461.0,1.77,-1.28,-0.13,1.15
水晶光电,2016-12-23,10.63,10.36,11.03,10.25,285333,588115120.0,7.77,3.19,0.32,4.67
水晶光电,2016-12-26,10.53,10.72,10.75,10.24,217752,447748608.0,4.92,3.47,0.36,3.57
水晶光电,2016-12-27,10.63,10.53,10.73,10.41,176729,362084224.0,2.99,-1.77,-0.19,2.9
水晶光电,2016-12-28,10.65,10.24,10.65,10.24,110451,223406719.0,3.89,-2.75,-0.29,1.81
水晶光电,2016-12-29,10.36,10.13,10.36,10.11,85587,170602684.0,2.44,-1.07,-0.11,1.4
水晶光电,2016-12-30,10.07,10.18,10.41,10.05,118018,235557375.0,3.55,0.49,0.05,1.93
水晶光电,2017-01-03,10.25,10.29,10.35,10.23,75687,151878608.0,1.18,1.08,0.11,1.24
水晶光电,2017-01-04,10.28,10.34,10.37,10.2,94600,190436535.0,1.65,0.49,0.05,1.55
水晶光电,2017-01-05,10.34,10.41,10.61,10.32,115787,236340858.0,2.8,0.68,0.07,1.9
水晶光电,2017-01-06,10.41,10.18,10.42,10.17,95293,190654105.0,2.4,-2.21,-0.23,1.56
水晶光电,2017-01-09,10.18,10.4,10.54,10.1,109399,220656641.0,4.32,2.16,0.22,1.79
水晶光电,2017-01-10,10.36,10.33,10.5,10.29,71516,144694004.0,2.02,-0.67,-0.07,1.17
水晶光电,2017-01-11,10.3,10.18,10.38,10.18,66699,133931064.0,1.94,-1.45,-0.15,1.09
水晶光电,2017-01-12,10.15,10.16,10.28,10.09,48567,96614295.0,1.87,-0.2,-0.02,0.8
水晶光电,2017-01-13,10.16,9.79,10.19,9.78,79540,156460120.0,4.04,-3.64,-0.37,1.3
水晶光电,2017-01-16,9.79,8.97,9.84,8.65,180938,327214320.0,12.16,-8.38,-0.82,2.96
水晶光电,2017-01-17,8.97,9.1,9.11,8.7,92800,165568723.0,4.57,1.45,0.13,1.52
水晶光电,2017-01-18,9.14,8.97,9.18,8.93,69977,125590794.0,2.75,-1.43,-0.13,1.15
水晶光电,2017-01-19,8.88,8.82,8.98,8.79,72453,128113486.0,2.12,-1.67,-0.15,1.19
水晶光电,2017-01-20,8.82,9.12,9.21,8.82,101356,182525731.0,4.42,3.4,0.3,1.66
水晶光电,2017-01-23,9.36,9.2,9.36,9.17,76146,139438135.0,2.08,0.88,0.08,1.25
水晶光电,2017-01-24,9.2,9.02,9.22,8.99,51758,93461084.0,2.5,-1.96,-0.18,0.85
水晶光电,2017-01-25,9.0,9.05,9.13,8.95,37687,67863330.0,2.0,0.33,0.03,0.62
水晶光电,2017-01-26,9.08,9.17,9.21,9.08,58674,106637216.0,1.44,1.33,0.12,0.96
水晶光电,2017-02-03,9.17,9.13,9.18,9.06,40904,74148798.0,1.31,-0.44,-0.04,0.67
水晶光电,2017-02-06,9.1,9.26,9.28,9.08,59202,107740622.0,2.19,1.42,0.13,0.97
水晶光电,2017-02-07,9.24,9.15,9.27,9.1,56386,102773418.0,1.84,-1.19,-0.11,0.92
水晶光电,2017-02-08,9.14,9.31,9.37,9.11,91879,168251661.0,2.84,1.75,0.16,1.51
水晶光电,2017-02-09,9.31,9.53,9.65,9.27,174779,327844672.0,4.08,2.36,0.22,2.86
水晶光电,2017-02-10,9.53,9.37,9.57,9.35,82047,152696523.0,2.31,-1.68,-0.16,1.34
水晶光电,2017-02-13,9.36,9.82,9.87,9.31,157472,299514400.0,5.98,4.8,0.45,2.58
水晶光电,2017-02-14,9.88,10.36,10.53,9.82,330627,661117392.0,7.23,5.5,0.54,5.42
水晶光电,2017-02-15,10.24,10.23,10.46,10.14,171198,344127376.0,3.09,-1.25,-0.13,2.8
水晶光电,2017-02-16,10.23,10.34,10.37,10.17,122502,246120585.0,1.96,1.08,0.11,2.01
水晶光电,2017-02-17,10.33,10.18,10.38,10.05,133515,266439746.0,3.19,-1.55,-0.16,2.19
水晶光电,2017-02-20,10.2,10.56,10.68,10.18,216471,442934736.0,4.91,3.73,0.38,3.55
水晶光电,2017-02-21,10.57,10.78,11.1,10.55,242750,511965424.0,5.21,2.08,0.22,3.98
水晶光电,2017-02-22,10.78,11.46,11.63,10.78,353068,767852848.0,7.88,6.31,0.68,5.78
水晶光电,2017-02-23,11.78,11.55,12.14,11.31,372551,834518896.0,7.24,0.79,0.09,6.1
水晶光电,2017-02-24,11.5,11.61,11.9,11.28,198144,442122464.0,5.37,0.52,0.06,3.25
水晶光电,2017-02-27,11.62,11.63,11.93,11.59,195998,442012480.0,2.93,0.17,0.02,3.21
水晶光电,2017-02-28,11.58,11.29,11.68,11.2,208337,455731232.0,4.13,-2.92,-0.34,3.41
水晶光电,2017-03-01,11.28,11.3,11.55,11.25,170054,372893328.0,2.66,0.09,0.01,2.79
水晶光电,2017-03-02,11.33,11.73,11.83,11.19,259100,576750592.0,5.66,3.81,0.43,4.24
水晶光电,2017-03-03,11.66,11.69,11.81,11.55,168377,378073648.0,2.22,-0.34,-0.04,2.76
水晶光电,2017-03-06,11.6,12.11,12.11,11.6,229986,523289984.0,4.36,3.59,0.42,3.77
水晶光电,2017-03-07,12.02,12.08,12.15,11.86,180530,414992384.0,2.39,-0.25,-0.03,2.96
水晶光电,2017-03-08,12.02,11.26,12.14,11.19,290718,646950128.0,7.86,-6.79,-0.82,4.76
水晶光电,2017-03-09,11.21,11.3,11.49,11.04,186347,404015312.0,4.0,0.36,0.04,3.05
水晶光电,2017-03-10,11.25,11.18,11.4,11.15,100485,218428875.0,2.21,-1.06,-0.12,1.65
水晶光电,2017-03-13,11.18,11.59,11.62,11.07,183297,403571840.0,4.92,3.67,0.41,3.0
水晶光电,2017-03-14,11.65,11.51,11.69,11.3,123892,273464768.0,3.36,-0.69,-0.08,2.03
水晶光电,2017-03-15,11.51,11.62,11.69,11.37,123133,274012432.0,2.78,0.96,0.11,2.02
水晶光电,2017-03-16,11.83,11.6,11.9,11.44,172310,385057104.0,3.96,-0.17,-0.02,2.82
水晶光电,2017-03-17,11.56,11.19,11.6,11.18,166489,365637920.0,3.62,-3.53,-0.41,2.73
水晶光电,2017-03-20,11.18,11.26,11.31,11.07,126858,273768560.0,2.14,0.63,0.07,2.08
水晶光电,2017-03-21,11.24,11.28,11.36,11.13,86334,187369085.0,2.04,0.18,0.02,1.41
水晶光电,2017-03-22,11.26,11.76,11.78,11.15,246958,549104880.0,5.59,4.26,0.48,4.05
水晶光电,2017-03-23,11.72,11.92,12.0,11.59,241674,549277104.0,3.49,1.36,0.16,3.96
水晶光电,2017-03-24,11.94,12.47,12.57,11.94,401000,948355520.0,5.29,4.61,0.55,6.57
水晶光电,2017-03-27,12.52,12.33,12.54,12.14,217490,512099248.0,3.21,-1.12,-0.14,3.56
水晶光电,2017-03-28,12.36,12.24,12.54,12.2,159401,376699952.0,2.76,-0.73,-0.09,2.61
水晶光电,2017-03-29,12.21,12.25,12.61,12.14,202171,478496848.0,3.84,0.08,0.01,3.31
水晶光电,2017-03-30,12.2,11.86,12.2,11.7,162353,369950352.0,4.08,-3.18,-0.39,2.66
水晶光电,2017-03-31,11.77,11.84,12.09,11.6,114640,260895279.0,4.13,-0.17,-0.02,1.88
水晶光电,2017-04-05,11.78,11.96,12.19,11.78,121399,278987840.0,3.46,1.01,0.12,1.99
水晶光电,2017-04-06,11.9,11.62,11.9,11.51,185707,415450800.0,3.26,-2.84,-0.34,3.04
水晶光电,2017-04-07,11.62,11.72,11.87,11.56,111533,251259773.0,2.67,0.86,0.1,1.83
水晶光电,2017-04-10,11.73,11.76,12.01,11.67,117226,266467374.0,2.9,0.34,0.04,1.92
水晶光电,2017-04-11,11.69,11.63,11.81,11.38,118358,262844370.0,3.66,-1.11,-0.13,1.94
水晶光电,2017-04-12,11.53,11.41,11.59,11.4,88288,194716611.0,1.63,-1.89,-0.22,1.45
水晶光电,2017-04-13,11.28,11.28,11.52,11.22,74622,163031890.0,2.63,-1.14,-0.13,1.22
水晶光电,2017-04-14,11.28,10.94,11.4,10.84,81820,174678478.0,4.96,-3.01,-0.34,1.34
水晶光电,2017-04-17,10.89,11.08,11.27,10.89,74514,159730475.0,3.47,1.28,0.14,1.22
水晶光电,2017-04-18,11.13,11.26,11.39,11.01,72975,158827846.0,3.43,1.62,0.18,1.2
水晶光电,2017-04-19,11.24,10.63,11.28,10.57,143489,300801712.0,6.31,-5.6,-0.63,2.35
水晶光电,2017-04-20,10.63,10.82,10.95,10.57,112118,234153237.0,3.57,1.79,0.19,1.84
水晶光电,2017-04-21,10.72,10.48,10.9,10.47,80834,167344948.0,3.97,-3.14,-0.34,1.32
水晶光电,2017-04-24,10.53,10.23,10.56,10.17,98715,197751443.0,3.72,-2.39,-0.25,1.62
水晶光电,2017-04-25,10.23,10.2,10.42,10.19,69366,139279711.0,2.25,-0.29,-0.03,1.14
水晶光电,2017-04-26,10.31,10.49,10.59,10.15,107793,218579666.0,4.31,2.84,0.29,1.77
水晶光电,2017-04-27,10.43,10.69,10.8,10.15,117613,240087554.0,6.2,1.91,0.2,1.93
水晶光电,2017-04-28,10.63,10.74,10.88,10.59,78140,163183089.0,2.71,0.47,0.05,1.28
水晶光电,2017-05-02,10.82,10.91,11.05,10.72,94135,199272732.0,3.07,1.58,0.17,1.54
水晶光电,2017-05-03,10.94,10.91,10.99,10.31,100662,211465229.0,6.23,0.0,0.0,1.65
水晶光电,2017-05-04,10.92,10.99,11.13,10.66,85818,182856765.0,4.31,0.73,0.08,1.41
水晶光电,2017-05-05,10.98,11.04,11.34,10.98,123832,267505990.0,3.28,0.45,0.05,2.03
水晶光电,2017-05-08,10.98,11.14,11.39,10.97,123232,267264638.0,3.8,0.91,0.1,2.02
水晶光电,2017-05-09,11.16,11.11,11.32,10.89,99445,213537075.0,3.86,-0.27,-0.03,1.63
水晶光电,2017-05-10,11.19,10.97,11.28,10.89,96130,206477724.0,3.51,-1.26,-0.14,1.57
水晶光电,2017-05-11,10.98,10.57,10.98,10.24,120532,247769642.0,6.75,-3.65,-0.4,1.97
水晶光电,2017-05-12,10.55,10.76,10.84,10.51,64986,134935668.0,3.12,1.8,0.19,1.06
水晶光电,2017-05-15,10.78,11.18,11.22,10.78,102755,217725647.0,4.09,3.9,0.42,1.68
水晶光电,2017-05-16,11.16,11.73,11.76,11.07,177408,390557856.0,6.17,4.92,0.55,2.91
水晶光电,2017-05-17,11.65,11.73,11.87,11.58,134124,300319904.0,2.47,0.0,0.0,2.2
水晶光电,2017-05-18,11.65,11.55,11.84,11.52,74664,166554234.0,2.73,-1.53,-0.18,1.22
水晶光电,2017-05-19,11.59,11.3,11.62,11.18,82502,179712595.0,3.81,-2.16,-0.25,1.35
水晶光电,2017-05-22,11.3,11.25,11.47,11.1,80411,174119761.0,3.27,-0.44,-0.05,1.32
水晶光电,2017-05-23,11.14,10.71,11.31,10.68,89925,189872643.0,5.6,-4.8,-0.54,1.47
水晶光电,2017-05-24,10.7,10.76,10.88,10.52,105253,217562194.0,3.36,0.47,0.05,1.72
水晶光电,2017-05-25,10.76,10.56,10.81,10.17,148862,300146064.0,5.95,-1.86,-0.2,2.44
水晶光电,2017-05-26,10.48,10.22,10.63,10.18,135409,271735936.0,4.26,-3.22,-0.34,2.22
水晶光电,2017-05-31,10.39,10.41,10.48,10.3,72302,145824418.0,1.76,1.86,0.19,1.18
水晶光电,2017-06-01,10.37,9.87,10.39,9.78,99974,196757290.0,5.86,-5.19,-0.54,1.64
水晶光电,2017-06-02,9.84,10.02,10.14,9.47,85767,163988418.0,6.79,1.52,0.15,1.41
水晶光电,2017-06-05,10.07,10.3,10.47,9.99,83009,165965653.0,4.79,2.79,0.28,1.36
水晶光电,2017-06-06,10.28,10.4,10.5,10.28,62328,125888503.0,2.14,0.97,0.1,1.02
水晶光电,2017-06-07,10.39,10.65,10.72,10.34,96070,196643912.0,3.65,2.4,0.25,1.57
水晶光电,2017-06-08,10.65,10.57,10.69,10.45,63637,129938756.0,2.25,-0.75,-0.08,1.04
水晶光电,2017-06-09,10.58,10.4,10.59,10.28,81746,164596583.0,2.93,-1.61,-0.17,1.34
水晶光电,2017-06-12,10.31,10.23,10.33,10.17,78125,155412948.0,1.54,-1.63,-0.17,1.28
水晶光电,2017-06-13,10.18,10.41,10.44,10.1,89058,177549747.0,3.32,1.76,0.18,1.46
水晶光电,2017-06-14,10.33,10.31,10.36,10.25,42062,84109843.0,1.06,-0.96,-0.1,0.69
水晶光电,2017-06-15,10.29,10.53,10.56,10.25,72924,147922210.0,3.01,2.13,0.22,1.19
水晶光电,2017-06-16,10.51,10.43,10.57,10.38,56504,114448111.0,1.8,-0.95,-0.1,0.93
水晶光电,2017-06-19,10.41,10.63,10.67,10.4,73654,151012732.0,2.59,1.92,0.2,1.21
水晶光电,2017-06-20,10.66,10.98,11.02,10.65,148446,311035776.0,3.48,3.29,0.35,2.43
水晶光电,2017-06-21,11.03,10.97,11.08,10.77,78114,164542256.0,2.82,-0.09,-0.01,1.28
水晶光电,2017-06-22,11.04,10.46,11.11,10.45,98193,204240575.0,6.02,-4.65,-0.51,1.61
水晶光电,2017-06-23,10.46,10.49,10.66,10.3,63525,128853769.0,3.44,0.29,0.03,1.04
水晶光电,2017-06-26,10.49,10.76,10.81,10.44,88896,182631555.0,3.53,2.57,0.27,1.46
水晶光电,2017-06-27,10.77,10.7,11.01,10.63,84848,177357090.0,3.53,-0.56,-0.06,1.39
水晶光电,2017-06-28,10.64,10.6,10.82,10.55,53503,110086563.0,2.52,-0.93,-0.1,0.88
水晶光电,2017-06-29,10.69,10.85,10.85,10.6,66869,138538805.0,2.36,2.36,0.25,1.1
水晶光电,2017-06-30,10.84,10.68,10.84,10.62,80960,167087098.0,2.03,-1.57,-0.17,1.32
水晶光电,2017-07-03,10.62,10.94,10.99,10.62,103140,215519320.0,3.46,2.43,0.26,1.69
水晶光电,2017-07-04,10.98,11.05,11.13,10.82,137921,291471808.0,2.83,1.01,0.11,2.25
水晶光电,2017-07-05,11.05,11.02,11.09,10.87,87284,184496296.0,1.99,-0.27,-0.03,1.43
水晶光电,2017-07-06,11.07,11.24,11.46,11.07,192314,416142336.0,3.54,2.0,0.22,3.14
水晶光电,2017-07-07,11.23,11.78,11.84,11.23,255649,567531024.0,5.43,4.8,0.54,4.18
水晶光电,2017-07-10,11.84,11.5,11.84,11.4,165562,366501232.0,3.74,-2.38,-0.28,2.71
水晶光电,2017-07-11,11.32,10.92,11.42,10.81,177579,379951824.0,5.3,-5.04,-0.58,2.9
水晶光电,2017-07-12,10.88,11.17,11.21,10.66,139270,293073664.0,5.04,2.29,0.25,2.28
水晶光电,2017-07-13,11.17,11.18,11.28,11.04,73132,156855068.0,2.15,0.09,0.01,1.2
水晶光电,2017-07-14,11.25,11.13,11.44,11.05,106060,229640097.0,3.49,-0.45,-0.05,1.73
水晶光电,2017-07-17,10.99,10.57,11.01,10.21,139003,285086064.0,7.19,-5.03,-0.56,2.27
水晶光电,2017-07-18,10.36,10.69,10.78,10.36,98572,201504206.0,3.97,1.14,0.12,1.61
水晶光电,2017-07-19,10.69,11.12,11.16,10.55,120955,254366155.0,5.71,4.02,0.43,1.98
水晶光电,2017-07-20,11.12,11.21,11.33,11.01,138756,298410288.0,2.88,0.81,0.09,2.27
水晶光电,2017-07-21,11.15,11.12,11.35,11.07,69783,150077026.0,2.5,-0.8,-0.09,1.14
水晶光电,2017-07-24,11.11,11.32,11.47,11.02,96399,209686320.0,4.05,1.8,0.2,1.58
水晶光电,2017-07-25,11.37,11.52,11.78,11.37,195233,432465056.0,3.62,1.77,0.2,3.19
水晶光电,2017-07-26,11.44,11.51,11.55,11.11,133392,289563744.0,3.82,-0.09,-0.01,2.18
水晶光电,2017-07-27,11.43,12.01,12.06,11.37,226332,511239312.0,5.99,4.34,0.5,3.7
水晶光电,2017-07-28,12.01,11.76,12.09,11.75,145177,329199008.0,2.83,-2.08,-0.25,2.37
水晶光电,2017-07-31,11.85,12.08,12.2,11.61,179667,410650064.0,5.02,2.72,0.32,2.94
水晶光电,2017-08-01,12.05,11.95,12.35,11.89,147255,338619296.0,3.81,-1.08,-0.13,2.41
水晶光电,2017-08-02,12.19,12.02,12.37,11.83,155894,358528496.0,4.52,0.59,0.07,2.55
水晶光电,2017-08-03,12.02,11.55,12.12,11.39,198018,442206016.0,6.07,-3.91,-0.47,3.24
水晶光电,2017-08-04,11.53,11.55,11.69,11.41,104489,231001209.0,2.42,0.0,0.0,1.71
水晶光电,2017-08-07,11.5,11.52,11.71,11.46,70776,156795336.0,2.16,-0.26,-0.03,1.16
水晶光电,2017-08-08,11.49,11.62,11.7,11.47,79898,176973326.0,2.0,0.87,0.1,1.31
水晶光电,2017-08-09,11.57,11.55,11.76,11.5,78112,173733608.0,2.24,-0.6,-0.07,1.28
水晶光电,2017-08-10,11.55,12.07,12.21,11.52,270584,613519472.0,5.97,4.5,0.52,4.42
水晶光电,2017-08-11,11.95,11.89,12.26,11.84,206830,473458672.0,3.48,-1.49,-0.18,3.38
水晶光电,2017-08-14,11.94,12.56,12.62,11.94,307322,722663488.0,5.72,5.63,0.67,5.02
水晶光电,2017-08-15,12.57,12.55,12.76,12.37,224012,533057056.0,3.11,-0.08,-0.01,3.66
水晶光电,2017-08-16,12.5,12.68,12.89,12.42,233020,559705024.0,3.75,1.04,0.13,3.81
水晶光电,2017-08-17,12.53,12.55,12.61,12.23,184228,434270464.0,3.0,-1.03,-0.13,3.01
水晶光电,2017-08-18,12.39,12.38,12.63,12.34,106962,252618889.0,2.31,-1.35,-0.17,1.75
水晶光电,2017-08-21,12.37,12.49,12.57,12.3,105862,249872909.0,2.18,0.89,0.11,1.73
水晶光电,2017-08-22,12.42,12.18,12.46,12.13,131015,304746464.0,2.64,-2.48,-0.31,2.14
水晶光电,2017-08-23,12.2,12.17,12.34,12.05,79341,183935980.0,2.38,-0.08,-0.01,1.3
水晶光电,2017-08-24,12.24,12.04,12.3,11.96,133057,306599616.0,2.79,-1.07,-0.13,2.17
水晶光电,2017-08-25,11.99,12.48,12.49,11.99,133451,312229888.0,4.15,3.65,0.44,2.18
水晶光电,2017-08-28,12.43,12.72,12.95,12.43,211416,509038512.0,4.17,1.92,0.24,3.46
水晶光电,2017-08-29,12.89,12.91,13.35,12.79,310699,768586368.0,4.4,1.49,0.19,5.08
水晶光电,2017-08-30,13.32,14.35,14.35,13.32,542210,1417933952.0,7.98,11.15,1.44,8.86
水晶光电,2017-08-31,14.77,14.64,14.91,14.26,609611,1658856208.0,4.53,2.02,0.29,9.96
水晶光电,2017-09-01,14.85,14.89,15.02,14.28,543354,1482634272.0,5.05,1.71,0.25,8.88
水晶光电,2017-09-04,14.86,14.56,15.48,14.44,527983,1467325088.0,6.98,-2.22,-0.33,8.63
水晶光电,2017-09-05,14.44,14.55,14.65,14.09,340031,913177760.0,3.85,-0.07,-0.01,5.56
水晶光电,2017-09-06,14.41,14.65,14.69,14.22,291147,786756656.0,3.23,0.69,0.1,4.76
水晶光电,2017-09-07,14.89,14.33,15.22,14.25,420486,1156438944.0,6.62,-2.18,-0.32,6.87
水晶光电,2017-09-08,13.97,13.98,14.15,13.78,301178,788151120.0,2.58,-2.44,-0.35,4.92
水晶光电,2017-09-11,14.01,14.74,14.88,13.99,372097,1004142688.0,6.37,5.44,0.76,6.08
水晶光电,2017-09-12,14.68,15.39,15.68,14.62,515898,1467264624.0,7.19,4.41,0.65,8.43
水晶光电,2017-09-13,14.76,14.26,14.8,13.86,500032,1336910800.0,6.11,-7.34,-1.13,8.17
水晶光电,2017-09-14,14.2,13.9,14.5,13.8,305922,810681696.0,4.91,-2.52,-0.36,5.0
水晶光电,2017-09-15,13.96,14.2,14.34,13.78,217477,573406640.0,4.03,2.16,0.3,3.55
水晶光电,2017-09-18,14.03,14.26,14.33,13.8,162038,428151472.0,3.73,0.42,0.06,2.65
水晶光电,2017-09-19,14.26,13.89,14.52,13.75,241021,637738752.0,5.4,-2.59,-0.37,3.94
水晶光电,2017-09-20,13.92,13.58,14.01,13.43,290307,741458016.0,4.18,-2.23,-0.31,4.75
水晶光电,2017-09-21,13.59,13.6,14.01,13.52,179955,465035328.0,3.61,0.15,0.02,2.94
水晶光电,2017-09-22,13.55,13.25,13.55,13.15,151947,381630080.0,2.94,-2.57,-0.35,2.48
水晶光电,2017-09-25,13.3,12.86,13.36,12.83,171661,421835504.0,4.0,-2.94,-0.39,2.81
水晶光电,2017-09-26,12.94,13.11,13.11,12.75,126150,308533328.0,2.8,1.94,0.25,2.06
水晶光电,2017-09-27,13.14,13.55,13.62,13.11,169740,430011792.0,3.89,3.36,0.44,2.77
水晶光电,2017-09-28,13.59,13.43,13.77,13.4,93838,239038848.0,2.73,-0.89,-0.12,1.53
水晶光电,2017-09-29,13.41,13.58,13.82,13.36,109692,281577392.0,3.43,1.12,0.15,1.79
水晶光电,2017-10-09,13.75,13.98,14.08,13.56,158901,414510160.0,3.83,2.95,0.4,2.6
水晶光电,2017-10-10,13.97,13.91,14.11,13.66,132819,346071008.0,3.22,-0.5,-0.07,2.17
水晶光电,2017-10-11,13.85,13.38,13.87,13.37,139444,355527904.0,3.59,-3.81,-0.53,2.28
水晶光电,2017-10-12,13.35,13.4,13.7,13.34,100960,257110470.0,2.69,0.15,0.02,1.65
水晶光电,2017-10-13,13.43,14.51,14.78,13.41,391110,1044377600.0,10.22,8.28,1.11,6.39
水晶光电,2017-10-16,14.52,14.62,15.05,14.46,325137,891758544.0,4.07,0.76,0.11,5.31
水晶光电,2017-10-17,14.59,14.94,15.4,14.37,326847,914432736.0,7.05,2.19,0.32,5.34
水晶光电,2017-10-18,14.45,14.63,14.92,14.35,286926,782878080.0,3.82,-2.07,-0.31,4.69
水晶光电,2017-10-19,14.6,14.15,14.89,14.13,167777,454021488.0,5.19,-3.28,-0.48,2.74
水晶光电,2017-10-20,14.0,14.8,14.8,13.94,170344,458755760.0,6.08,4.59,0.65,2.78
水晶光电,2017-10-23,14.79,15.04,15.15,14.5,194203,540004736.0,4.39,1.62,0.24,3.17
水晶光电,2017-10-24,15.05,14.88,15.21,14.62,154767,430301296.0,3.92,-1.06,-0.16,2.53
水晶光电,2017-10-25,15.04,15.71,15.82,15.04,334224,961894416.0,5.24,5.58,0.83,5.46
水晶光电,2017-10-26,15.74,15.78,15.83,15.48,217812,632857072.0,2.23,0.45,0.07,3.56
水晶光电,2017-10-27,15.63,15.48,15.73,15.21,208574,599394048.0,3.3,-1.9,-0.3,3.41
水晶光电,2017-10-30,15.7,15.24,15.82,14.78,231793,658442336.0,6.72,-1.55,-0.24,3.79
水晶光电,2017-10-31,15.32,15.3,15.38,14.86,141608,398876960.0,3.41,0.39,0.06,2.31
水晶光电,2017-11-01,15.31,15.51,15.61,15.0,166524,476241504.0,3.99,1.37,0.21,2.72
水晶光电,2017-11-02,15.45,14.72,15.45,14.62,193035,536674032.0,5.35,-5.09,-0.79,3.16
水晶光电,2017-11-03,14.92,14.4,14.98,14.27,152090,414864352.0,4.82,-2.17,-0.32,2.49
水晶光电,2017-11-06,14.4,14.9,14.91,14.26,156393,425561904.0,4.51,3.47,0.5,2.56
水晶光电,2017-11-07,14.68,14.83,14.88,14.37,170208,463421776.0,3.42,-0.47,-0.07,2.78
水晶光电,2017-11-08,14.87,14.53,15.15,14.43,140189,387512528.0,4.86,-2.02,-0.3,2.29
水晶光电,2017-11-09,14.65,15.33,15.33,14.41,254786,705341184.0,6.33,5.51,0.8,4.16
水晶光电,2017-11-10,15.28,16.52,16.66,15.23,474576,1402107328.0,9.33,7.76,1.19,7.76
水晶光电,2017-11-13,16.41,16.75,16.75,16.07,278643,846442528.0,4.12,1.39,0.23,4.55
水晶光电,2017-11-14,16.66,16.05,16.66,15.75,297447,889116128.0,5.43,-4.18,-0.7,4.86
水晶光电,2017-11-15,16.22,16.17,16.28,15.57,223925,664886816.0,4.42,0.75,0.12,3.66
水晶光电,2017-11-16,16.05,16.0,16.15,15.6,203282,599185264.0,3.4,-1.05,-0.17,3.32
水晶光电,2017-11-17,15.86,14.85,15.97,14.74,260624,751474496.0,7.69,-7.19,-1.15,4.26
水晶光电,2017-11-20,14.52,15.24,15.34,14.21,177062,487242336.0,7.61,2.63,0.39,2.89
水晶光电,2017-11-21,15.07,15.04,15.3,14.67,171419,478260576.0,4.13,-1.31,-0.2,2.8
水晶光电,2017-11-22,15.04,14.56,15.2,14.28,208300,574530768.0,6.12,-3.19,-0.48,3.4
水晶光电,2017-11-23,14.62,13.66,14.62,13.66,231035,605054112.0,6.59,-6.18,-0.9,3.78
水晶光电,2017-11-24,13.62,13.81,14.0,13.51,104512,269730560.0,3.59,1.1,0.15,1.71
水晶光电,2017-11-27,13.75,13.7,14.05,13.41,106950,275889776.0,4.63,-0.8,-0.11,1.75
水晶光电,2017-11-28,13.62,13.92,14.15,13.62,96001,251472646.0,3.87,1.61,0.22,1.57
水晶光电,2017-11-29,13.96,13.93,14.35,13.7,132812,348876320.0,4.67,0.07,0.01,2.17
水晶光电,2017-11-30,13.75,13.5,13.84,13.26,151902,385361872.0,4.16,-3.09,-0.43,2.48
水晶光电,2017-12-01,13.38,13.58,13.95,13.34,110226,282677280.0,4.52,0.59,0.08,1.8
水晶光电,2017-12-04,13.57,13.72,13.97,13.44,121907,315593312.0,3.9,1.03,0.14,1.99
水晶光电,2017-12-05,13.56,12.88,13.79,12.56,259338,636817776.0,8.97,-6.12,-0.84,4.24
水晶光电,2017-12-06,12.99,13.19,13.24,12.68,140828,346070608.0,4.35,2.41,0.31,2.3
水晶光电,2017-12-07,13.2,13.17,13.41,13.07,123804,309459696.0,2.58,-0.15,-0.02,2.02
水晶光电,2017-12-08,13.08,13.78,13.88,13.08,193249,495765248.0,6.07,4.63,0.61,3.16
水晶光电,2017-12-11,13.7,14.02,14.1,13.62,148787,389408016.0,3.48,1.74,0.24,2.42
水晶光电,2017-12-12,13.94,13.85,14.27,13.66,128577,336303056.0,4.35,-1.21,-0.17,2.09
水晶光电,2017-12-13,13.86,13.88,13.95,13.32,144329,370355584.0,4.55,0.22,0.03,2.34
水晶光电,2017-12-14,13.79,13.6,13.79,13.23,177908,451820080.0,4.03,-2.02,-0.28,2.89
水晶光电,2017-12-15,13.48,13.44,13.72,13.33,93309,237276136.0,2.87,-1.18,-0.16,1.52
水晶光电,2017-12-18,13.47,13.43,13.63,13.23,60263,152669448.0,2.98,-0.07,-0.01,0.98
水晶光电,2017-12-19,13.45,13.68,13.82,13.44,94677,243420230.0,2.83,1.86,0.25,1.54
水晶光电,2017-12-20,13.7,13.14,13.7,12.88,168729,417969648.0,5.99,-3.95,-0.54,2.74
水晶光电,2017-12-21,13.16,13.28,13.43,12.82,106181,264316521.0,4.64,1.07,0.14,1.73
水晶光电,2017-12-22,13.28,13.04,13.37,12.94,91345,225637323.0,3.24,-1.81,-0.24,1.48
水晶光电,2017-12-25,13.04,12.26,13.06,12.08,215525,506357520.0,7.52,-5.98,-0.78,3.5
水晶光电,2017-12-26,12.14,12.62,12.79,12.08,118628,281844368.0,5.79,2.94,0.36,1.93
水晶光电,2017-12-27,12.55,12.14,12.56,12.05,156433,365246816.0,4.04,-3.8,-0.48,2.54
水晶光电,2017-12-28,12.12,12.44,12.52,12.08,118229,277731344.0,3.62,2.47,0.3,1.92
水晶光电,2017-12-29,12.5,12.43,12.66,12.31,77152,182225044.0,2.81,-0.08,-0.01,1.25
水晶光电,2018-01-02,12.49,12.59,12.69,12.1,104058,245584554.0,4.75,1.29,0.16,1.69
水晶光电,2018-01-03,12.63,12.82,12.97,12.46,126141,304730864.0,4.05,1.83,0.23,2.05
水晶光电,2018-01-04,12.76,12.7,12.97,12.62,107258,258936698.0,2.73,-0.94,-0.12,1.75
水晶光电,2018-01-05,12.72,12.39,12.76,12.39,80971,192348577.0,2.91,-2.44,-0.31,1.32
水晶光电,2018-01-08,12.42,12.28,12.47,12.08,122189,283549232.0,3.15,-0.89,-0.11,1.99
水晶光电,2018-01-09,12.28,12.6,12.6,12.25,90103,212105187.0,2.85,2.61,0.32,1.47
水晶光电,2018-01-10,12.6,11.86,12.6,11.63,293291,668410880.0,7.7,-5.87,-0.74,4.78
水晶光电,2018-01-11,11.83,11.82,11.89,11.38,143323,320699248.0,4.3,-0.34,-0.04,2.33
水晶光电,2018-01-12,11.84,11.5,11.85,11.49,107398,240175083.0,3.05,-2.71,-0.32,1.75
水晶光电,2018-01-15,11.55,10.98,11.57,10.89,186512,401084112.0,5.91,-4.52,-0.52,3.04
水晶光电,2018-01-16,11.04,10.68,11.11,10.53,160697,334986304.0,5.28,-2.73,-0.3,2.62
水晶光电,2018-01-17,10.72,11.39,11.55,10.44,227634,484272720.0,10.39,6.65,0.71,3.71
水晶光电,2018-01-18,11.26,11.08,11.39,11.04,107984,232349703.0,3.07,-2.72,-0.31,1.76
水晶光电,2018-01-19,11.08,10.97,11.3,10.89,84527,180907640.0,3.7,-0.99,-0.11,1.38
水晶光电,2018-01-22,10.95,11.15,11.24,10.54,116946,246515556.0,6.38,1.64,0.18,1.9
水晶光电,2018-01-23,11.16,10.85,11.16,10.81,93125,196657112.0,3.14,-2.69,-0.3,1.52
水晶光电,2018-01-24,11.02,11.14,11.27,10.84,139252,296897568.0,3.96,2.67,0.29,2.27
水晶光电,2018-01-25,11.07,11.19,11.52,11.04,151433,328979936.0,4.31,0.45,0.05,2.47
水晶光电,2018-01-26,11.18,10.75,11.36,10.72,165529,348858720.0,5.72,-3.93,-0.44,2.7
水晶光电,2018-01-29,10.76,10.54,10.86,10.46,144067,294702720.0,3.72,-1.95,-0.21,2.35
水晶光电,2018-01-30,10.51,10.49,10.67,10.37,77230,157258828.0,2.85,-0.47,-0.05,1.26
水晶光电,2018-01-31,10.43,10.44,10.56,10.32,88480,178746457.0,2.29,-0.48,-0.05,1.44
水晶光电,2018-02-01,10.44,10.28,10.59,10.23,108510,218693349.0,3.45,-1.53,-0.16,1.77
水晶光电,2018-02-02,10.3,10.59,10.72,10.07,150735,306822192.0,6.32,3.02,0.31,2.45
水晶光电,2018-02-05,10.36,10.15,10.45,10.11,122263,243006264.0,3.21,-4.15,-0.44,1.99
水晶光电,2018-02-06,9.73,9.36,10.13,9.25,146168,276155440.0,8.67,-7.78,-0.79,2.38
水晶光电,2018-02-07,9.65,9.19,9.71,8.87,120869,220710946.0,8.97,-1.82,-0.17,1.97
水晶光电,2018-02-08,9.19,9.59,9.66,9.13,113247,210797089.0,5.77,4.35,0.4,1.84
水晶光电,2018-02-09,9.32,9.57,9.86,9.21,178325,336232400.0,6.78,-0.21,-0.02,2.9
水晶光电,2018-02-12,9.72,9.8,9.9,9.47,153593,290919824.0,4.49,2.4,0.23,2.5
水晶光电,2018-02-13,9.77,9.7,10.0,9.68,102392,196763973.0,3.27,-1.02,-0.1,1.67
水晶光电,2018-02-14,9.73,9.63,9.83,9.51,50940,96079433.0,3.3,-0.72,-0.07,0.83
水晶光电,2018-02-22,9.79,10.07,10.08,9.73,90479,175479774.0,3.63,4.57,0.44,1.47
水晶光电,2018-02-23,10.06,9.89,10.12,9.88,102297,198877896.0,2.38,-1.79,-0.18,1.67
水晶光电,2018-02-26,9.97,10.8,10.88,9.93,231315,471319568.0,9.61,9.2,0.91,3.77
水晶光电,2018-02-27,10.62,10.94,11.15,10.62,241546,510117456.0,4.91,1.3,0.14,3.93
水晶光电,2018-02-28,10.86,10.87,11.16,10.71,153294,323889024.0,4.11,-0.64,-0.07,2.5
水晶光电,2018-03-01,10.8,11.05,11.08,10.72,119870,252980260.0,3.31,1.66,0.18,1.95
水晶光电,2018-03-02,10.93,10.84,11.28,10.8,149872,318840000.0,4.34,-1.9,-0.21,2.44
水晶光电,2018-03-05,10.89,11.13,11.14,10.84,97440,206681489.0,2.77,2.68,0.29,1.59
水晶光电,2018-03-06,11.16,11.31,11.39,11.07,136165,294483152.0,2.88,1.62,0.18,2.22
水晶光电,2018-03-07,11.22,10.97,11.31,10.91,108750,231414545.0,3.54,-3.01,-0.34,1.77
水晶光电,2018-03-08,10.95,10.92,11.2,10.78,114968,242062899.0,3.83,-0.46,-0.05,1.87
水晶光电,2018-03-09,10.82,11.25,11.31,10.81,207517,443192064.0,4.58,3.02,0.33,3.38
水晶光电,2018-03-12,11.36,11.52,11.87,11.36,248024,549694320.0,4.53,2.4,0.27,4.04
水晶光电,2018-03-13,11.46,11.69,11.89,11.43,199968,446854208.0,3.99,1.48,0.17,3.26
水晶光电,2018-03-14,11.63,11.23,11.63,11.21,172546,376718896.0,3.59,-3.93,-0.46,2.81
水晶光电,2018-03-15,11.26,11.04,11.35,10.79,155971,330746800.0,4.99,-1.69,-0.19,2.54
水晶光电,2018-03-16,11.02,11.37,11.59,10.86,213878,462922976.0,6.61,2.99,0.33,3.48
水晶光电,2018-03-19,11.33,11.39,11.55,11.04,171314,372773712.0,4.49,0.18,0.02,2.79
水晶光电,2018-03-20,11.2,11.21,11.3,10.99,113697,243840646.0,2.72,-1.58,-0.18,1.85
水晶光电,2018-03-21,11.2,11.16,11.5,11.13,155478,338897728.0,3.3,-0.45,-0.05,2.53
水晶光电,2018-03-22,11.18,10.91,11.32,10.9,116089,248419140.0,3.76,-2.24,-0.25,1.89
水晶光电,2018-03-23,10.26,9.66,10.26,9.66,327492,634619520.0,5.5,-11.46,-1.25,5.33
水晶光电,2018-03-26,9.46,9.86,9.88,9.03,156354,290935440.0,8.8,2.07,0.2,2.55
水晶光电,2018-03-27,10.0,10.24,10.36,10.0,170642,337840320.0,3.65,3.85,0.38,2.78
水晶光电,2018-03-28,9.99,10.05,10.16,9.9,123651,241665407.0,2.54,-1.86,-0.19,2.01
水晶光电,2018-03-29,10.05,10.07,10.21,10.02,85543,167787895.0,1.89,0.2,0.02,1.39
水晶光电,2018-03-30,10.13,10.4,10.4,10.13,131688,263678715.0,2.68,3.28,0.33,2.14
水晶光电,2018-04-02,10.9,10.73,11.36,10.6,299968,633354640.0,7.31,3.17,0.33,4.88
水晶光电,2018-04-03,10.42,10.54,10.59,10.2,201008,404320464.0,3.63,-1.77,-0.19,3.27
水晶光电,2018-04-04,10.54,10.3,10.58,10.25,142987,287640384.0,3.13,-2.28,-0.24,2.33
水晶光电,2018-04-09,10.2,9.95,10.35,9.92,129238,253949648.0,4.17,-3.4,-0.35,2.1
水晶光电,2018-04-10,9.98,10.01,10.08,9.82,112331,217635680.0,2.61,0.6,0.06,1.83
水晶光电,2018-04-11,10.07,10.05,10.2,10.02,91382,179593093.0,1.8,0.4,0.04,1.49
水晶光电,2018-04-12,10.15,10.11,10.28,10.02,100526,198405760.0,2.59,0.6,0.06,1.64
水晶光电,2018-04-13,10.17,10.07,10.21,9.98,71564,140552378.0,2.27,-0.4,-0.04,1.17
水晶光电,2018-04-16,9.95,9.95,10.04,9.81,74391,143923409.0,2.28,-1.19,-0.12,1.21
水晶光电,2018-04-17,10.12,9.86,10.3,9.75,94678,184685221.0,5.53,-0.9,-0.09,1.54
水晶光电,2018-04-18,9.93,10.01,10.03,9.59,112705,216272162.0,4.46,1.52,0.15,1.84
水晶光电,2018-04-19,10.0,9.9,10.05,9.84,119664,231982758.0,2.1,-1.1,-0.11,1.95
水晶光电,2018-04-20,9.95,9.46,10.03,9.36,155322,295132992.0,6.77,-4.44,-0.44,2.53
水晶光电,2018-04-23,9.48,9.18,9.49,9.07,98972,179634481.0,4.44,-2.96,-0.28,1.61
水晶光电,2018-04-24,9.23,9.44,9.47,9.12,93062,170783965.0,3.81,2.83,0.26,1.52
水晶光电,2018-04-25,9.4,9.72,9.75,9.3,121577,229278351.0,4.77,2.97,0.28,1.98
水晶光电,2018-04-26,9.67,9.29,9.72,9.26,85737,159932212.0,4.73,-4.42,-0.43,1.4
水晶光电,2018-04-27,9.35,9.49,9.63,9.35,67840,126558725.0,3.01,2.15,0.2,1.1
水晶光电,2018-05-02,9.52,9.88,9.95,9.52,122498,234715193.0,4.53,4.11,0.39,1.99
水晶光电,2018-05-03,9.88,10.07,10.08,9.66,130221,252111039.0,4.25,1.92,0.19,2.12
水晶光电,2018-05-04,10.14,9.92,10.28,9.92,116309,228474679.0,3.57,-1.49,-0.15,1.89
水晶光电,2018-05-07,9.95,10.1,10.18,9.92,97981,192646169.0,2.62,1.81,0.18,1.6
水晶光电,2018-05-08,10.11,10.32,10.39,9.99,158510,315607344.0,3.96,2.18,0.22,2.58
水晶光电,2018-05-09,10.45,10.3,10.45,10.21,96916,194070030.0,2.33,-0.19,-0.02,1.58
水晶光电,2018-05-10,10.3,10.33,10.39,10.14,88624,176587485.0,2.43,0.29,0.03,1.44
水晶光电,2018-05-11,10.45,10.55,10.62,10.34,175326,356942512.0,2.71,2.13,0.22,2.85
水晶光电,2018-05-14,10.46,10.55,10.84,10.46,133912,275856416.0,3.6,0.0,0.0,2.18
水晶光电,2018-05-15,10.5,10.32,10.55,10.15,106650,213052875.0,3.79,-2.18,-0.23,1.74
水晶光电,2018-05-16,10.28,10.08,10.29,10.07,100497,198168888.0,2.13,-2.33,-0.24,1.64
水晶光电,2018-05-17,10.12,10.06,10.26,10.04,68362,134895795.0,2.18,-0.2,-0.02,1.11
水晶光电,2018-05-18,10.04,10.02,10.17,9.97,70941,138824460.0,1.99,-0.4,-0.04,1.15
水晶光电,2018-05-21,10.31,10.47,10.59,10.26,148630,301207696.0,3.29,4.49,0.45,2.42
水晶光电,2018-05-22,10.48,10.65,10.75,10.46,141820,291246592.0,2.77,1.72,0.18,2.31
水晶光电,2018-05-23,10.72,10.41,10.74,10.38,113388,176511772.0,3.38,-2.25,-0.24,1.42
水晶光电,2018-05-24,10.37,10.3,10.53,10.22,87113,134262438.0,2.98,-1.06,-0.11,1.09
水晶光电,2018-05-25,10.2,10.12,10.3,10.01,79502,119981322.0,2.82,-1.75,-0.18,0.99
水晶光电,2018-05-28,10.11,10.23,10.35,9.99,77965,118766097.0,3.56,1.09,0.11,0.98
水晶光电,2018-05-29,10.27,10.34,10.42,10.22,88104,135359226.0,1.96,1.08,0.11,1.1
水晶光电,2018-05-30,10.07,9.68,10.1,9.67,119240,176064944.0,4.16,-6.38,-0.66,1.49
水晶光电,2018-05-31,9.8,9.68,9.94,9.5,93841,136488994.0,4.55,0.0,0.0,1.17
水晶光电,2018-06-01,9.68,9.4,9.68,9.29,71195,101148142.0,4.03,-2.89,-0.28,0.89
水晶光电,2018-06-04,9.46,9.58,9.65,9.34,54915,78620590.0,3.3,1.91,0.18,0.69
水晶光电,2018-06-05,9.68,10.69,10.69,9.67,443690,691035440.0,10.65,11.59,1.11,5.55
水晶光电,2018-06-06,11.04,11.16,11.4,10.93,609386,999459488.0,4.4,4.4,0.47,7.63
水晶光电,2018-06-07,11.21,11.07,11.34,10.97,321852,525624384.0,3.32,-0.81,-0.09,4.03
水晶光电,2018-06-08,11.05,10.94,11.18,10.76,292073,473499232.0,3.79,-1.17,-0.13,3.66
水晶光电,2018-06-11,11.0,10.85,11.18,10.8,254345,412651184.0,3.47,-0.82,-0.09,3.18
水晶光电,2018-06-12,10.97,10.88,11.02,10.39,252018,398976592.0,5.81,0.28,0.03,3.15
水晶光电,2018-06-13,10.76,10.5,10.81,10.46,151198,238020318.0,3.22,-3.49,-0.38,1.89
水晶光电,2018-06-14,10.49,10.31,10.64,10.16,173737,268396184.0,4.57,-1.81,-0.19,2.17
水晶光电,2018-06-15,10.3,10.04,10.43,9.82,180103,270218544.0,5.92,-2.62,-0.27,2.25
水晶光电,2018-06-19,9.64,8.89,9.87,8.89,308839,427455296.0,9.76,-11.45,-1.15,3.87
水晶光电,2018-06-20,8.76,8.54,8.95,8.07,289684,378913392.0,9.9,-3.94,-0.35,3.63
水晶光电,2018-06-21,8.55,7.82,8.6,7.77,232116,290586640.0,9.72,-8.43,-0.72,2.9
水晶光电,2018-06-22,7.73,8.0,8.09,7.44,156372,189359534.0,8.31,2.3,0.18,1.96
水晶光电,2018-06-25,8.1,7.81,8.25,7.77,163492,201866359.0,6.0,-2.38,-0.19,2.05
水晶光电,2018-06-26,7.56,8.17,8.24,7.47,150556,186055589.0,9.86,4.61,0.36,1.88
水晶光电,2018-06-27,8.27,7.99,8.28,7.88,112185,139348073.0,4.9,-2.2,-0.18,1.4
水晶光电,2018-06-28,8.03,8.05,8.4,8.0,123558,154688385.0,5.01,0.75,0.06,1.55
水晶光电,2018-06-29,8.16,8.43,8.49,8.03,138421,175589646.0,5.71,4.72,0.38,1.73
水晶光电,2018-07-02,8.37,8.17,8.48,8.02,90660,114734690.0,5.46,-3.08,-0.26,1.13
水晶光电,2018-07-03,8.27,8.17,8.34,7.85,167772,207814796.0,6.0,0.0,0.0,2.1
水晶光电,2018-07-04,8.15,7.74,8.15,7.63,140226,169670062.0,6.36,-5.26,-0.43,1.75
水晶光电,2018-07-05,7.69,7.42,7.87,7.42,122695,145368592.0,5.81,-4.13,-0.32,1.54
水晶光电,2018-07-06,7.46,7.56,7.76,7.2,138505,162665586.0,7.55,1.89,0.14,1.73
水晶光电,2018-07-09,7.54,8.14,8.22,7.54,192448,237177936.0,8.99,7.67,0.58,2.41
水晶光电,2018-07-10,8.14,8.17,8.23,8.03,122095,152370949.0,2.46,0.37,0.03,1.53
水晶光电,2018-07-11,7.9,7.99,8.07,7.71,120716,147049568.0,4.41,-2.2,-0.18,1.51
水晶光电,2018-07-12,8.0,8.74,8.89,8.0,301597,392037904.0,11.14,9.39,0.75,3.77
水晶光电,2018-07-13,8.68,8.67,8.74,8.55,139447,183238153.0,2.17,-0.8,-0.07,1.75
水晶光电,2018-07-16,8.67,8.68,8.8,8.6,101410,133712217.0,2.31,0.12,0.01,1.27
水晶光电,2018-07-17,8.68,8.6,8.72,8.3,140759,182319854.0,4.84,-0.92,-0.08,1.76
水晶光电,2018-07-18,8.6,8.29,8.64,8.27,115508,149090763.0,4.3,-3.6,-0.31,1.45
水晶光电,2018-07-19,8.36,8.37,8.47,8.24,103677,132724265.0,2.77,0.97,0.08,1.3
水晶光电,2018-07-20,8.37,8.51,8.55,8.31,92485,119495250.0,2.87,1.67,0.14,1.16
水晶光电,2018-07-23,8.44,8.73,8.78,8.37,150261,198136965.0,4.82,2.59,0.22,1.88
水晶光电,2018-07-24,8.77,8.84,8.9,8.59,163948,218739093.0,3.55,1.26,0.11,2.05
水晶光电,2018-07-25,8.84,8.66,8.89,8.57,114297,151569072.0,3.62,-2.04,-0.18,1.43
水晶光电,2018-07-26,8.66,8.4,8.66,8.3,121959,156752096.0,4.16,-3.0,-0.26,1.53
水晶光电,2018-07-27,8.37,8.17,8.37,8.1,89991,113286166.0,3.21,-2.74,-0.23,1.13
水晶光电,2018-07-30,8.07,7.93,8.24,7.78,105569,129523450.0,5.63,-2.94,-0.24,1.32
水晶光电,2018-07-31,7.84,7.87,7.95,7.8,78197,94824671.0,1.89,-0.76,-0.06,0.98
水晶光电,2018-08-01,7.99,7.76,8.1,7.76,112594,137428371.0,4.32,-1.4,-0.11,1.41
水晶光电,2018-08-02,7.74,7.34,7.77,7.07,137585,158415589.0,9.02,-5.41,-0.42,1.72
水晶光电,2018-08-03,7.33,7.21,7.43,7.21,58561,66967799.0,3.0,-1.77,-0.13,0.73
水晶光电,2018-08-06,7.14,7.17,7.37,7.06,67286,76028817.0,4.3,-0.55,-0.04,0.83
水晶光电,2018-08-07,7.24,7.53,7.53,7.21,94768,109037601.0,4.46,5.02,0.36,1.17
水晶光电,2018-08-08,7.5,7.34,7.52,7.28,63584,73339958.0,3.19,-2.52,-0.19,0.79
水晶光电,2018-08-09,7.36,7.57,7.68,7.34,156437,183579430.0,4.63,3.13,0.23,1.93
水晶光电,2018-08-10,7.53,7.54,7.63,7.44,109346,127596146.0,2.51,-0.4,-0.03,1.35
水晶光电,2018-08-13,7.39,7.57,7.57,7.24,121171,139134140.0,4.38,0.4,0.03,1.5
水晶光电,2018-08-14,7.44,7.31,7.47,7.23,105559,121018838.0,3.17,-3.43,-0.26,1.3
水晶光电,2018-08-15,7.3,7.15,7.39,7.13,90401,102186241.0,3.56,-2.19,-0.16,1.12
水晶光电,2018-08-16,7.07,7.08,7.19,6.94,83667,93066476.0,3.5,-0.98,-0.07,1.03
水晶光电,2018-08-17,7.18,6.91,7.28,6.91,96844,107501510.0,5.23,-2.4,-0.17,1.2
水晶光电,2018-08-20,6.91,6.97,7.02,6.51,101303,109048020.0,7.38,0.87,0.06,1.25
水晶光电,2018-08-21,6.93,7.07,7.17,6.85,101586,112418655.0,4.59,1.43,0.1,1.25
水晶光电,2018-08-22,7.1,6.87,7.18,6.81,88194,97254929.0,5.23,-2.83,-0.2,1.09
水晶光电,2018-08-23,6.91,7.25,7.37,6.91,190987,215174508.0,6.7,5.53,0.38,2.36
水晶光电,2018-08-24,7.24,7.28,7.36,7.11,130243,147977372.0,3.45,0.41,0.03,1.61
水晶光电,2018-08-27,7.34,7.5,7.57,7.32,146870,170824931.0,3.43,3.02,0.22,1.81
水晶光电,2018-08-28,7.47,7.56,7.68,7.46,144541,169864099.0,2.93,0.8,0.06,1.78
水晶光电,2018-08-29,7.52,7.51,7.64,7.47,86405,100976537.0,2.25,-0.66,-0.05,1.07
水晶光电,2018-08-30,7.49,7.44,7.58,7.37,107020,124451983.0,2.8,-0.93,-0.07,1.32
水晶光电,2018-08-31,7.38,7.36,7.53,7.35,82920,96081849.0,2.42,-1.08,-0.08,1.02
水晶光电,2018-09-03,7.38,7.58,7.58,7.19,129614,149878110.0,5.3,2.99,0.22,1.6
水晶光电,2018-09-04,7.57,7.59,7.65,7.4,159671,187047895.0,3.3,0.13,0.01,1.97
水晶光电,2018-09-05,7.58,7.35,7.6,7.34,111753,130265487.0,3.43,-3.16,-0.24,1.38
水晶光电,2018-09-06,7.3,7.33,7.48,7.2,109506,125402538.0,3.81,-0.27,-0.02,1.35
水晶光电,2018-09-07,7.41,7.64,7.81,7.37,237546,280548192.0,6.0,4.23,0.31,2.93
水晶光电,2018-09-10,7.57,6.77,7.59,6.73,300663,334291520.0,11.26,-11.39,-0.87,3.71
水晶光电,2018-09-11,6.68,6.78,6.87,6.57,118743,126434892.0,4.43,0.15,0.01,1.47
水晶光电,2018-09-12,6.75,6.74,6.85,6.7,76027,81428054.0,2.21,-0.59,-0.04,0.94
水晶光电,2018-09-13,6.94,6.87,7.07,6.7,116454,126308573.0,5.49,1.93,0.13,1.44
水晶光电,2018-09-14,6.85,6.61,6.88,6.54,135057,143037636.0,4.95,-3.78,-0.26,1.67
水晶光电,2018-09-17,6.53,6.47,6.57,6.46,64494,66881593.0,1.66,-2.12,-0.14,0.8
水晶光电,2018-09-18,6.41,6.62,6.62,6.4,73995,77042537.0,3.4,2.32,0.15,0.91
水晶光电,2018-09-19,6.64,6.77,6.87,6.64,124744,133688206.0,3.47,2.27,0.15,1.54
水晶光电,2018-09-20,6.8,6.68,6.81,6.66,80701,86081101.0,2.22,-1.33,-0.09,1.0
水晶光电,2018-09-21,6.74,6.84,6.85,6.64,137351,146946111.0,3.14,2.4,0.16,1.7
水晶光电,2018-09-25,6.74,6.76,6.83,6.71,67539,72374413.0,1.75,-1.17,-0.08,0.83
水晶光电,2018-09-26,6.76,6.8,6.88,6.74,103215,111108785.0,2.07,0.59,0.04,1.27
水晶光电,2018-09-27,6.8,6.54,6.8,6.47,136423,143250611.0,4.85,-3.82,-0.26,1.68
水晶光电,2018-09-28,6.54,6.53,6.6,6.34,156295,160871278.0,3.98,-0.15,-0.01,1.93
水晶光电,2018-10-08,6.37,6.2,6.39,6.17,112564,113711399.0,3.37,-5.05,-0.33,1.39
水晶光电,2018-10-09,6.22,6.23,6.32,6.17,71938,72155746.0,2.42,0.48,0.03,0.89
水晶光电,2018-10-10,6.27,6.1,6.3,5.97,127487,125824307.0,5.3,-2.09,-0.13,1.57
水晶光电,2018-10-11,5.76,5.35,5.85,5.35,183646,167502313.0,8.2,-12.3,-0.75,2.27
水晶光电,2018-10-12,5.29,5.14,5.29,4.81,192674,163811941.0,8.97,-3.93,-0.21,2.38
水晶光电,2018-10-15,5.14,4.98,5.24,4.97,116252,99845339.0,5.25,-3.11,-0.16,1.44
水晶光电,2018-10-16,5.04,4.9,5.13,4.84,86582,72483086.0,5.82,-1.61,-0.08,1.07
水晶光电,2018-10-17,5.15,5.11,5.18,4.92,128886,109383684.0,5.31,4.29,0.21,1.59
水晶光电,2018-10-18,5.07,5.14,5.34,4.96,172695,149499831.0,7.44,0.59,0.03,2.13
水晶光电,2018-10-19,5.02,5.46,5.51,5.0,221624,195913771.0,9.92,6.23,0.32,2.74
水晶光电,2018-10-22,5.58,6.04,6.09,5.49,295094,277428400.0,10.99,10.62,0.58,3.64
水晶光电,2018-10-23,5.95,5.74,5.97,5.71,191106,181234950.0,4.3,-4.97,-0.3,2.36
水晶光电,2018-10-24,5.74,5.76,5.83,5.63,136105,127580930.0,3.48,0.35,0.02,1.68
水晶光电,2018-10-25,5.6,6.02,6.03,5.46,192184,182269143.0,9.9,4.51,0.26,2.37
水晶光电,2018-10-26,6.06,6.01,6.24,5.92,153670,150688325.0,5.32,-0.17,-0.01,1.9
水晶光电,2018-10-29,6.04,5.86,6.11,5.82,108442,104722515.0,4.83,-2.5,-0.15,1.34
水晶光电,2018-10-30,5.91,6.13,6.21,5.77,171701,168011757.0,7.51,4.61,0.27,2.12
水晶光电,2018-10-31,6.18,6.14,6.2,6.04,137038,135715677.0,2.61,0.16,0.01,1.69
水晶光电,2018-11-01,6.24,6.13,6.4,6.13,188777,189145396.0,4.4,-0.16,-0.01,2.33
水晶光电,2018-11-02,6.3,6.45,6.45,6.26,237396,241975794.0,3.1,5.22,0.32,2.93
水晶光电,2018-11-05,6.4,6.34,6.48,6.14,213745,216588269.0,5.27,-1.71,-0.11,2.64
水晶光电,2018-11-06,6.27,6.22,6.27,6.08,126718,125796215.0,3.0,-1.89,-0.12,1.56
水晶光电,2018-11-07,6.16,6.28,6.44,6.16,143759,145533146.0,4.5,0.96,0.06,1.78
水晶光电,2018-11-08,6.37,6.14,6.4,6.08,120901,120958411.0,5.1,-2.23,-0.14,1.49
水晶光电,2018-11-09,6.13,6.07,6.2,6.06,82894,81987706.0,2.28,-1.14,-0.07,1.02
水晶光电,2018-11-12,6.06,6.36,6.37,6.06,178573,179924540.0,5.11,4.78,0.29,2.2
水晶光电,2018-11-13,6.2,6.35,6.44,6.16,177948,179978110.0,4.4,-0.16,-0.01,2.19
水晶光电,2018-11-14,6.39,6.32,6.45,6.3,147589,150666781.0,2.36,-0.47,-0.03,1.82
水晶光电,2018-11-15,6.37,6.67,6.7,6.33,258734,268543248.0,5.85,5.54,0.35,3.18
水晶光电,2018-11-16,6.71,6.79,6.9,6.52,298312,317264384.0,5.7,1.8,0.12,3.67
水晶光电,2018-11-19,6.76,7.09,7.18,6.7,317771,347426240.0,7.07,4.42,0.3,3.91
水晶光电,2018-11-20,7.07,6.5,7.07,6.5,316566,338399312.0,8.04,-8.32,-0.59,3.9
水晶光电,2018-11-21,6.39,6.54,6.6,6.33,123048,127353290.0,4.15,0.62,0.04,1.51
水晶光电,2018-11-22,6.51,6.59,6.7,6.5,121246,127787940.0,3.06,0.76,0.05,1.49
水晶光电,2018-11-23,6.57,6.23,6.64,6.22,160141,162468626.0,6.37,-5.46,-0.36,1.97
水晶光电,2018-11-26,6.27,6.2,6.44,6.13,107188,107413568.0,4.98,-0.48,-0.03,1.32
水晶光电,2018-11-27,6.28,6.25,6.35,6.17,85440,85996416.0,2.9,0.81,0.05,1.05
水晶光电,2018-11-28,6.25,6.56,6.59,6.14,146308,149104550.0,7.2,4.96,0.31,1.8
水晶光电,2018-11-29,6.57,6.26,6.59,6.25,111257,114218062.0,5.18,-4.57,-0.3,1.37
水晶光电,2018-11-30,6.24,6.34,6.41,6.12,95598,95716833.0,4.63,1.28,0.08,1.18
水晶光电,2018-12-03,6.6,6.64,6.7,6.54,181052,191051421.0,2.52,4.73,0.3,2.23
水晶光电,2018-12-04,6.63,6.66,6.68,6.54,112745,118846936.0,2.11,0.3,0.02,1.39
水晶光电,2018-12-05,6.47,6.53,6.61,6.43,94974,98687603.0,2.7,-1.95,-0.13,1.17
水晶光电,2018-12-06,6.46,6.29,6.47,6.26,103412,105205767.0,3.22,-3.68,-0.24,1.27
水晶光电,2018-12-07,6.28,6.34,6.41,6.28,55194,56080956.0,2.07,0.79,0.05,0.68
水晶光电,2018-12-10,6.27,6.21,6.33,6.2,62717,63034990.0,2.05,-2.05,-0.13,0.77
水晶光电,2018-12-11,6.23,6.24,6.31,6.17,56066,56099682.0,2.25,0.48,0.03,0.69
水晶光电,2018-12-12,6.27,6.14,6.31,6.11,79116,78826721.0,3.21,-1.6,-0.1,0.97
水晶光电,2018-12-13,6.2,6.3,6.34,6.17,77717,78185613.0,2.77,2.61,0.16,0.96
水晶光电,2018-12-14,6.25,6.09,6.29,6.05,72006,71566437.0,3.81,-3.33,-0.21,0.88
水晶光电,2018-12-17,6.09,6.09,6.14,5.94,46801,45730405.0,3.28,0.0,0.0,0.57
水晶光电,2018-12-18,6.03,6.07,6.1,5.9,51454,50044176.0,3.28,-0.33,-0.02,0.63
水晶光电,2018-12-19,6.1,5.98,6.1,5.97,31393,30636386.0,2.14,-1.48,-0.09,0.38
水晶光电,2018-12-20,5.97,6.09,6.13,5.94,50962,49935696.0,3.18,1.84,0.11,0.62
水晶光电,2018-12-21,6.07,6.07,6.13,6.01,35094,34415257.0,1.97,-0.33,-0.02,0.43
水晶光电,2018-12-24,6.04,6.18,6.21,6.04,39186,38863200.0,2.8,1.81,0.11,0.48
水晶光电,2018-12-25,6.1,6.07,6.14,5.75,70028,67737322.0,6.31,-1.78,-0.11,0.86
水晶光电,2018-12-26,6.08,6.09,6.25,6.08,66448,66007463.0,2.8,0.33,0.02,0.81
水晶光电,2018-12-27,6.24,5.95,6.24,5.94,53531,52735000.0,4.93,-2.3,-0.14,0.66
水晶光电,2018-12-28,5.97,5.88,6.06,5.87,44090,42515562.0,3.19,-1.18,-0.07,0.54
水晶光电,2019-01-02,5.89,5.92,5.99,5.88,39275,37807022.0,1.87,0.68,0.04,0.48
水晶光电,2019-01-03,5.91,5.8,6.0,5.79,51850,49714851.0,3.55,-2.03,-0.12,0.64
水晶光电,2019-01-04,5.76,6.02,6.04,5.68,69753,67028087.0,6.21,3.79,0.22,0.86
水晶光电,2019-01-07,6.07,6.17,6.18,6.05,72937,72090963.0,2.16,2.49,0.15,0.9
水晶光电,2019-01-08,6.06,6.11,6.19,6.04,57403,56654247.0,2.43,-0.97,-0.06,0.71
水晶光电,2019-01-09,6.14,6.23,6.37,6.1,117702,118341126.0,4.42,1.96,0.12,1.45
水晶光电,2019-01-10,6.24,6.2,6.29,6.17,57510,57586614.0,1.93,-0.48,-0.03,0.71
水晶光电,2019-01-11,6.2,6.08,6.28,5.97,115982,113746541.0,5.0,-1.94,-0.12,1.43
水晶光电,2019-01-14,6.07,6.01,6.14,6.0,46538,45453353.0,2.3,-1.15,-0.07,0.57
水晶光电,2019-01-15,6.0,6.1,6.1,5.96,67076,65512525.0,2.33,1.5,0.09,0.83
水晶光电,2019-01-16,6.08,5.97,6.14,5.97,67235,65681947.0,2.79,-2.13,-0.13,0.83
水晶光电,2019-01-17,5.97,5.87,6.02,5.85,63113,60636384.0,2.85,-1.68,-0.1,0.78
水晶光电,2019-01-18,5.87,5.92,5.97,5.79,67231,64219335.0,3.07,0.85,0.05,0.83
水晶光电,2019-01-21,5.95,5.9,5.97,5.85,65230,62603266.0,2.03,-0.34,-0.02,0.8
水晶光电,2019-01-22,5.9,5.88,5.97,5.85,57613,55277190.0,2.03,-0.34,-0.02,0.71
水晶光电,2019-01-23,5.84,5.82,5.89,5.8,43751,41517538.0,1.53,-1.02,-0.06,0.54
水晶光电,2019-01-24,5.84,5.86,5.92,5.76,82187,78196373.0,2.75,0.69,0.04,1.01
水晶光电,2019-01-25,5.85,5.94,5.98,5.78,117559,112757842.0,3.41,1.37,0.08,1.45
水晶光电,2019-01-28,5.98,5.87,6.02,5.87,67306,64911015.0,2.53,-1.18,-0.07,0.83
水晶光电,2019-01-29,5.84,5.57,5.87,5.34,106583,97755942.0,9.03,-5.11,-0.3,1.31
水晶光电,2019-01-30,5.53,5.52,5.69,5.51,49295,45352418.0,3.23,-0.9,-0.05,0.61
水晶光电,2019-01-31,5.56,5.58,5.7,5.54,55068,50722132.0,2.9,1.09,0.06,0.68
水晶光电,2019-02-01,5.7,5.88,5.89,5.62,70889,66958751.0,4.84,5.38,0.3,0.87
水晶光电,2019-02-11,5.88,6.44,6.44,5.87,223540,224262374.0,9.69,9.52,0.56,2.75
水晶光电,2019-02-12,6.44,6.45,6.5,6.34,198675,203833189.0,2.48,0.16,0.01,2.44
水晶光电,2019-02-13,6.47,6.88,7.17,6.44,425945,458682976.0,11.32,6.67,0.43,5.24
水晶光电,2019-02-14,6.8,6.8,6.86,6.66,243269,260257168.0,2.91,-1.16,-0.08,2.99
水晶光电,2019-02-15,6.79,6.76,6.97,6.68,193923,209446923.0,4.26,-0.59,-0.04,2.39
水晶光电,2019-02-18,6.84,7.1,7.11,6.7,308583,338123968.0,6.07,5.03,0.34,3.8
水晶光电,2019-02-19,7.08,6.9,7.2,6.81,325296,356784736.0,5.49,-2.82,-0.2,4.0
水晶光电,2019-02-20,6.98,6.87,7.08,6.72,215648,234070941.0,5.22,-0.43,-0.03,2.65
水晶光电,2019-02-21,6.84,7.15,7.47,6.8,532154,599379744.0,9.75,4.08,0.28,6.55
水晶光电,2019-02-22,7.22,7.73,7.74,7.11,456592,528306048.0,8.81,8.11,0.58,5.62
水晶光电,2019-02-25,7.84,8.43,8.59,7.76,554114,695333568.0,10.74,9.06,0.7,6.82
水晶光电,2019-02-26,8.34,8.2,8.43,7.99,401284,504004064.0,5.22,-2.73,-0.23,4.94
水晶光电,2019-02-27,8.14,8.04,8.26,7.84,279642,347157248.0,5.12,-1.95,-0.16,3.44
水晶光电,2019-02-28,8.03,8.04,8.13,7.84,201872,248609049.0,3.61,0.0,0.0,2.48
水晶光电,2019-03-01,8.07,7.95,8.1,7.76,210166,255125291.0,4.23,-1.12,-0.09,2.59
水晶光电,2019-03-04,8.14,8.62,8.83,8.03,569146,726853440.0,10.06,8.43,0.67,7.0
水晶光电,2019-03-05,8.41,8.8,8.82,8.31,399741,521306080.0,5.92,2.09,0.18,4.92
水晶光电,2019-03-06,8.87,8.64,8.99,8.41,367943,481932432.0,6.59,-1.82,-0.16,4.53
水晶光电,2019-03-07,8.6,8.7,8.78,8.3,389825,507150768.0,5.56,0.69,0.06,4.8
水晶光电,2019-03-08,8.37,9.22,9.71,8.24,837298,1157343632.0,16.9,5.98,0.52,10.3
水晶光电,2019-03-11,9.67,10.29,10.29,9.45,891149,1334794592.0,9.11,11.61,1.07,10.96
水晶光电,2019-03-12,10.48,10.25,10.48,9.91,545914,821511728.0,5.54,-0.39,-0.04,6.72
水晶光电,2019-03-13,10.22,9.21,10.22,9.08,668610,958092112.0,11.12,-10.15,-1.04,8.23
水晶光电,2019-03-14,9.07,8.88,9.23,8.66,317301,427940496.0,6.19,-3.58,-0.33,3.9
水晶光电,2019-03-15,9.0,9.26,9.28,8.93,337813,465142928.0,3.94,4.28,0.38,4.16
水晶光电,2019-03-18,9.27,9.49,9.49,9.0,288064,400325216.0,5.29,2.48,0.23,3.54
水晶光电,2019-03-19,9.37,9.31,9.47,9.24,186141,261373996.0,2.42,-1.9,-0.18,2.29
水晶光电,2019-03-20,9.25,9.12,9.25,8.76,230417,313677936.0,5.26,-2.04,-0.19,2.83
水晶光电,2019-03-21,9.14,9.65,9.82,9.14,480719,686712304.0,7.46,5.81,0.53,5.91
水晶光电,2019-03-22,9.65,9.74,9.8,9.24,386803,553230496.0,5.8,0.93,0.09,4.76
水晶光电,2019-03-25,9.41,9.42,9.94,9.32,307069,443350480.0,6.37,-3.29,-0.32,3.78
水晶光电,2019-03-26,9.45,9.09,9.62,9.07,209362,293020784.0,5.84,-3.5,-0.33,2.58
水晶光电,2019-03-27,9.34,9.37,9.5,8.85,243099,339182576.0,7.15,3.08,0.28,2.99
水晶光电,2019-03-28,9.28,9.1,9.52,9.07,222144,310372288.0,4.8,-2.88,-0.27,2.73
水晶光电,2019-03-29,9.03,9.53,9.62,8.9,316900,442880496.0,7.91,4.73,0.43,3.9
水晶光电,2019-04-01,9.56,10.13,10.49,9.56,453845,677015904.0,9.76,6.3,0.6,5.59
水晶光电,2019-04-02,10.19,9.9,10.22,9.84,302991,451970384.0,3.75,-2.27,-0.23,3.73
水晶光电,2019-04-03,9.74,10.04,10.13,9.71,282936,421032752.0,4.24,1.41,0.14,3.48
水晶光电,2019-04-04,10.05,9.92,10.27,9.84,273118,407085600.0,4.28,-1.2,-0.12,3.36
水晶光电,2019-04-08,9.95,9.53,10.02,9.4,280256,405093328.0,6.25,-3.93,-0.39,3.45
水晶光电,2019-04-09,9.53,9.61,9.81,9.37,139299,200231005.0,4.62,0.84,0.08,1.72
水晶光电,2019-04-10,9.45,9.45,9.57,9.2,193720,273047056.0,3.85,-1.66,-0.16,2.39
水晶光电,2019-04-11,9.47,9.03,9.49,9.0,205588,284612560.0,5.19,-4.44,-0.42,2.53
水晶光电,2019-04-12,8.91,8.7,8.91,8.41,342027,449580896.0,5.54,-3.65,-0.33,4.21
水晶光电,2019-04-15,8.8,8.89,9.34,8.8,279469,381966960.0,6.21,2.18,0.19,3.44
水晶光电,2019-04-16,8.75,9.14,9.18,8.59,198642,267973410.0,6.64,2.81,0.25,2.45
水晶光电,2019-04-17,9.18,9.07,9.37,9.05,233230,323342144.0,3.5,-0.77,-0.07,2.87
水晶光电,2019-04-18,9.14,9.0,9.17,8.93,103214,140966750.0,2.65,-0.77,-0.07,1.27
水晶光电,2019-04-19,8.93,9.14,9.21,8.9,136457,187239143.0,3.44,1.56,0.14,1.68
水晶光电,2019-04-22,9.25,8.95,9.27,8.91,126025,172218301.0,3.94,-2.08,-0.19,1.55
水晶光电,2019-04-23,8.98,8.85,9.08,8.68,141744,190501643.0,4.47,-1.12,-0.1,1.75
水晶光电,2019-04-24,8.9,9.29,9.34,8.85,245906,340081584.0,5.54,4.97,0.44,3.03
水晶光电,2019-04-25,9.22,8.9,9.34,8.9,184222,255050676.0,4.74,-4.2,-0.39,2.27
水晶光电,2019-04-26,8.9,8.98,9.24,8.8,154021,210924876.0,4.94,0.9,0.08,1.9
水晶光电,2019-04-29,8.95,8.34,9.04,8.29,163820,216280655.0,8.35,-7.13,-0.64,2.02
水晶光电,2019-04-30,8.34,8.87,9.06,8.34,186504,250200050.0,8.63,6.35,0.53,2.3
水晶光电,2019-05-06,8.45,7.99,8.68,7.84,264569,329685200.0,9.47,-9.92,-0.88,3.26
水晶光电,2019-05-07,8.0,7.97,8.11,7.67,163865,199528472.0,5.51,-0.25,-0.02,2.02
水晶光电,2019-05-08,7.76,7.79,8.04,7.68,83759,101658432.0,4.52,-2.26,-0.18,1.03
水晶光电,2019-05-09,7.74,7.6,7.88,7.58,84888,101434793.0,3.85,-2.44,-0.19,1.05
水晶光电,2019-05-10,7.83,8.05,8.07,7.58,169275,207163096.0,6.45,5.92,0.45,2.08
水晶光电,2019-05-13,7.97,7.67,8.07,7.6,157995,189787367.0,5.84,-4.72,-0.38,1.95
水晶光电,2019-05-14,7.42,7.54,7.75,7.42,76357,89992941.0,4.3,-1.69,-0.13,0.94
水晶光电,2019-05-15,7.69,7.77,7.79,7.55,111600,132577470.0,3.18,3.05,0.23,1.37
水晶光电,2019-05-16,7.74,7.74,7.8,7.59,90693,108072826.0,2.7,-0.39,-0.03,1.12
水晶光电,2019-05-17,7.76,7.24,7.9,7.14,164742,191566005.0,9.82,-6.46,-0.5,2.03
水晶光电,2019-05-20,7.26,7.19,7.3,6.7,160389,175918631.0,8.29,-0.69,-0.05,1.98
水晶光电,2019-05-21,7.1,7.3,7.45,7.07,106770,121941720.0,5.29,1.53,0.11,1.31
水晶光电,2019-05-22,7.34,7.26,7.42,7.13,85662,97336062.0,3.97,-0.55,-0.04,1.05
水晶光电,2019-05-23,7.14,7.04,7.21,6.87,110862,122091096.0,4.68,-3.03,-0.22,1.37
水晶光电,2019-05-24,7.0,6.9,7.1,6.84,86249,94424859.0,3.69,-1.99,-0.14,1.06
水晶光电,2019-05-27,6.99,7.18,7.2,6.87,116468,129696817.0,4.78,4.06,0.28,1.43
水晶光电,2019-05-28,7.21,7.11,7.26,7.04,91856,103162327.0,3.06,-0.97,-0.07,1.13
水晶光电,2019-05-29,7.1,7.17,7.27,7.05,75497,85173694.0,3.09,0.84,0.06,0.93
水晶光电,2019-05-30,7.18,7.1,7.18,6.93,70343,77780648.0,3.49,-0.98,-0.07,0.87
水晶光电,2019-05-31,7.1,7.06,7.18,7.03,64187,71516430.0,2.11,-0.56,-0.04,0.79
水晶光电,2019-06-03,7.06,7.22,7.34,6.87,110127,122980147.0,6.66,2.27,0.16,1.36
水晶光电,2019-06-04,7.17,6.97,7.17,6.9,94980,104645317.0,3.74,-3.46,-0.25,1.17
水晶光电,2019-06-05,7.1,6.97,7.12,6.88,61474,67679091.0,3.44,0.0,0.0,0.76
水晶光电,2019-06-06,6.96,6.8,6.96,6.74,68580,73869600.0,3.16,-2.44,-0.17,0.84
水晶光电,2019-06-10,6.86,6.87,6.96,6.76,61532,66804931.0,2.94,1.03,0.07,0.76
水晶光电,2019-06-11,6.92,7.28,7.34,6.81,132336,147944685.0,7.71,5.97,0.41,1.63
水晶光电,2019-06-12,7.28,7.17,7.35,7.14,90333,102090401.0,2.88,-1.51,-0.11,1.11
水晶光电,2019-06-13,7.1,7.3,7.34,7.1,84954,96246148.0,3.35,1.81,0.13,1.05
水晶光电,2019-06-14,7.28,7.07,7.28,7.02,81426,91124650.0,3.56,-3.15,-0.23,1.0
水晶光电,2019-06-17,7.1,7.08,7.12,6.94,64117,70974275.0,2.55,0.14,0.01,0.79
水晶光电,2019-06-18,7.07,6.98,7.11,6.94,52226,57711641.0,2.4,-1.41,-0.1,0.64
水晶光电,2019-06-19,7.25,7.44,7.57,7.14,219686,252785404.0,6.16,6.59,0.46,2.71
水晶光电,2019-06-20,7.42,7.51,7.68,7.29,148040,172673609.0,5.24,0.94,0.07,1.82
水晶光电,2019-06-21,7.57,7.65,7.87,7.5,163085,193671492.0,4.93,1.86,0.14,2.01
水晶光电,2019-06-24,7.65,7.48,7.66,7.44,87544,102125562.0,2.88,-2.22,-0.17,1.08
水晶光电,2019-06-25,7.46,7.36,7.5,7.2,84870,96984767.0,4.01,-1.6,-0.12,1.05
水晶光电,2019-06-26,7.27,7.3,7.44,7.24,79968,91506628.0,2.72,-0.82,-0.06,0.98
水晶光电,2019-06-27,7.37,7.6,7.72,7.34,173030,202845797.0,5.21,4.11,0.3,2.13
水晶光电,2019-06-28,7.57,7.44,7.59,7.3,94556,109192370.0,3.82,-2.11,-0.16,1.16
水晶光电,2019-07-01,7.76,8.24,8.32,7.74,335515,416827744.0,7.8,10.75,0.8,4.05
水晶光电,2019-07-02,8.19,8.14,8.37,8.09,182839,229679688.0,3.4,-1.21,-0.1,2.21
水晶光电,2019-07-03,8.13,8.03,8.26,7.94,142072,176392324.0,3.93,-1.35,-0.11,1.71
水晶光电,2019-07-04,8.04,8.09,8.22,7.98,100144,124271272.0,2.99,0.75,0.06,1.21
水晶光电,2019-07-05,8.04,8.09,8.17,7.96,73274,90798322.0,2.6,0.0,0.0,0.88
水晶光电,2019-07-08,8.04,7.71,8.04,7.63,123189,148185986.0,5.07,-4.7,-0.38,1.49
水晶光电,2019-07-09,7.73,7.67,7.83,7.6,70494,83978107.0,2.98,-0.52,-0.04,0.85
水晶光电,2019-07-10,7.81,8.07,8.09,7.74,184264,225421720.0,4.56,5.22,0.4,2.22
水晶光电,2019-07-11,8.12,7.9,8.18,7.86,167365,206824779.0,3.97,-2.11,-0.17,2.02
水晶光电,2019-07-12,7.84,7.85,7.97,7.8,82464,100204426.0,2.15,-0.63,-0.05,0.99
水晶光电,2019-07-15,7.81,8.06,8.15,7.57,163991,200224733.0,7.39,2.68,0.21,1.98
水晶光电,2019-07-16,8.14,7.99,8.14,7.91,70404,86799444.0,2.85,-0.87,-0.07,0.85
水晶光电,2019-07-17,8.0,8.51,8.74,7.93,322534,414393088.0,10.14,6.51,0.52,3.89
水晶光电,2019-07-18,8.52,8.39,8.6,8.37,166186,215025348.0,2.7,-1.41,-0.12,2.0
水晶光电,2019-07-19,8.44,8.54,8.62,8.44,115066,149564574.0,2.15,1.79,0.15,1.39
水晶光电,2019-07-22,8.57,8.54,8.91,8.17,179505,235403789.0,8.67,0.0,0.0,2.16
水晶光电,2019-07-23,8.5,8.91,8.97,8.46,184532,245633939.0,5.97,4.33,0.37,2.22
水晶光电,2019-07-24,9.0,9.24,9.75,9.0,443504,477998704.0,8.42,3.7,0.33,4.11
水晶光电,2019-07-25,9.4,9.4,9.6,9.21,463013,503665760.0,4.22,1.73,0.16,4.29
水晶光电,2019-07-26,9.25,9.57,9.59,9.22,277622,300174672.0,3.94,1.81,0.17,2.57
水晶光电,2019-07-29,9.65,9.59,9.88,9.48,305676,339361216.0,4.18,0.21,0.02,2.83
水晶光电,2019-07-30,9.9,9.8,10.4,9.68,403694,460234256.0,7.51,2.19,0.21,3.74
水晶光电,2019-07-31,9.87,10.12,10.24,9.68,354521,405059984.0,5.71,3.27,0.32,3.29
水晶光电,2019-08-01,9.98,9.96,10.1,9.6,295028,330906192.0,4.94,-1.58,-0.16,2.73
水晶光电,2019-08-02,9.55,9.45,9.57,9.1,383206,411575664.0,4.72,-5.12,-0.51,3.55
水晶光电,2019-08-05,9.34,9.47,9.78,9.34,240589,263975071.0,4.66,0.21,0.02,2.23
水晶光电,2019-08-06,9.1,9.33,9.45,8.98,234042,248646125.0,4.96,-1.48,-0.14,2.17
水晶光电,2019-08-07,9.5,9.13,9.59,9.07,179883,192183412.0,5.57,-2.14,-0.2,1.67
水晶光电,2019-08-08,9.29,9.2,9.31,8.8,219232,230582575.0,5.59,0.77,0.07,2.03
水晶光电,2019-08-09,9.29,9.01,9.43,8.98,197327,209603148.0,4.89,-2.07,-0.19,1.83
水晶光电,2019-08-12,9.21,9.79,9.85,9.06,450425,493083104.0,8.77,8.66,0.78,4.17
水晶光电,2019-08-13,9.72,9.68,9.77,9.37,271274,297767664.0,4.09,-1.12,-0.11,2.51
水晶光电,2019-08-14,10.1,9.75,10.36,9.71,454964,520065568.0,6.71,0.72,0.07,4.22
水晶光电,2019-08-15,9.35,9.88,10.11,9.28,257953,286602112.0,8.51,1.33,0.13,2.39
水晶光电,2019-08-16,9.81,10.87,11.0,9.81,682087,821042976.0,12.04,10.02,0.99,6.32
水晶光电,2019-08-19,10.8,11.22,11.44,10.73,583898,732126704.0,6.53,3.22,0.35,5.41
水晶光电,2019-08-20,11.09,10.93,11.28,10.77,377392,466168656.0,4.55,-2.58,-0.29,3.5
水晶光电,2019-08-21,10.97,11.0,11.13,10.73,346420,426517664.0,3.66,0.64,0.07,3.21
水晶光电,2019-08-22,11.0,10.74,11.05,10.58,305444,371765280.0,4.27,-2.36,-0.26,2.83
水晶光电,2019-08-23,10.81,10.66,10.89,10.51,314975,380094944.0,3.54,-0.74,-0.08,2.92
水晶光电,2019-08-26,10.5,10.76,11.08,10.43,340109,414708448.0,6.1,0.94,0.1,3.15
水晶光电,2019-08-27,10.85,11.28,11.55,10.85,416534,526641488.0,6.51,4.83,0.52,3.86
水晶光电,2019-08-28,11.17,10.94,11.27,10.9,268683,333353552.0,3.28,-3.01,-0.34,2.49
水晶光电,2019-08-29,10.96,10.79,11.01,10.68,187480,229416989.0,3.02,-1.37,-0.15,1.74
水晶光电,2019-08-30,10.9,10.48,10.9,10.28,294631,352783568.0,5.75,-2.87,-0.31,2.73
水晶光电,2019-09-02,10.43,10.97,11.07,10.32,302041,367180928.0,7.16,4.68,0.49,2.8
水晶光电,2019-09-03,10.92,11.58,11.58,10.92,411083,521853648.0,6.02,5.56,0.61,3.81
水晶光电,2019-09-04,11.49,11.45,11.61,11.01,355418,452055568.0,5.18,-1.12,-0.13,3.29
水晶光电,2019-09-05,11.6,11.75,12.28,11.43,542989,719767120.0,7.42,2.62,0.3,5.03
水晶光电,2019-09-06,11.8,11.64,12.14,11.3,390691,510599408.0,7.15,-0.94,-0.11,3.62
水晶光电,2019-09-09,11.78,12.05,12.23,11.61,503980,673183968.0,5.33,3.52,0.41,4.67
水晶光电,2019-09-10,11.9,12.08,12.4,11.6,507171,681772128.0,6.64,0.25,0.03,4.7
水晶光电,2019-09-11,12.11,11.66,12.19,11.62,306573,405499472.0,4.72,-3.48,-0.42,2.84
水晶光电,2019-09-12,11.8,11.84,11.94,11.51,282583,371380976.0,3.69,1.54,0.18,2.62
水晶光电,2019-09-16,11.91,12.67,13.04,11.73,710333,991630528.0,11.06,7.01,0.83,6.58
水晶光电,2019-09-17,12.75,12.9,13.03,12.44,614017,865982448.0,4.66,1.82,0.23,5.69
水晶光电,2019-09-18,12.89,13.83,13.86,12.6,741890,1087878224.0,9.77,7.21,0.93,6.88
水晶光电,2019-09-19,13.6,13.87,14.07,13.4,638922,969400752.0,4.84,0.29,0.04,5.92
水晶光电,2019-09-20,13.98,13.55,14.52,13.51,829657,1278438048.0,7.28,-2.31,-0.32,7.69
水晶光电,2019-09-23,13.53,14.05,14.05,13.04,697132,1049614816.0,7.45,3.69,0.5,6.46
水晶光电,2019-09-24,14.1,14.49,14.82,13.76,687152,1083474880.0,7.54,3.13,0.44,6.37
水晶光电,2019-09-25,14.22,13.6,14.29,13.27,599819,907625200.0,7.04,-6.14,-0.89,5.56
水晶光电,2019-09-26,13.66,13.51,13.83,13.0,551998,821013904.0,6.1,-0.66,-0.09,5.12
水晶光电,2019-09-27,13.63,14.85,15.0,13.63,1154513,1844852688.0,10.14,9.92,1.34,10.7
水晶光电,2019-09-30,14.5,13.27,14.53,13.23,966939,1447664608.0,8.75,-10.64,-1.58,8.93
水晶光电,2019-10-08,13.27,12.61,13.51,12.51,596884,855770752.0,7.54,-4.97,-0.66,5.51
水晶光电,2019-10-09,12.63,12.75,12.83,12.22,454866,633580160.0,4.84,1.11,0.14,4.2
水晶光电,2019-10-10,12.66,13.79,14.16,12.61,651613,964012880.0,12.16,8.16,1.04,6.02
水晶光电,2019-10-11,13.86,13.86,14.28,13.43,542446,829016176.0,6.16,0.51,0.07,5.01
水晶光电,2019-10-14,14.35,14.6,14.7,14.08,663123,1050909072.0,4.47,5.34,0.74,6.12
水晶光电,2019-10-15,13.66,13.5,14.2,13.06,747093,1118125248.0,7.81,-7.53,-1.1,6.9
水晶光电,2019-10-16,13.5,13.39,13.53,12.91,261257,383459648.0,4.59,-0.81,-0.11,2.41
水晶光电,2019-10-17,13.4,13.61,14.08,13.23,355776,536074864.0,6.35,1.64,0.22,3.28
水晶光电,2019-10-18,13.49,12.61,13.54,12.61,397565,571546160.0,6.83,-7.35,-1.0,3.67
水晶光电,2019-10-21,12.62,12.75,12.86,12.02,270743,377248032.0,6.66,1.11,0.14,2.5
水晶光电,2019-10-22,12.95,13.03,13.32,12.64,332622,479517616.0,5.33,2.2,0.28,3.07
水晶光电,2019-10-23,12.93,12.86,13.01,12.46,261651,370529408.0,4.22,-1.3,-0.17,2.42
水晶光电,2019-10-24,12.8,12.94,12.97,12.58,162992,231644317.0,3.03,0.62,0.08,1.5
水晶光电,2019-10-25,12.87,13.53,13.58,12.6,332579,483247984.0,7.57,4.56,0.59,3.07
水晶光电,2019-10-28,13.34,14.04,14.23,13.3,416334,632443488.0,6.87,3.77,0.51,3.84
水晶光电,2019-10-29,13.38,13.16,13.62,12.98,528517,775833648.0,4.56,-6.27,-0.88,4.88
水晶光电,2019-10-30,13.01,13.6,13.62,12.96,299317,443494400.0,5.02,3.34,0.44,2.76
水晶光电,2019-10-31,13.55,13.56,14.18,13.31,358284,542614592.0,6.4,-0.29,-0.04,3.31
水晶光电,2019-11-01,13.52,13.51,13.66,13.26,250324,371823040.0,2.95,-0.37,-0.05,2.31
水晶光电,2019-11-04,13.5,14.04,14.2,13.35,428155,655835360.0,6.29,3.92,0.53,3.95
水晶光电,2019-11-05,14.04,14.5,14.51,13.89,403649,631798576.0,4.42,3.28,0.46,3.73
水晶光电,2019-11-06,14.39,14.46,14.56,14.18,306601,483847648.0,2.62,-0.28,-0.04,2.83
水晶光电,2019-11-07,14.35,13.72,14.54,13.53,540348,828364160.0,6.98,-5.12,-0.74,4.99
水晶光电,2019-11-08,13.87,13.49,14.07,13.46,458419,694906496.0,4.45,-1.68,-0.23,4.23
水晶光电,2019-11-11,13.2,12.92,13.42,12.85,346518,503542624.0,4.23,-4.23,-0.57,3.2
水晶光电,2019-11-12,12.9,13.08,13.16,12.68,279768,400803456.0,3.72,1.24,0.16,2.58
水晶光电,2019-11-13,13.1,13.3,13.43,12.85,296927,433317056.0,4.43,1.68,0.22,2.74
水晶光电,2019-11-14,13.35,13.75,13.81,13.19,457334,682841328.0,4.66,3.38,0.45,4.22
水晶光电,2019-11-15,13.48,13.37,14.05,13.33,445518,673119440.0,5.24,-2.76,-0.38,4.11
水晶光电,2019-11-18,12.88,12.34,13.12,12.05,768523,1064190992.0,8.0,-7.7,-1.03,7.09
水晶光电,2019-11-19,12.39,12.42,12.55,12.07,538215,736628368.0,3.89,0.65,0.08,4.97
水晶光电,2019-11-20,12.38,12.29,12.64,12.24,328528,453013792.0,3.22,-1.05,-0.13,3.03
水晶光电,2019-11-21,12.14,12.24,12.29,11.8,285162,384701680.0,3.99,-0.41,-0.05,2.63
水晶光电,2019-11-22,12.19,11.63,12.35,11.26,563941,744166752.0,8.91,-4.98,-0.61,5.2
水晶光电,2019-11-25,11.63,11.32,11.63,11.17,296918,378935136.0,3.96,-2.67,-0.31,2.74
水晶光电,2019-11-26,11.45,11.31,11.71,11.29,278929,358328016.0,3.71,-0.09,-0.01,2.57
水晶光电,2019-11-27,11.31,11.66,11.94,11.21,379199,494835872.0,6.45,3.09,0.35,3.5
水晶光电,2019-11-28,11.55,11.96,12.15,11.52,447223,597162416.0,5.4,2.57,0.3,4.13
水晶光电,2019-11-29,12.0,11.87,12.02,11.58,297721,393767936.0,3.68,-0.75,-0.09,2.75
水晶光电,2019-12-02,11.87,12.09,12.24,11.77,327419,439707056.0,3.96,1.85,0.22,3.02
水晶光电,2019-12-03,11.89,12.07,12.17,11.81,302745,405948160.0,2.98,-0.17,-0.02,2.79
水晶光电,2019-12-04,11.98,12.07,12.26,11.89,242875,327777392.0,3.07,0.0,0.0,2.24
水晶光电,2019-12-05,12.19,12.9,13.15,12.19,802648,1140442384.0,7.95,6.88,0.83,7.4
水晶光电,2019-12-06,13.2,14.33,14.33,13.2,1102712,1684078416.0,8.76,11.09,1.43,10.17
水晶光电,2019-12-09,15.12,15.18,15.59,14.69,1414579,2328665040.0,6.28,5.93,0.85,13.05
水晶光电,2019-12-10,15.1,15.83,16.08,14.82,1442126,2422772528.0,8.3,4.28,0.65,13.3
水晶光电,2019-12-11,15.6,15.27,15.72,14.9,1177724,1964836736.0,5.18,-3.54,-0.56,10.86
水晶光电,2019-12-12,15.21,15.16,15.78,14.94,1137169,1906958656.0,5.5,-0.72,-0.11,10.49
水晶光电,2019-12-13,15.45,15.95,16.45,15.1,1351518,2328195952.0,8.91,5.21,0.79,12.44
水晶光电,2019-12-16,16.15,16.76,16.93,15.92,1220008,2175491536.0,6.33,5.08,0.81,10.96
水晶光电,2019-12-17,16.48,16.2,16.48,15.79,1303694,2286604944.0,4.12,-3.34,-0.56,11.72
水晶光电,2019-12-18,16.01,16.37,16.57,15.64,1221859,2137624784.0,5.74,1.05,0.17,10.98
水晶光电,2019-12-19,16.31,15.39,16.31,15.27,1002802,1728902448.0,6.35,-5.99,-0.98,9.01
水晶光电,2019-12-20,15.26,15.38,15.7,15.03,808629,1356519152.0,4.35,-0.06,-0.01,7.26
水晶光电,2019-12-23,15.18,15.04,15.72,15.0,622117,1040077568.0,4.68,-2.21,-0.34,5.59
水晶光电,2019-12-24,15.21,15.4,15.45,14.8,545636,904953072.0,4.32,2.39,0.36,4.9
水晶光电,2019-12-25,15.23,15.48,15.71,15.15,593137,1000831216.0,3.64,0.52,0.08,5.33
水晶光电,2019-12-26,15.45,15.65,16.06,15.3,699385,1197896624.0,4.91,1.1,0.17,6.28
水晶光电,2019-12-27,15.6,14.56,15.65,14.55,901112,1484920816.0,7.03,-6.96,-1.09,8.09
水晶光电,2019-12-30,14.26,14.82,14.91,13.94,530498,847173264.0,6.66,1.79,0.26,4.76
水晶光电,2019-12-31,14.8,14.76,15.02,14.49,380401,613824944.0,3.58,-0.4,-0.06,3.41
水晶光电,2020-01-02,14.93,15.27,15.57,14.6,634478,1055320160.0,6.57,3.46,0.51,5.68
水晶光电,2020-01-03,15.27,15.2,15.46,15.01,428420,710924928.0,2.95,-0.46,-0.07,3.84
水晶光电,2020-01-06,15.05,15.49,15.79,14.77,682277,1144537712.0,6.71,1.91,0.29,6.11
水晶光电,2020-01-07,15.5,15.24,15.5,15.0,520311,863131904.0,3.23,-1.61,-0.25,4.66
水晶光电,2020-01-08,15.0,14.44,15.0,14.43,660917,1063595088.0,3.74,-5.25,-0.8,5.92
水晶光电,2020-01-09,14.75,15.05,15.14,14.66,585303,956788864.0,3.32,4.22,0.61,5.24
水晶光电,2020-01-10,15.18,15.27,15.57,15.12,619470,1036571840.0,2.99,1.46,0.22,5.55
水晶光电,2020-01-13,15.11,15.79,15.85,15.0,732820,1241704352.0,5.57,3.41,0.52,6.56
水晶光电,2020-01-14,15.83,15.36,15.93,15.36,564399,958303328.0,3.61,-2.72,-0.43,5.05
水晶光电,2020-01-15,15.35,15.67,15.73,15.02,649710,1094939216.0,4.62,2.02,0.31,5.82
水晶光电,2020-01-16,15.55,15.81,16.07,15.31,875570,1499494256.0,4.85,0.89,0.14,7.84
水晶光电,2020-01-17,15.86,15.32,15.87,15.23,576134,975787168.0,4.05,-3.1,-0.49,5.16
水晶光电,2020-01-20,15.25,16.24,16.32,14.88,958091,1648692928.0,9.4,6.01,0.92,8.58
水晶光电,2020-01-21,16.24,16.24,16.44,15.95,695540,1224281872.0,3.02,0.0,0.0,6.23
水晶光电,2020-01-22,15.96,16.68,16.84,15.47,945427,1662193360.0,8.44,2.71,0.44,8.46
水晶光电,2020-01-23,16.2,15.23,16.56,14.87,946694,1621283952.0,10.13,-8.69,-1.45,8.48
水晶光电,2020-02-03,13.57,13.57,13.57,13.57,70345,105306465.0,0.0,-10.9,-1.66,0.63
水晶光电,2020-02-04,12.2,13.1,13.62,12.2,941665,1365859920.0,10.46,-3.46,-0.47,8.43
水晶光电,2020-02-05,13.1,13.3,13.85,13.08,687238,1022412752.0,5.88,1.53,0.2,6.15
水晶光电,2020-02-06,13.28,13.5,13.64,13.04,602252,887739536.0,4.51,1.5,0.2,5.39
水晶光电,2020-02-07,13.39,13.95,14.03,13.2,766918,1153310256.0,6.15,3.33,0.45,6.87
水晶光电,2020-02-10,13.57,13.7,13.9,13.46,582600,877485072.0,3.15,-1.79,-0.25,5.22
水晶光电,2020-02-11,13.82,14.31,14.75,13.68,857170,1333588848.0,7.81,4.45,0.61,7.67
水晶光电,2020-02-12,14.15,14.5,14.75,13.98,691454,1090894832.0,5.38,1.33,0.19,5.91
水晶光电,2020-02-13,14.48,14.5,14.81,14.19,643179,1024312576.0,4.28,0.0,0.0,5.45
水晶光电,2020-02-14,14.5,15.56,15.65,14.38,1037134,1711913280.0,8.76,7.31,1.06,8.79
水晶光电,2020-02-17,15.93,15.9,16.06,15.42,940793,1616180224.0,4.11,2.19,0.34,7.97
水晶光电,2020-02-18,16.16,17.13,17.48,15.97,1047809,1904610160.0,9.5,7.74,1.23,8.88
水晶光电,2020-02-19,16.81,16.5,17.26,16.46,937577,1712760240.0,4.67,-3.68,-0.63,7.94
水晶光电,2020-02-20,16.68,16.98,17.1,16.38,785809,1431193392.0,4.36,2.91,0.48,6.66
水晶光电,2020-02-21,17.01,17.22,17.66,16.88,998077,1861549904.0,4.59,1.41,0.24,8.46
水晶光电,2020-02-24,16.96,17.93,18.18,16.85,1087723,2065127728.0,7.72,4.12,0.71,9.22
水晶光电,2020-02-25,17.27,18.8,19.25,16.63,1412984,2736847200.0,14.61,4.85,0.87,11.97
水晶光电,2020-02-26,18.48,17.66,19.67,17.55,1337252,2684568528.0,11.28,-6.06,-1.14,11.33
水晶光电,2020-02-27,17.9,17.3,17.97,16.81,774291,1461798304.0,6.57,-2.04,-0.36,6.56
水晶光电,2020-02-28,16.3,15.75,16.82,15.67,919561,1616050464.0,6.65,-8.96,-1.55,7.79
水晶光电,2020-03-02,16.17,16.2,16.49,15.55,701735,1226219408.0,5.97,2.86,0.45,5.95
水晶光电,2020-03-03,16.56,16.28,17.19,16.15,741731,1344113360.0,6.42,0.49,0.08,6.28
水晶光电,2020-03-04,16.0,15.84,16.37,15.38,615821,1062321008.0,6.08,-2.7,-0.44,5.22
水晶光电,2020-03-05,16.27,15.87,16.36,15.48,579627,997488752.0,5.56,0.19,0.03,4.91
水晶光电,2020-03-06,15.57,15.53,15.84,15.45,406434,690742816.0,2.46,-2.14,-0.34,3.44
水晶光电,2020-03-09,15.09,13.88,15.09,13.85,895421,1410009952.0,7.98,-10.62,-1.65,7.59
水晶光电,2020-03-10,13.63,14.78,14.78,13.63,630181,987386544.0,8.29,6.48,0.9,5.34
水晶光电,2020-03-11,14.92,14.35,15.15,14.31,520335,838581840.0,5.68,-2.91,-0.43,4.41
水晶光电,2020-03-12,14.0,13.95,14.25,13.8,452134,697783696.0,3.14,-2.79,-0.4,3.83
水晶光电,2020-03-13,13.1,13.8,14.17,12.9,488425,731433568.0,9.1,-1.08,-0.15,4.14
水晶光电,2020-03-16,13.99,12.5,13.99,12.31,768846,1111381200.0,12.17,-9.42,-1.3,6.51
水晶光电,2020-03-17,12.75,12.76,12.98,12.1,536850,752358752.0,7.04,2.08,0.26,4.55
水晶光电,2020-03-18,12.94,12.58,13.32,12.56,496777,712643520.0,5.96,-1.41,-0.18,4.21
水晶光电,2020-03-19,12.72,13.12,13.15,12.46,537574,764484704.0,5.48,4.29,0.54,4.55
水晶光电,2020-03-20,13.25,12.99,13.3,12.66,398791,573414176.0,4.88,-0.99,-0.13,3.38
水晶光电,2020-03-23,12.5,11.93,12.6,11.68,560534,760296368.0,7.08,-8.16,-1.06,4.75
水晶光电,2020-03-24,12.24,12.08,12.3,11.63,415211,556855264.0,5.62,1.26,0.15,3.52
水晶光电,2020-03-25,12.46,12.83,12.9,12.34,666828,938761664.0,4.64,6.21,0.75,5.65
水晶光电,2020-03-26,12.74,12.4,12.74,12.29,379005,525969392.0,3.51,-3.35,-0.43,3.21
水晶光电,2020-03-27,12.75,12.31,12.79,12.3,316155,439267520.0,3.95,-0.73,-0.09,2.68
水晶光电,2020-03-30,12.0,11.84,12.08,11.55,379114,499162752.0,4.31,-3.82,-0.47,3.21
水晶光电,2020-03-31,12.05,11.9,12.18,11.74,231835,309464736.0,3.72,0.51,0.06,1.96
水晶光电,2020-04-01,11.87,12.07,12.35,11.72,388122,525359280.0,5.29,1.43,0.17,3.29
水晶光电,2020-04-02,11.95,12.74,12.78,11.89,539052,746048128.0,7.37,5.55,0.67,4.57
水晶光电,2020-04-03,12.6,12.56,12.74,12.42,324150,453015056.0,2.51,-1.41,-0.18,2.75
水晶光电,2020-04-07,12.91,12.89,13.05,12.72,459365,656003808.0,2.63,2.63,0.33,3.89
水晶光电,2020-04-08,12.76,12.84,13.05,12.71,312814,446554720.0,2.64,-0.39,-0.05,2.65
水晶光电,2020-04-09,13.0,12.75,13.06,12.65,289243,410706944.0,3.19,-0.7,-0.09,2.45
水晶光电,2020-04-10,12.68,12.12,12.74,12.0,394801,539684208.0,5.8,-4.94,-0.63,3.34
水晶光电,2020-04-13,12.05,11.94,12.1,11.82,187158,249481270.0,2.31,-1.49,-0.18,1.59
水晶光电,2020-04-14,12.06,12.24,12.26,11.85,266001,358498400.0,3.43,2.51,0.3,2.25
水晶光电,2020-04-15,12.18,12.45,12.76,12.13,433337,601775200.0,5.15,1.72,0.21,3.67
水晶光电,2020-04-16,12.25,12.42,12.51,12.01,299996,411071040.0,4.02,-0.24,-0.03,2.54
水晶光电,2020-04-17,12.64,12.44,12.79,12.37,399346,558874480.0,3.38,0.16,0.02,3.38
水晶光电,2020-04-20,12.48,12.42,12.61,12.32,263617,364208512.0,2.33,-0.16,-0.02,2.23
水晶光电,2020-04-21,12.34,12.06,12.34,11.87,347968,467668416.0,3.78,-2.9,-0.36,2.95
水晶光电,2020-04-22,11.93,12.37,12.39,11.88,286102,389434944.0,4.23,2.57,0.31,2.42
水晶光电,2020-04-23,12.38,12.0,12.43,12.0,289186,390628688.0,3.48,-2.99,-0.37,2.45
水晶光电,2020-04-24,11.98,11.58,12.12,11.56,391113,513891184.0,4.67,-3.5,-0.42,3.31
水晶光电,2020-04-27,11.6,11.52,11.7,11.24,257501,330356128.0,3.97,-0.52,-0.06,2.18
水晶光电,2020-04-28,11.48,11.48,11.73,10.97,361461,461667488.0,6.6,-0.35,-0.04,3.06
水晶光电,2020-04-29,11.93,12.77,12.77,11.86,1155263,1611720848.0,7.93,11.24,1.29,9.79
水晶光电,2020-04-30,13.03,13.32,13.55,12.75,1225825,1790717600.0,6.26,4.31,0.55,10.39
水晶光电,2020-05-06,13.1,13.85,13.92,13.02,896080,1341440016.0,6.76,3.98,0.53,7.59
水晶光电,2020-05-07,13.75,13.6,13.93,13.56,621591,939356816.0,2.67,-1.81,-0.25,5.27
水晶光电,2020-05-08,13.78,13.75,13.93,13.56,575121,872326432.0,2.72,1.1,0.15,4.87
水晶光电,2020-05-11,13.84,13.71,14.09,13.62,480439,731359536.0,3.42,-0.29,-0.04,4.07
水晶光电,2020-05-12,13.77,13.78,13.82,13.33,455112,683439136.0,3.57,0.51,0.07,3.86
水晶光电,2020-05-13,13.64,13.62,13.75,13.49,317358,476556496.0,1.89,-1.16,-0.16,2.69
水晶光电,2020-05-14,13.62,14.15,14.49,13.62,862816,1344377632.0,6.39,3.89,0.53,7.31
水晶光电,2020-05-15,14.08,14.22,14.45,13.7,791543,1227932208.0,5.3,0.49,0.07,6.71
水晶光电,2020-05-18,13.96,12.8,13.97,12.7,1034095,1508205104.0,8.93,-9.99,-1.42,8.76
水晶光电,2020-05-19,13.01,13.88,13.94,12.95,897575,1336156832.0,7.73,8.44,1.08,7.6
水晶光电,2020-05-20,13.85,13.85,14.2,13.68,647587,993251616.0,3.75,-0.22,-0.03,5.49
水晶光电,2020-05-21,14.0,13.07,14.03,12.9,704532,1035967488.0,8.16,-5.63,-0.78,5.97
水晶光电,2020-05-22,12.96,12.42,13.05,12.22,551432,769790608.0,6.35,-4.97,-0.65,4.67
水晶光电,2020-05-25,12.29,12.16,12.47,11.97,349586,473578800.0,4.03,-2.09,-0.26,2.96
水晶光电,2020-05-26,12.37,13.52,13.52,12.31,798413,1150082768.0,9.95,11.18,1.36,6.76
水晶光电,2020-05-27,13.83,13.93,14.11,13.46,1289543,1960478480.0,4.81,3.03,0.41,10.93
水晶光电,2020-05-28,13.93,13.48,13.97,13.2,834350,1243618368.0,5.53,-3.23,-0.45,7.07
水晶光电,2020-05-29,13.4,13.11,13.65,13.1,623663,918458048.0,4.08,-2.74,-0.37,5.28
水晶光电,2020-06-01,13.35,14.56,14.56,13.26,1088607,1691812096.0,9.92,11.06,1.45,9.22
水晶光电,2020-06-02,14.8,14.85,15.09,14.48,1350850,2194835792.0,4.19,1.99,0.29,11.44
水晶光电,2020-06-03,14.96,15.2,15.83,14.7,1286820,2148240768.0,7.61,2.36,0.35,10.9
水晶光电,2020-06-04,15.27,14.95,15.57,14.89,711422,1171697056.0,4.47,-1.64,-0.25,6.03
水晶光电,2020-06-05,15.05,15.09,15.37,14.87,672957,1105385808.0,3.34,0.94,0.14,5.7
水晶光电,2020-06-08,15.47,14.77,15.6,14.69,748255,1225833312.0,6.03,-2.12,-0.32,6.34
水晶光电,2020-06-09,14.85,15.2,15.37,14.69,703821,1156053952.0,4.6,2.91,0.43,5.96
水晶光电,2020-06-10,15.05,15.22,15.37,15.02,629813,1040477552.0,2.3,0.13,0.02,5.34
水晶光电,2020-06-11,15.29,15.09,15.5,14.95,688699,1136557904.0,3.61,-0.85,-0.13,5.83
水晶光电,2020-06-12,14.5,14.74,14.9,14.4,602162,961869984.0,3.31,-2.32,-0.35,5.1
水晶光电,2020-06-15,14.63,14.26,14.94,14.23,589489,932910624.0,4.82,-3.26,-0.48,4.99
水晶光电,2020-06-16,14.53,15.42,15.5,14.53,979242,1611767440.0,6.8,8.13,1.16,8.3
水晶光电,2020-06-17,15.3,15.1,15.38,14.8,742687,1212488656.0,3.76,-2.08,-0.32,6.29
水晶光电,2020-06-18,15.04,15.56,15.56,14.82,911549,1513878688.0,4.9,3.05,0.46,7.72
水晶光电,2020-06-19,15.45,15.61,15.99,15.25,987907,1673786912.0,4.76,0.32,0.05,8.37
水晶光电,2020-06-22,15.72,15.85,15.99,15.49,756090,1289769360.0,3.2,1.54,0.24,6.41
水晶光电,2020-06-23,15.7,15.51,15.76,15.31,619861,1039261360.0,2.84,-2.15,-0.34,5.25
水晶光电,2020-06-24,15.46,15.47,15.72,15.27,515579,863305088.0,2.9,-0.26,-0.04,4.37
水晶光电,2020-06-29,15.27,15.04,15.36,14.95,503654,825376992.0,2.65,-2.78,-0.43,4.27
水晶光电,2020-06-30,15.23,15.84,15.93,15.21,894031,1515847248.0,4.79,5.32,0.8,7.57
水晶光电,2020-07-01,15.75,16.1,16.15,15.45,826731,1410078032.0,4.42,1.64,0.26,7.0
水晶光电,2020-07-02,15.92,16.17,16.36,15.8,772122,1341148992.0,3.48,0.43,0.07,6.54
水晶光电,2020-07-03,16.22,16.01,16.3,15.81,634473,1098288064.0,3.03,-0.99,-0.16,5.38
水晶光电,2020-07-06,15.99,16.7,16.85,15.91,950283,1688563040.0,5.87,4.31,0.69,8.05
水晶光电,2020-07-07,16.72,16.85,17.55,16.58,956918,1766679040.0,5.81,0.9,0.15,8.11
水晶光电,2020-07-08,16.84,17.32,17.32,16.6,730089,1341729600.0,4.27,2.79,0.47,6.19
水晶光电,2020-07-09,17.23,17.66,18.05,17.15,831878,1571647120.0,5.2,1.96,0.34,7.05
水晶光电,2020-07-10,17.31,17.15,17.64,16.99,728989,1355815232.0,3.68,-2.89,-0.51,6.18
水晶光电,2020-07-13,17.1,18.29,18.31,16.93,911279,1742714496.0,8.05,6.65,1.14,7.72
水晶光电,2020-07-14,19.17,17.42,19.3,16.94,1397249,2709747072.0,12.9,-4.76,-0.87,11.84
水晶光电,2020-07-15,17.28,15.82,17.52,15.57,1372058,2423861392.0,11.19,-9.18,-1.6,11.62
水晶光电,2020-07-16,15.68,14.95,15.86,14.68,832745,1382850496.0,7.46,-5.5,-0.87,7.06
水晶光电,2020-07-17,15.02,15.16,15.32,14.71,554206,907083120.0,4.08,1.4,0.21,4.7
水晶光电,2020-07-20,15.31,15.55,15.55,15.01,582040,966599616.0,3.56,2.57,0.39,4.93
水晶光电,2020-07-21,15.49,15.34,15.55,14.9,533158,882406352.0,4.18,-1.35,-0.21,4.52
水晶光电,2020-07-22,15.28,15.33,15.66,15.1,620524,1037052992.0,3.65,-0.07,-0.01,5.26
水晶光电,2020-07-23,15.1,14.9,15.22,14.42,645896,1041230528.0,5.22,-2.8,-0.43,5.47
水晶光电,2020-07-24,14.14,13.72,14.62,13.66,826427,1269517504.0,6.44,-7.92,-1.18,7.0
水晶光电,2020-07-27,13.72,13.78,13.97,13.55,356466,535882688.0,3.06,0.44,0.06,3.02
水晶光电,2020-07-28,13.92,13.86,14.15,13.73,324731,494443696.0,3.05,0.58,0.08,2.75
水晶光电,2020-07-29,13.76,14.4,14.4,13.68,454009,701334976.0,5.19,3.9,0.54,3.85
水晶光电,2020-07-30,14.47,14.09,14.54,14.05,413424,639235152.0,3.4,-2.15,-0.31,3.5
水晶光电,2020-07-31,14.09,14.75,15.08,14.09,758311,1216546464.0,7.03,4.68,0.66,6.42
水晶光电,2020-08-03,14.9,15.11,15.12,14.72,640495,1039298960.0,2.71,2.44,0.36,5.43
水晶光电,2020-08-04,15.3,14.68,15.3,14.62,611956,987393264.0,4.5,-2.85,-0.43,5.18
水晶光电,2020-08-05,14.78,14.69,14.85,14.5,397302,633929024.0,2.38,0.07,0.01,3.37
水晶光电,2020-08-06,14.67,14.61,14.68,14.44,365541,579195504.0,1.63,-0.54,-0.08,3.1
水晶光电,2020-08-07,14.59,14.25,14.59,13.99,375160,585822368.0,4.11,-2.46,-0.36,3.18
水晶光电,2020-08-10,13.96,14.23,14.42,13.92,272368,421138240.0,3.51,-0.14,-0.02,2.31
水晶光电,2020-08-11,14.23,13.89,14.36,13.87,255747,394404064.0,3.44,-2.39,-0.34,2.17
水晶光电,2020-08-12,13.8,13.99,14.01,13.43,353037,528660368.0,4.18,0.72,0.1,2.99
水晶光电,2020-08-13,14.0,13.87,14.05,13.82,172106,261966741.0,1.64,-0.86,-0.12,1.46
水晶光电,2020-08-14,13.72,14.05,14.08,13.72,196989,300181536.0,2.6,1.3,0.18,1.67
水晶光电,2020-08-17,14.03,14.39,14.45,13.96,324208,505135472.0,3.49,2.42,0.34,2.75
水晶光电,2020-08-18,14.39,14.6,14.69,14.24,390391,617893344.0,3.13,1.46,0.21,3.31
水晶光电,2020-08-19,14.4,14.49,14.76,14.35,419667,665829952.0,2.81,-0.75,-0.11,3.56
水晶光电,2020-08-20,14.41,14.65,14.81,14.25,368066,586467296.0,3.86,1.1,0.16,3.12
水晶光电,2020-08-21,14.76,15.23,15.36,14.76,795539,1303264128.0,4.1,3.96,0.58,6.74
水晶光电,2020-08-24,15.28,15.26,15.64,14.82,652991,1081840496.0,5.38,0.2,0.03,5.53
水晶光电,2020-08-25,15.2,15.0,15.26,14.71,548555,893215408.0,3.6,-1.7,-0.26,4.65
水晶光电,2020-08-26,15.08,15.45,15.58,14.91,802264,1332054976.0,4.47,3.0,0.45,6.8
水晶光电,2020-08-27,14.97,14.5,14.97,14.27,703859,1117667888.0,4.53,-6.15,-0.95,5.96
水晶光电,2020-08-28,14.46,14.5,14.51,13.97,435319,676861792.0,3.72,0.0,0.0,3.69
水晶光电,2020-08-31,14.8,15.57,16.08,14.51,1345139,2265344016.0,10.83,7.38,1.07,11.4
水晶光电,2020-09-01,15.4,15.64,15.79,15.3,790423,1332604320.0,3.15,0.45,0.07,6.7
水晶光电,2020-09-02,15.68,15.47,15.68,15.31,508869,853645600.0,2.37,-1.09,-0.17,4.31
水晶光电,2020-09-03,15.47,14.91,15.52,14.78,572362,932985552.0,4.78,-3.62,-0.56,4.85
水晶光电,2020-09-04,14.58,14.68,14.82,14.41,413670,658127664.0,2.75,-1.54,-0.23,3.5
水晶光电,2020-09-07,14.69,14.03,14.77,14.0,535080,835518944.0,5.25,-4.43,-0.65,4.53
水晶光电,2020-09-08,14.08,14.28,14.29,13.87,287256,441338384.0,2.99,1.78,0.25,2.43
水晶光电,2020-09-09,14.07,13.67,14.2,13.6,338131,511556416.0,4.2,-4.27,-0.61,2.86
水晶光电,2020-09-10,13.82,13.49,13.95,13.48,269143,404197104.0,3.44,-1.32,-0.18,2.28
水晶光电,2020-09-11,13.41,13.8,13.83,13.35,210390,313852496.0,3.56,2.3,0.31,1.78
水晶光电,2020-09-14,13.93,13.78,13.93,13.65,215592,325323536.0,2.03,-0.14,-0.02,1.83
水晶光电,2020-09-15,13.74,13.62,13.75,13.45,221294,328909424.0,2.18,-1.16,-0.16,1.87
水晶光电,2020-09-16,13.58,13.32,13.64,13.2,211633,311378720.0,3.23,-2.2,-0.3,1.79
水晶光电,2020-09-17,13.23,13.48,13.65,12.92,279342,408346688.0,5.48,1.2,0.16,2.37
水晶光电,2020-09-18,13.41,13.6,13.62,13.3,204599,302627472.0,2.37,0.89,0.12,1.73
水晶光电,2020-09-21,13.64,13.28,13.8,13.26,298097,440082096.0,3.97,-2.35,-0.32,2.53
水晶光电,2020-09-22,13.15,12.91,13.27,12.9,226448,325592208.0,2.79,-2.79,-0.37,1.92
水晶光电,2020-09-23,12.94,12.65,13.05,12.58,339989,477042128.0,3.64,-2.01,-0.26,2.88
水晶光电,2020-09-24,12.55,12.19,12.58,12.13,298732,405690160.0,3.56,-3.64,-0.46,2.53
水晶光电,2020-09-25,12.2,12.06,12.31,11.98,273338,366515104.0,2.71,-1.07,-0.13,2.32
水晶光电,2020-09-28,12.09,12.12,12.33,12.02,166366,223718022.0,2.57,0.5,0.06,1.41
水晶光电,2020-09-29,12.1,12.17,12.38,12.1,203225,275329792.0,2.31,0.41,0.05,1.72
水晶光电,2020-09-30,12.16,12.29,12.43,12.15,168769,229383228.0,2.3,0.99,0.12,1.43
水晶光电,2020-10-09,12.6,12.94,13.02,12.5,321489,454707152.0,4.23,5.29,0.65,2.72
水晶光电,2020-10-12,13.0,13.24,13.25,12.88,360665,518102416.0,2.86,2.32,0.3,3.06
水晶光电,2020-10-13,13.2,13.11,13.21,13.03,191072,275193840.0,1.36,-0.98,-0.13,1.62
水晶光电,2020-10-14,13.14,12.81,13.14,12.81,203374,288812592.0,2.52,-2.29,-0.3,1.72
水晶光电,2020-10-15,12.87,12.73,13.02,12.7,146522,207374930.0,2.5,-0.62,-0.08,1.24
水晶光电,2020-10-16,12.7,12.73,12.81,12.5,143082,199535224.0,2.44,0.0,0.0,1.21
水晶光电,2020-10-19,12.78,12.6,13.08,12.58,147228,207225445.0,3.93,-1.02,-0.13,1.25
水晶光电,2020-10-20,12.64,12.95,12.98,12.57,166897,235358802.0,3.25,2.78,0.35,1.41
水晶光电,2020-10-21,12.91,12.7,12.93,12.61,135821,190177887.0,2.47,-1.93,-0.25,1.15
水晶光电,2020-10-22,12.5,12.18,12.5,12.02,270230,364393104.0,3.78,-4.09,-0.52,2.29
水晶光电,2020-10-23,12.22,12.11,12.43,12.06,165913,224089188.0,3.04,-0.57,-0.07,1.41
水晶光电,2020-10-26,12.08,12.16,12.2,11.88,93954,125950248.0,2.64,0.41,0.05,0.8
水晶光电,2020-10-27,12.1,11.98,12.21,11.89,151872,202106268.0,2.63,-1.48,-0.18,1.29
水晶光电,2020-10-28,11.98,12.17,12.22,11.69,222914,295272896.0,4.42,1.59,0.19,1.89
水晶光电,2020-10-29,11.93,11.97,12.04,11.85,144864,191855453.0,1.56,-1.64,-0.2,1.23
水晶光电,2020-10-30,11.97,11.44,12.04,11.42,246392,319854448.0,5.18,-4.43,-0.53,2.09
水晶光电,2020-11-02,11.45,11.16,11.49,11.13,197610,247751688.0,3.15,-2.45,-0.28,1.67
水晶光电,2020-11-03,11.16,11.6,11.75,11.15,224468,287583392.0,5.38,3.94,0.44,1.9
水晶光电,2020-11-04,11.62,11.6,11.68,11.48,136256,175548126.0,1.72,0.0,0.0,1.15
水晶光电,2020-11-05,11.75,12.02,12.06,11.61,241312,317822624.0,3.88,3.62,0.42,2.04
水晶光电,2020-11-06,12.0,12.13,12.18,11.92,220096,294063600.0,2.16,0.92,0.11,1.86
水晶光电,2020-11-09,12.25,12.44,12.64,12.25,343540,472835712.0,3.22,2.56,0.31,2.91
水晶光电,2020-11-10,12.45,12.35,12.48,12.24,204883,279680000.0,1.93,-0.72,-0.09,1.74
水晶光电,2020-11-11,12.27,12.03,12.39,12.0,169886,227563763.0,3.16,-2.59,-0.32,1.44
水晶光电,2020-11-12,11.94,11.55,11.94,11.46,278743,360336864.0,3.99,-3.99,-0.48,2.36
水晶光电,2020-11-13,11.49,11.48,11.55,11.31,177027,225128403.0,2.08,-0.61,-0.07,1.5
水晶光电,2020-11-16,11.5,11.58,11.62,11.36,124212,159251009.0,2.26,0.87,0.1,1.05
水晶光电,2020-11-17,11.6,11.51,11.64,11.32,148375,188592665.0,2.76,-0.6,-0.07,1.26
水晶光电,2020-11-18,11.53,11.56,11.68,11.45,116323,149736840.0,2.0,0.43,0.05,0.99
水晶光电,2020-11-19,11.56,11.56,11.65,11.4,112898,145143936.0,2.16,0.0,0.0,0.96
水晶光电,2020-11-20,11.58,11.48,11.62,11.4,118645,151507617.0,1.9,-0.69,-0.08,1.01
水晶光电,2020-11-23,11.43,11.49,11.59,11.36,155038,197941281.0,2.0,0.09,0.01,1.31
水晶光电,2020-11-24,11.49,11.55,11.67,11.46,132504,170598812.0,1.83,0.52,0.06,1.12
水晶光电,2020-11-25,11.65,11.54,11.74,11.54,141885,183287091.0,1.73,-0.09,-0.01,1.2
水晶光电,2020-11-26,11.56,11.48,11.6,11.41,95600,122064365.0,1.65,-0.52,-0.06,0.81
水晶光电,2020-11-27,11.48,11.39,11.52,11.28,133007,168524201.0,2.09,-0.78,-0.09,1.13
水晶光电,2020-11-30,11.4,11.42,11.63,11.34,136926,175548551.0,2.55,0.26,0.03,1.16
水晶光电,2020-12-01,11.39,11.58,11.67,11.39,186172,239605842.0,2.45,1.4,0.16,1.58
水晶光电,2020-12-02,11.59,12.07,12.15,11.55,372386,491202496.0,5.18,4.23,0.49,3.16
水晶光电,2020-12-03,12.01,12.04,12.06,11.87,202657,268879408.0,1.57,-0.25,-0.03,1.72
水晶光电,2020-12-04,11.98,11.99,12.13,11.92,139811,185801636.0,1.74,-0.42,-0.05,1.18
水晶光电,2020-12-07,12.0,11.84,12.1,11.83,141864,188373267.0,2.25,-1.25,-0.15,1.2
水晶光电,2020-12-08,11.98,11.79,12.02,11.78,111441,146737365.0,2.03,-0.42,-0.05,0.94
水晶光电,2020-12-09,11.88,11.4,11.89,11.38,186598,240220753.0,4.33,-3.31,-0.39,1.58
水晶光电,2020-12-10,11.38,11.42,11.46,11.26,114511,144981801.0,1.75,0.18,0.02,0.97
水晶光电,2020-12-11,11.39,11.04,11.42,10.9,269357,332536352.0,4.55,-3.33,-0.38,2.28
水晶光电,2020-12-14,11.05,11.01,11.1,10.9,113560,139286544.0,1.81,-0.27,-0.03,0.96
水晶光电,2020-12-15,11.04,11.1,11.21,10.92,111116,137556965.0,2.63,0.82,0.09,0.94
水晶光电,2020-12-16,11.06,10.89,11.12,10.88,99633,122371231.0,2.16,-1.89,-0.21,0.84
水晶光电,2020-12-17,10.85,10.97,10.97,10.61,166110,200390171.0,3.31,0.73,0.08,1.41
水晶光电,2020-12-18,10.96,10.8,11.02,10.78,102999,125152772.0,2.19,-1.55,-0.17,0.87
水晶光电,2020-12-21,10.78,10.91,11.0,10.73,110234,134479433.0,2.5,1.02,0.11,0.93
水晶光电,2020-12-22,10.87,10.6,10.89,10.58,161348,193290848.0,2.84,-2.84,-0.31,1.37
水晶光电,2020-12-23,10.6,10.51,10.67,10.3,170633,200999307.0,3.49,-0.85,-0.09,1.45
水晶光电,2020-12-24,10.46,9.98,10.48,9.98,204013,234207564.0,4.76,-5.04,-0.53,1.73
水晶光电,2020-12-25,9.96,10.03,10.23,9.86,111998,127540338.0,3.71,0.5,0.05,0.95
水晶光电,2020-12-28,10.02,9.59,10.02,9.45,255550,280013776.0,5.68,-4.39,-0.44,2.17
水晶光电,2020-12-29,9.55,9.85,10.03,9.52,250683,279596816.0,5.32,2.71,0.26,2.12
水晶光电,2020-12-30,9.9,9.98,10.04,9.8,132955,149641676.0,2.44,1.32,0.13,1.13
水晶光电,2020-12-31,9.98,10.29,10.45,9.93,212234,245892488.0,5.21,3.11,0.31,1.8
水晶光电,2021-01-04,10.49,10.38,10.49,10.23,159596,185939542.0,2.53,0.87,0.09,1.35
水晶光电,2021-01-05,10.35,10.57,10.61,10.29,205724,241847870.0,3.08,1.83,0.19,1.74
水晶光电,2021-01-06,10.65,10.25,10.65,10.2,185694,215701142.0,4.26,-3.03,-0.32,1.57
水晶光电,2021-01-07,10.19,9.93,10.2,9.78,198817,223634817.0,4.1,-3.12,-0.32,1.68
水晶光电,2021-01-08,9.94,10.34,10.4,9.87,215768,249373680.0,5.34,4.13,0.41,1.83
水晶光电,2021-01-11,10.43,10.5,10.82,10.38,286805,341949344.0,4.26,1.55,0.16,2.43
水晶光电,2021-01-12,10.45,10.45,10.54,10.15,252469,293815024.0,3.71,-0.48,-0.05,2.14
水晶光电,2021-01-13,10.37,10.6,10.62,10.2,307832,362440336.0,4.02,1.44,0.15,2.61
水晶光电,2021-01-14,10.59,10.86,10.99,10.5,426624,516674464.0,4.62,2.45,0.26,3.62
水晶光电,2021-01-15,10.78,10.54,10.86,10.38,279978,331397200.0,4.42,-2.95,-0.32,2.37
水晶光电,2021-01-18,10.49,10.56,10.65,10.34,230966,272919824.0,2.94,0.19,0.02,1.96
水晶光电,2021-01-19,10.54,10.37,10.57,10.35,193017,226284171.0,2.08,-1.8,-0.19,1.64
水晶光电,2021-01-20,10.37,10.1,10.37,10.06,236858,271124672.0,2.99,-2.6,-0.27,2.01
水晶光电,2021-01-21,10.08,10.15,10.28,10.04,158616,181804823.0,2.38,0.5,0.05,1.34
水晶光电,2021-01-22,10.15,10.15,10.3,9.79,261563,295833664.0,5.02,0.0,0.0,2.22
水晶光电,2021-01-25,10.12,9.8,10.12,9.72,229355,255200939.0,3.94,-3.45,-0.35,1.94
水晶光电,2021-01-26,9.73,9.77,9.88,9.63,124968,137873264.0,2.55,-0.31,-0.03,1.06
水晶光电,2021-01-27,9.73,9.72,9.85,9.66,87921,97021894.0,1.94,-0.51,-0.05,0.75
水晶光电,2021-01-28,9.64,9.62,9.7,9.54,125071,136409886.0,1.65,-1.03,-0.1,1.06
水晶光电,2021-01-29,9.66,9.4,9.71,9.2,148059,159200250.0,5.3,-2.29,-0.22,1.25
水晶光电,2021-02-01,9.35,9.25,9.46,9.21,105181,111682298.0,2.66,-1.6,-0.15,0.89
水晶光电,2021-02-02,9.25,9.67,9.96,9.22,203951,223167952.0,8.0,4.54,0.42,1.73
水晶光电,2021-02-03,9.58,9.4,9.62,9.33,105325,113004217.0,3.0,-2.79,-0.27,0.89
水晶光电,2021-02-04,9.33,9.27,9.41,8.94,161440,168067357.0,5.0,-1.38,-0.13,1.37
水晶光电,2021-02-05,9.23,9.0,9.37,8.97,103977,108410908.0,4.31,-2.91,-0.27,0.88
水晶光电,2021-02-08,9.1,9.12,9.26,9.0,74941,78205905.0,2.89,1.33,0.12,0.64
水晶光电,2021-02-09,9.17,9.3,9.36,9.05,107706,113708673.0,3.4,1.97,0.18,0.91
水晶光电,2021-02-10,9.28,9.44,9.46,9.26,102838,109893191.0,2.15,1.51,0.14,0.87
水晶光电,2021-02-18,9.57,9.71,9.74,9.52,130460,143126796.0,2.33,2.86,0.27,1.11
水晶光电,2021-02-19,9.75,9.98,9.98,9.68,151787,169754137.0,3.09,2.78,0.27,1.29
水晶光电,2021-02-22,10.0,9.83,10.17,9.83,182503,206001511.0,3.41,-1.5,-0.15,1.55
水晶光电,2021-02-23,9.76,9.8,9.93,9.68,106179,117749537.0,2.54,-0.31,-0.03,0.9
水晶光电,2021-02-24,9.83,9.85,10.05,9.81,133469,149842149.0,2.45,0.51,0.05,1.13
水晶光电,2021-02-25,9.92,9.77,9.99,9.72,90791,100819190.0,2.74,-0.81,-0.08,0.77
水晶光电,2021-02-26,9.67,9.75,9.86,9.6,85454,94500867.0,2.66,-0.2,-0.02,0.72
水晶光电,2021-03-01,9.81,9.99,10.04,9.81,120554,135797859.0,2.36,2.46,0.24,1.02
水晶光电,2021-03-02,10.0,9.92,10.07,9.87,89791,100889474.0,2.0,-0.7,-0.07,0.76
水晶光电,2021-03-03,9.9,10.05,10.06,9.89,125284,141407105.0,1.71,1.31,0.13,1.06
水晶光电,2021-03-04,10.06,9.9,10.15,9.84,118106,133211765.0,3.08,-1.49,-0.15,1.0
水晶光电,2021-03-05,9.81,10.15,10.17,9.8,137079,155157991.0,3.74,2.53,0.25,1.16
水晶光电,2021-03-08,10.2,10.21,10.58,10.06,218374,254326282.0,5.12,0.59,0.06,1.85
水晶光电,2021-03-09,10.09,10.39,10.53,9.89,262727,304042576.0,6.27,1.76,0.18,2.23
水晶光电,2021-03-10,10.58,10.41,10.62,10.13,211586,246974649.0,4.72,0.19,0.02,1.79
水晶光电,2021-03-11,10.33,10.55,10.56,10.33,194657,228939962.0,2.21,1.34,0.14,1.65
水晶光电,2021-03-12,10.53,10.04,10.53,9.99,239148,274248816.0,5.12,-4.83,-0.51,2.03
水晶光电,2021-03-15,9.94,9.88,9.97,9.7,137920,153737588.0,2.69,-1.59,-0.16,1.17
水晶光电,2021-03-16,9.87,9.72,9.92,9.69,108381,119726741.0,2.33,-1.62,-0.16,0.92
水晶光电,2021-03-17,9.55,9.39,9.56,9.15,186494,198870466.0,4.22,-3.4,-0.33,1.58
水晶光电,2021-03-18,9.39,9.12,9.49,9.08,248215,261555317.0,4.37,-2.88,-0.27,2.1
水晶光电,2021-03-19,9.02,9.21,9.25,9.01,141745,148400241.0,2.63,0.99,0.09,1.2
水晶光电,2021-03-22,9.14,9.5,9.53,9.14,152220,162839060.0,4.23,3.15,0.29,1.29
水晶光电,2021-03-23,9.44,9.37,9.49,9.3,83471,88998073.0,2.0,-1.37,-0.13,0.71
水晶光电,2021-03-24,9.29,9.34,9.43,9.22,76169,81025232.0,2.24,-0.32,-0.03,0.65
水晶光电,2021-03-25,9.32,9.41,9.48,9.27,79409,85078526.0,2.25,0.75,0.07,0.67
水晶光电,2021-03-26,9.41,9.43,9.48,9.33,92140,98688150.0,1.59,0.21,0.02,0.78
水晶光电,2021-03-29,9.43,9.28,9.44,9.26,99751,105975052.0,1.91,-1.59,-0.15,0.85
水晶光电,2021-03-30,9.29,9.17,9.3,9.1,90931,95093263.0,2.16,-1.19,-0.11,0.77
水晶光电,2021-03-31,9.16,9.54,9.56,9.12,167379,179479104.0,4.8,4.03,0.37,1.42
水晶光电,2021-04-01,9.47,9.66,10.03,9.46,216558,240397049.0,5.97,1.26,0.12,1.84
水晶光电,2021-04-02,9.66,10.13,10.22,9.66,321540,362922368.0,5.8,4.87,0.47,2.72
水晶光电,2021-04-06,10.05,9.99,10.26,9.97,223922,254869810.0,2.86,-1.38,-0.14,1.9
水晶光电,2021-04-07,9.95,10.09,10.13,9.95,145376,164959285.0,1.8,1.0,0.1,1.23
水晶光电,2021-04-08,10.06,10.24,10.32,9.97,207489,237733182.0,3.47,1.49,0.15,1.76
水晶光电,2021-04-09,10.23,10.03,10.28,10.03,143761,164374016.0,2.44,-2.05,-0.21,1.22
水晶光电,2021-04-12,10.09,10.01,10.25,9.96,176019,201051868.0,2.89,-0.2,-0.02,1.49
水晶光电,2021-04-13,9.92,9.7,10.02,9.66,188163,208832915.0,3.6,-3.1,-0.31,1.59
水晶光电,2021-04-14,9.79,9.77,9.93,9.75,87262,96980094.0,1.86,0.72,0.07,0.74
水晶光电,2021-04-15,9.77,9.73,9.82,9.67,75044,82847350.0,1.54,-0.41,-0.04,0.64
水晶光电,2021-04-16,9.73,10.11,10.17,9.68,179194,201982674.0,5.04,3.91,0.38,1.52
水晶光电,2021-04-19,10.21,11.25,11.25,10.21,724396,894286576.0,10.29,11.28,1.14,6.14
水晶光电,2021-04-20,11.5,11.35,11.64,11.13,953241,1210864288.0,4.53,0.89,0.1,8.08
水晶光电,2021-04-21,11.27,10.91,11.38,10.83,510768,627153440.0,4.85,-3.88,-0.44,4.33
水晶光电,2021-04-22,11.02,11.62,11.85,10.95,695226,887555264.0,8.25,6.51,0.71,5.89
水晶光电,2021-04-23,11.39,11.19,11.49,11.14,381068,479327952.0,3.01,-3.7,-0.43,3.23
水晶光电,2021-04-26,11.3,10.94,11.36,10.88,379580,469956816.0,4.29,-2.23,-0.25,3.22
水晶光电,2021-04-27,10.94,10.66,11.1,10.5,306145,368437200.0,5.48,-2.56,-0.28,2.59
水晶光电,2021-04-28,10.72,10.58,10.75,10.4,230903,274120096.0,3.28,-0.75,-0.08,1.96
水晶光电,2021-04-29,10.59,10.61,10.8,10.51,193961,232424383.0,2.74,0.28,0.03,1.64
水晶光电,2021-04-30,10.6,10.61,10.85,10.47,217794,260195070.0,3.58,0.0,0.0,1.85
水晶光电,2021-05-06,10.67,10.88,11.21,10.62,371039,456330832.0,5.56,2.54,0.27,3.14
水晶光电,2021-05-07,10.88,10.59,10.96,10.52,263098,316264560.0,4.04,-2.67,-0.29,2.23
水晶光电,2021-05-10,10.59,10.56,10.92,10.3,284085,339380016.0,5.85,-0.28,-0.03,2.41
水晶光电,2021-05-11,10.55,10.33,10.56,10.17,225063,261580226.0,3.69,-2.18,-0.23,1.91
水晶光电,2021-05-12,10.36,10.42,10.45,10.21,188325,218838424.0,2.32,0.87,0.09,1.6
水晶光电,2021-05-13,10.3,11.11,11.25,10.29,524504,643194976.0,9.21,6.62,0.69,4.44
水晶光电,2021-05-14,11.16,11.35,11.43,10.85,440177,542418576.0,5.22,2.16,0.24,3.73
水晶光电,2021-05-17,11.28,11.78,12.05,11.24,522273,673392496.0,7.14,3.79,0.43,4.43
水晶光电,2021-05-18,11.91,11.7,12.08,11.54,444033,571151200.0,4.58,-0.68,-0.08,3.76
水晶光电,2021-05-19,11.82,12.35,12.95,11.74,944408,1279558448.0,10.34,5.56,0.65,8.0
水晶光电,2021-05-20,12.28,12.44,12.7,12.0,676037,913306576.0,5.67,0.73,0.09,5.73
水晶光电,2021-05-21,12.36,12.4,12.6,12.26,383604,518475008.0,2.73,-0.32,-0.04,3.25
水晶光电,2021-05-24,12.5,12.6,13.09,12.27,690157,952872160.0,6.61,1.61,0.2,5.85
水晶光电,2021-05-25,12.48,12.3,12.5,12.05,564650,755204272.0,3.57,-2.38,-0.3,4.78
水晶光电,2021-05-26,12.36,11.93,12.75,11.88,623205,828205328.0,7.07,-3.01,-0.37,5.28
水晶光电,2021-05-27,12.03,11.89,12.18,11.81,476584,623697056.0,3.1,-0.34,-0.04,4.04
水晶光电,2021-05-28,11.87,11.91,12.01,11.75,362339,470334480.0,2.19,0.17,0.02,3.07
水晶光电,2021-05-31,11.96,12.06,12.39,11.96,416800,551159648.0,3.61,1.26,0.15,3.53
水晶光电,2021-06-01,12.04,12.94,13.22,11.86,1018356,1406255280.0,11.28,7.3,0.88,8.63
水晶光电,2021-06-02,12.84,12.65,13.0,12.35,677221,929074208.0,5.02,-2.24,-0.29,5.74
水晶光电,2021-06-03,12.53,12.36,12.78,12.35,452433,615754096.0,3.4,-2.29,-0.29,3.83
水晶光电,2021-06-04,12.35,12.62,12.65,12.14,445746,603015920.0,4.13,2.1,0.26,3.78
水晶光电,2021-06-07,12.69,12.44,12.92,12.34,434878,593358464.0,4.6,-1.43,-0.18,3.69
水晶光电,2021-06-08,12.22,12.35,12.55,12.03,468148,624394496.0,4.18,-0.72,-0.09,3.97
水晶光电,2021-06-09,12.24,11.74,12.32,11.63,523673,680866576.0,5.59,-4.94,-0.61,4.44
水晶光电,2021-06-10,11.61,11.7,11.82,11.53,379982,485613632.0,2.47,-0.34,-0.04,3.22
水晶光电,2021-06-11,11.81,11.85,12.04,11.4,327771,422881552.0,5.47,1.28,0.15,2.78
水晶光电,2021-06-15,12.36,13.15,13.15,12.35,1534224,2165363200.0,6.75,10.97,1.3,13.0
水晶光电,2021-06-16,13.24,12.88,13.58,12.68,1795128,2557506320.0,6.84,-2.05,-0.27,15.21
水晶光电,2021-06-17,12.91,13.54,13.58,12.45,1376301,1954267200.0,8.77,5.12,0.66,11.66
水晶光电,2021-06-18,13.3,13.21,13.33,12.94,909618,1297340048.0,2.88,-2.44,-0.33,7.71
水晶光电,2021-06-21,13.05,13.29,13.77,12.72,857386,1239286176.0,7.95,0.61,0.08,7.27
水晶光电,2021-06-22,13.18,12.83,13.24,12.73,701013,979979648.0,3.84,-3.46,-0.46,5.94
水晶光电,2021-06-23,12.83,13.02,13.16,12.71,616058,869810400.0,3.51,1.48,0.19,5.22
水晶光电,2021-06-24,13.03,12.81,13.36,12.75,538556,760963296.0,4.69,-1.61,-0.21,4.56
水晶光电,2021-06-25,12.69,13.0,13.04,12.58,479223,666518592.0,3.59,1.48,0.19,4.06
水晶光电,2021-06-28,13.07,13.63,13.65,12.88,906618,1305323872.0,5.92,4.85,0.63,7.68
水晶光电,2021-06-29,13.65,13.4,13.65,13.21,526093,762544208.0,3.23,-1.69,-0.23,4.46
水晶光电,2021-06-30,13.3,13.59,13.67,13.27,512144,745325408.0,2.99,1.42,0.19,4.34
水晶光电,2021-07-01,13.52,12.9,13.52,12.9,523748,746204048.0,4.56,-5.08,-0.69,4.44
水晶光电,2021-07-02,12.81,12.67,13.12,12.61,338144,470691664.0,3.95,-1.78,-0.23,2.86
水晶光电,2021-07-05,12.79,12.99,13.04,12.7,342262,479349344.0,2.68,2.53,0.32,2.9
水晶光电,2021-07-06,13.1,12.58,13.16,12.4,463817,642945200.0,5.85,-3.16,-0.41,3.93
水晶光电,2021-07-07,12.47,12.71,12.75,12.22,385260,526016288.0,4.21,1.03,0.13,3.26
水晶光电,2021-07-08,12.78,12.75,12.96,12.68,371922,517670848.0,2.2,0.31,0.04,3.15
水晶光电,2021-07-09,12.63,13.14,13.24,12.46,566038,794355008.0,6.12,3.06,0.39,4.8
水晶光电,2021-07-12,13.19,12.89,13.19,12.7,463491,649100496.0,3.73,-1.9,-0.25,3.93
水晶光电,2021-07-13,12.85,13.55,13.71,12.54,940210,1354501936.0,9.08,5.12,0.66,7.97
水晶光电,2021-07-14,13.89,13.49,14.26,13.49,836114,1247893712.0,5.68,-0.44,-0.06,7.08
水晶光电,2021-07-15,13.57,13.3,13.82,13.01,473202,683145680.0,6.0,-1.41,-0.19,4.01
水晶光电,2021-07-16,13.31,14.47,14.73,13.31,1185020,1823955152.0,10.68,8.8,1.17,10.04
水晶光电,2021-07-19,14.57,14.35,14.83,14.15,621610,963129328.0,4.7,-0.83,-0.12,5.27
水晶光电,2021-07-20,14.0,14.45,14.6,13.96,458380,708395024.0,4.46,0.7,0.1,3.88
水晶光电,2021-07-21,14.36,14.05,14.56,14.05,642188,990990064.0,3.53,-2.77,-0.4,5.44
水晶光电,2021-07-22,14.21,13.74,14.28,13.38,784417,1156368272.0,6.41,-2.21,-0.31,6.65
水晶光电,2021-07-23,13.74,13.52,14.07,13.49,459205,678989584.0,4.22,-1.6,-0.22,3.89
水晶光电,2021-07-26,13.52,13.37,13.78,12.91,460443,665543360.0,6.43,-1.11,-0.15,3.9
水晶光电,2021-07-27,13.42,12.98,13.62,12.91,532119,764075552.0,5.31,-2.92,-0.39,4.51
水晶光电,2021-07-28,12.88,12.18,12.89,12.1,546149,741098528.0,6.09,-6.16,-0.8,4.63
水晶光电,2021-07-29,12.41,12.52,12.62,12.21,474832,640765264.0,3.37,2.79,0.34,4.02
水晶光电,2021-07-30,12.45,12.57,12.85,12.39,414875,569281792.0,3.67,0.4,0.05,3.51
水晶光电,2021-08-02,12.48,12.82,13.04,12.37,371450,515956848.0,5.33,1.99,0.25,3.15
水晶光电,2021-08-03,12.7,12.35,12.86,12.26,367632,502413968.0,4.68,-3.67,-0.47,3.11
水晶光电,2021-08-04,12.27,12.57,12.83,12.26,327253,448703792.0,4.62,1.78,0.22,2.77
水晶光电,2021-08-05,13.5,13.94,13.94,13.5,670369,1001402560.0,3.5,10.9,1.37,5.68
水晶光电,2021-08-06,13.86,13.61,13.99,12.9,861257,1271465312.0,7.82,-2.37,-0.33,7.3
水晶光电,2021-08-09,13.62,13.71,13.88,13.5,404157,596858624.0,2.79,0.73,0.1,3.42
水晶光电,2021-08-10,13.65,13.7,13.85,13.51,393050,580953200.0,2.48,-0.07,-0.01,3.33
水晶光电,2021-08-11,13.81,13.67,14.05,13.59,362247,538082880.0,3.36,-0.22,-0.03,3.07
水晶光电,2021-08-12,13.67,13.72,13.85,13.41,469998,693126368.0,3.22,0.37,0.05,3.98
水晶光电,2021-08-13,13.7,13.36,13.73,13.3,373959,546193488.0,3.13,-2.62,-0.36,3.17
水晶光电,2021-08-16,13.27,12.84,13.28,12.76,406056,572779232.0,3.89,-3.89,-0.52,3.44
水晶光电,2021-08-17,12.91,12.48,12.95,12.4,330573,453879456.0,4.28,-2.8,-0.36,2.8
水晶光电,2021-08-18,12.5,12.42,12.62,12.36,239579,324842720.0,2.08,-0.48,-0.06,2.03
水晶光电,2021-08-19,12.4,12.4,12.59,12.32,219819,297355968.0,2.17,-0.16,-0.02,1.86
水晶光电,2021-08-20,12.4,12.5,12.52,12.12,226672,303684336.0,3.23,0.81,0.1,1.92
水晶光电,2021-08-23,12.28,12.59,12.67,12.2,289542,394146624.0,3.76,0.72,0.09,2.45
水晶光电,2021-08-24,12.49,12.44,12.56,12.31,234590,316637408.0,1.99,-1.19,-0.15,1.99
水晶光电,2021-08-25,12.36,12.29,12.46,12.1,290918,387750816.0,2.89,-1.21,-0.15,2.46
水晶光电,2021-08-26,12.21,12.66,12.8,12.19,344248,466322688.0,4.96,3.01,0.37,2.92
水晶光电,2021-08-27,12.81,13.22,13.45,12.4,640939,904101616.0,8.29,4.42,0.56,5.43
水晶光电,2021-08-30,13.7,13.21,13.8,12.99,561516,811886480.0,6.13,-0.08,-0.01,4.76
水晶光电,2021-08-31,12.8,12.41,12.85,12.28,537974,729767440.0,4.31,-6.06,-0.8,4.56
水晶光电,2021-09-01,12.39,12.47,12.6,12.21,239946,324663552.0,3.14,0.48,0.06,2.03
水晶光电,2021-09-02,12.49,12.55,12.65,12.34,199130,270959520.0,2.49,0.64,0.08,1.69
水晶光电,2021-09-03,12.5,12.75,12.94,12.37,271176,373043648.0,4.54,1.59,0.2,2.3
水晶光电,2021-09-06,12.84,12.95,13.08,12.6,259233,361831248.0,3.76,1.57,0.2,2.2
水晶光电,2021-09-07,12.95,13.29,13.59,12.86,441128,637068576.0,5.64,2.63,0.34,3.74
水晶光电,2021-09-08,13.29,14.34,14.36,13.23,1135087,1696088288.0,8.5,7.9,1.05,9.62
水晶光电,2021-09-09,13.77,13.51,13.93,13.39,759550,1118915408.0,3.77,-5.79,-0.83,6.44
水晶光电,2021-09-10,13.45,13.4,13.65,13.15,403752,585493472.0,3.7,-0.81,-0.11,3.42
水晶光电,2021-09-13,13.3,13.6,13.77,13.18,382624,558001712.0,4.4,1.49,0.2,3.24
水晶光电,2021-09-14,13.43,13.31,13.67,13.25,339461,491683248.0,3.09,-2.13,-0.29,2.88
水晶光电,2021-09-15,13.36,12.84,13.46,12.84,363996,516456800.0,4.66,-3.53,-0.47,3.08
水晶光电,2021-09-16,12.7,12.64,13.01,12.58,291861,404181968.0,3.35,-1.56,-0.2,2.47
水晶光电,2021-09-17,12.73,12.83,12.9,12.41,201868,276892544.0,3.88,1.5,0.19,1.71
水晶光电,2021-09-22,12.74,12.97,13.09,12.59,215633,301731952.0,3.9,1.09,0.14,1.83
水晶光电,2021-09-23,13.02,13.1,13.12,12.92,206767,292305248.0,1.54,1.0,0.13,1.75
水晶光电,2021-09-24,13.1,13.34,13.49,12.79,368001,524590480.0,5.34,1.83,0.24,3.12
水晶光电,2021-09-27,13.37,13.66,13.78,13.24,568115,833510896.0,4.05,2.4,0.32,4.81
水晶光电,2021-09-28,13.66,13.45,13.66,13.32,263622,385024192.0,2.49,-1.54,-0.21,2.23
水晶光电,2021-09-29,13.32,12.9,13.37,12.82,236145,334825472.0,4.09,-4.09,-0.55,2.0
水晶光电,2021-09-30,12.95,13.46,13.6,12.91,280488,405123584.0,5.35,4.34,0.56,2.38
水晶光电,2021-10-08,13.46,13.7,13.99,13.42,391388,581351904.0,4.23,1.78,0.24,3.32
水晶光电,2021-10-11,13.7,13.62,13.85,13.45,235407,346645168.0,2.92,-0.58,-0.08,1.99
水晶光电,2021-10-12,13.5,13.29,13.63,13.1,218387,315073216.0,3.89,-2.42,-0.33,1.85
水晶光电,2021-10-13,13.29,13.18,13.45,12.94,163570,233636244.0,3.84,-0.83,-0.11,1.39
水晶光电,2021-10-14,13.24,13.26,13.32,13.1,122758,175611049.0,1.67,0.61,0.08,1.04
水晶光电,2021-10-15,13.27,12.91,13.32,12.81,193065,271113520.0,3.85,-2.64,-0.35,1.64
水晶光电,2021-10-18,12.91,13.03,13.07,12.73,138415,194205934.0,2.63,0.93,0.12,1.17
水晶光电,2021-10-19,12.92,13.05,13.3,12.91,143026,202759080.0,2.99,0.15,0.02,1.21
水晶光电,2021-10-20,13.0,13.11,13.18,12.88,151165,213914969.0,2.3,0.46,0.06,1.28
水晶光电,2021-10-21,13.16,13.04,13.38,12.98,152253,217388170.0,3.05,-0.53,-0.07,1.29
水晶光电,2021-10-22,12.91,13.63,13.88,12.82,559941,820297328.0,8.13,4.52,0.59,4.74
水晶光电,2021-10-25,13.61,14.04,14.2,13.5,659539,992682880.0,5.14,3.01,0.41,5.59
水晶光电,2021-10-26,14.1,14.83,15.05,13.99,1264108,1984161312.0,7.55,5.63,0.79,10.71
水晶光电,2021-10-27,14.77,14.45,14.93,14.3,680607,1061097264.0,4.25,-2.56,-0.38,5.77
水晶光电,2021-10-28,14.42,14.08,14.53,13.97,471989,720461408.0,3.88,-2.56,-0.37,4.0
水晶光电,2021-10-29,14.28,14.65,14.85,14.18,667523,1046451056.0,4.76,4.05,0.57,5.66
水晶光电,2021-11-01,14.65,15.05,15.44,14.55,779696,1258850496.0,6.08,2.73,0.4,6.61
水晶光电,2021-11-02,15.0,14.85,15.3,14.63,645941,1038392048.0,4.45,-1.33,-0.2,5.47
水晶光电,2021-11-03,15.03,14.93,15.34,14.68,501289,804436208.0,4.44,0.54,0.08,4.25
水晶光电,2021-11-04,15.03,15.38,15.64,14.99,691791,1138928928.0,4.35,3.01,0.45,5.86
水晶光电,2021-11-05,15.37,16.16,17.03,15.22,2140714,3796741008.0,11.77,5.07,0.78,18.14
水晶光电,2021-11-08,16.0,15.42,16.07,14.7,1479664,2433779616.0,8.48,-4.58,-0.74,12.54
水晶光电,2021-11-09,15.2,15.17,15.54,15.03,814750,1329100144.0,3.31,-1.62,-0.25,6.9
水晶光电,2021-11-10,15.22,15.3,15.8,15.05,932714,1538008544.0,4.94,0.86,0.13,7.9
水晶光电,2021-11-11,15.09,15.86,16.19,15.06,942640,1593455872.0,7.39,3.66,0.56,7.99
水晶光电,2021-11-12,15.86,15.77,16.06,15.45,675166,1137051424.0,3.85,-0.57,-0.09,5.72
水晶光电,2021-11-15,15.9,16.2,16.4,15.65,747213,1282850176.0,4.76,2.73,0.43,6.33
水晶光电,2021-11-16,16.13,16.37,17.04,15.84,1084509,1907264544.0,7.41,1.05,0.17,9.19
水晶光电,2021-11-17,16.17,16.14,16.58,16.04,646152,1121256544.0,3.3,-1.41,-0.23,5.47
水晶光电,2021-11-18,15.95,15.94,16.77,15.57,783528,1341899472.0,7.43,-1.24,-0.2,6.64
水晶光电,2021-11-19,15.94,16.95,17.08,15.92,1076042,1911548592.0,7.28,6.34,1.01,9.12
水晶光电,2021-11-22,16.93,17.73,17.86,16.7,994042,1843839616.0,6.84,4.6,0.78,8.42
水晶光电,2021-11-23,17.49,17.15,17.69,16.9,704287,1289661344.0,4.46,-3.27,-0.58,5.97
水晶光电,2021-11-24,17.25,17.21,17.45,16.75,660508,1202781024.0,4.08,0.35,0.06,5.6
水晶光电,2021-11-25,17.25,16.36,17.29,16.28,692019,1227373360.0,5.87,-4.94,-0.85,5.86
水晶光电,2021-11-26,16.29,16.32,16.89,16.18,486406,853896880.0,4.34,-0.24,-0.04,4.12
水晶光电,2021-11-29,16.08,16.73,16.88,16.02,532092,944036880.0,5.27,2.51,0.41,4.51
水晶光电,2021-11-30,16.76,16.41,17.08,16.38,459293,818895456.0,4.18,-1.91,-0.32,3.89
水晶光电,2021-12-01,16.35,16.11,16.68,16.01,419206,727985376.0,4.08,-1.83,-0.3,3.55
水晶光电,2021-12-02,15.96,15.55,16.18,15.45,588216,985886048.0,4.53,-3.48,-0.56,4.98
水晶光电,2021-12-03,15.63,15.67,15.83,15.4,316017,528767072.0,2.77,0.77,0.12,2.68
水晶光电,2021-12-06,15.6,15.44,15.89,15.4,300360,502671888.0,3.13,-1.47,-0.23,2.54
水晶光电,2021-12-07,15.53,15.25,15.6,15.05,350328,572976784.0,3.56,-1.23,-0.19,2.97
水晶光电,2021-12-08,15.28,15.91,15.99,15.18,429296,723298208.0,5.31,4.33,0.66,3.64
水晶光电,2021-12-09,16.0,15.83,16.1,15.71,307824,523047520.0,2.45,-0.5,-0.08,2.61
水晶光电,2021-12-10,15.83,16.07,16.15,15.53,416592,708490976.0,3.92,1.52,0.24,3.53
水晶光电,2021-12-13,16.18,16.55,16.69,15.93,539043,944457408.0,4.73,2.99,0.48,4.57
水晶光电,2021-12-14,16.4,16.26,16.55,16.08,359182,625018528.0,2.84,-1.75,-0.29,3.04
水晶光电,2021-12-15,16.3,16.1,16.58,15.9,322070,557922336.0,4.18,-0.98,-0.16,2.73
水晶光电,2021-12-16,16.08,16.3,16.45,15.98,267183,463854432.0,2.92,1.24,0.2,2.26
水晶光电,2021-12-17,16.3,16.36,16.75,16.26,425796,750241056.0,3.01,0.37,0.06,3.61
水晶光电,2021-12-20,16.4,15.43,16.6,15.3,476493,799059040.0,7.95,-5.68,-0.93,4.04
水晶光电,2021-12-21,15.41,15.9,16.2,15.39,307053,520815984.0,5.25,3.05,0.47,2.6
水晶光电,2021-12-22,16.06,16.74,17.16,15.91,770741,1380534720.0,7.86,5.28,0.84,6.53
水晶光电,2021-12-23,17.16,16.82,17.2,16.69,453931,815991328.0,3.05,0.48,0.08,3.85
水晶光电,2021-12-24,17.1,16.88,17.36,16.54,470653,849828400.0,4.88,0.36,0.06,3.99
水晶光电,2021-12-27,16.89,16.65,17.06,16.34,304925,541069040.0,4.27,-1.36,-0.23,2.58
水晶光电,2021-12-28,16.85,16.61,17.08,16.38,333235,594694688.0,4.2,-0.24,-0.04,2.82
水晶光电,2021-12-29,16.62,16.43,16.77,16.35,278156,489458176.0,2.53,-1.08,-0.18,2.36
水晶光电,2021-12-30,16.35,16.79,16.97,16.31,330603,590338816.0,4.02,2.19,0.36,2.8
水晶光电,2021-12-31,16.79,16.29,16.8,16.02,422457,737266368.0,4.65,-2.98,-0.5,3.58
水晶光电,2022-01-04,16.3,17.2,17.35,16.13,720992,1293452976.0,7.49,5.59,0.91,6.11
水晶光电,2022-01-05,17.0,16.12,17.15,15.8,726363,1256602640.0,7.85,-6.28,-1.08,6.15
水晶光电,2022-01-06,15.66,15.84,16.17,15.56,351227,595281120.0,3.78,-1.74,-0.28,2.98
水晶光电,2022-01-07,15.84,14.81,16.08,14.77,519323,849623600.0,8.27,-6.5,-1.03,4.4
水晶光电,2022-01-10,14.68,14.5,14.96,14.25,456120,714782992.0,4.79,-2.09,-0.31,3.86
水晶光电,2022-01-11,14.53,13.97,14.55,13.76,457586,693855744.0,5.45,-3.66,-0.53,3.88
水晶光电,2022-01-12,14.09,14.16,14.25,13.76,361104,546094336.0,3.51,1.36,0.19,3.06
水晶光电,2022-01-13,14.15,14.07,14.48,14.01,306053,468191440.0,3.32,-0.64,-0.09,2.59
水晶光电,2022-01-14,13.96,14.5,14.88,13.91,406224,636041776.0,6.89,3.06,0.43,3.44
水晶光电,2022-01-17,14.49,15.38,15.58,14.46,524971,858751792.0,7.72,6.07,0.88,4.45
水晶光电,2022-01-18,15.4,15.41,15.6,15.12,337994,556133360.0,3.12,0.2,0.03,2.86
水晶光电,2022-01-19,15.26,15.14,15.49,15.01,213110,347123904.0,3.11,-1.75,-0.27,1.81
水晶光电,2022-01-20,15.06,14.85,15.15,14.6,304489,485783120.0,3.63,-1.92,-0.29,2.58
水晶光电,2022-01-21,14.86,14.69,15.15,14.59,219598,349036240.0,3.77,-1.08,-0.16,1.86
水晶光电,2022-01-24,14.54,14.69,14.94,14.43,153095,242274668.0,3.47,0.0,0.0,1.3
水晶光电,2022-01-25,14.54,13.98,14.8,13.95,215483,331838336.0,5.79,-4.83,-0.71,1.83
水晶光电,2022-01-26,13.87,13.72,14.17,13.6,284330,424111872.0,4.08,-1.86,-0.26,2.41
水晶光电,2022-01-27,13.66,12.93,13.66,12.91,385303,548369536.0,5.47,-5.76,-0.79,3.26
水晶光电,2022-01-28,13.19,12.58,13.19,12.57,336628,467882224.0,4.8,-2.71,-0.35,2.85
水晶光电,2022-02-07,12.76,12.75,12.96,12.57,296565,412284416.0,3.1,1.35,0.17,2.19
水晶光电,2022-02-08,12.59,12.75,12.88,12.31,252694,346575808.0,4.47,0.0,0.0,1.87
水晶光电,2022-02-09,12.75,13.15,13.23,12.68,268148,378283600.0,4.31,3.14,0.4,1.98
水晶光电,2022-02-10,13.15,13.1,13.3,13.03,236912,337397760.0,2.05,-0.38,-0.05,1.75
水晶光电,2022-02-11,13.25,13.0,13.43,12.85,340729,486535040.0,4.43,-0.76,-0.1,2.52
水晶光电,2022-02-14,12.86,13.2,13.23,12.74,182552,259259456.0,3.77,1.54,0.2,1.35
水晶光电,2022-02-15,13.03,13.49,13.58,13.02,228351,330930112.0,4.24,2.2,0.29,1.69
水晶光电,2022-02-16,13.49,13.2,13.58,13.14,218262,313307440.0,3.26,-2.15,-0.29,1.61
水晶光电,2022-02-17,13.2,13.2,13.35,13.06,185556,265369999.0,2.2,0.0,0.0,1.37
水晶光电,2022-02-18,13.09,13.19,13.36,13.08,168356,240884697.0,2.12,-0.08,-0.01,1.24
水晶光电,2022-02-21,13.18,13.21,13.35,13.08,259887,372198672.0,2.05,0.15,0.02,1.92
水晶光电,2022-02-22,13.09,12.9,13.16,12.77,197466,276264160.0,2.95,-2.35,-0.31,1.46
水晶光电,2022-02-23,12.91,13.36,13.51,12.85,271013,389577008.0,5.12,3.57,0.46,2.0
水晶光电,2022-02-24,13.26,13.04,13.51,12.88,289367,414283920.0,4.72,-2.4,-0.32,2.14
水晶光电,2022-02-25,13.2,13.2,13.44,13.16,200628,288518112.0,2.15,1.23,0.16,1.48
水晶光电,2022-02-28,13.06,13.06,13.21,12.95,128070,181034226.0,1.97,-1.06,-0.14,0.95
水晶光电,2022-03-01,13.06,12.98,13.13,12.88,184437,260102494.0,1.91,-0.61,-0.08,1.36
水晶光电,2022-03-02,12.88,12.8,12.95,12.75,165131,229802286.0,1.54,-1.39,-0.18,1.22
水晶光电,2022-03-03,12.89,12.4,12.91,12.32,301909,410886272.0,4.61,-3.13,-0.4,2.23
水晶光电,2022-03-04,12.32,12.02,12.35,11.9,362264,477747200.0,3.63,-3.06,-0.38,2.68
水晶光电,2022-03-07,11.92,11.46,11.92,11.31,374803,471555216.0,5.07,-4.66,-0.56,2.77
水晶光电,2022-03-08,11.35,11.24,11.69,11.17,345395,431409136.0,4.54,-1.92,-0.22,2.55
水晶光电,2022-03-09,11.3,11.13,11.38,10.5,307728,374672096.0,7.83,-0.98,-0.11,2.27
水晶光电,2022-03-10,11.15,10.8,11.3,10.74,509089,613897008.0,5.03,-2.96,-0.33,3.76
水晶光电,2022-03-11,10.58,10.72,10.83,10.28,460744,535096000.0,5.09,-0.74,-0.08,3.41
水晶光电,2022-03-14,10.61,10.34,10.69,10.33,243223,281884992.0,3.36,-3.54,-0.38,1.8
水晶光电,2022-03-15,10.28,9.68,10.35,9.67,355855,395976624.0,6.58,-6.38,-0.66,2.63
水晶光电,2022-03-16,9.95,10.25,10.39,9.56,503513,557859232.0,8.57,5.89,0.57,3.72
水晶光电,2022-03-17,10.49,10.42,10.61,10.32,354746,410100416.0,2.83,1.66,0.17,2.62
水晶光电,2022-03-18,10.39,10.43,10.55,10.3,202419,233311544.0,2.4,0.1,0.01,1.5
水晶光电,2022-03-21,10.43,10.54,10.62,10.36,227090,263734364.0,2.49,1.05,0.11,1.68
水晶光电,2022-03-22,10.59,10.55,10.7,10.41,190673,221790727.0,2.75,0.09,0.01,1.41
水晶光电,2022-03-23,10.6,10.54,10.62,10.46,144376,167811573.0,1.52,-0.09,-0.01,1.07
水晶光电,2022-03-24,10.5,10.45,10.58,10.31,178761,206075712.0,2.56,-0.85,-0.09,1.32
水晶光电,2022-03-25,10.54,10.45,10.64,10.42,205238,238454321.0,2.11,0.0,0.0,1.52
水晶光电,2022-03-28,10.22,10.3,10.44,10.09,193354,220240997.0,3.35,-1.44,-0.15,1.43
水晶光电,2022-03-29,10.35,10.02,10.39,9.95,197907,221667971.0,4.27,-2.72,-0.28,1.46
水晶光电,2022-03-30,10.12,10.32,10.34,10.05,170081,192860086.0,2.89,2.99,0.3,1.26
水晶光电,2022-03-31,10.32,10.06,10.34,10.01,140884,158302005.0,3.2,-2.52,-0.26,1.04
水晶光电,2022-04-01,9.98,10.05,10.12,9.92,146495,162963099.0,1.99,-0.1,-0.01,1.08
水晶光电,2022-04-06,10.08,9.93,10.08,9.81,194322,213984164.0,2.69,-1.19,-0.12,1.44
水晶光电,2022-04-07,9.9,9.55,9.93,9.51,262022,281950192.0,4.23,-3.83,-0.38,1.94
水晶光电,2022-04-08,9.55,9.32,9.6,9.19,248140,259535862.0,4.29,-2.41,-0.23,1.83
水晶光电,2022-04-11,9.32,8.82,9.4,8.78,318035,320464080.0,6.65,-5.36,-0.5,2.35
水晶光电,2022-04-12,8.84,9.11,9.11,8.68,241859,241859611.0,4.88,3.29,0.29,1.79
水晶光电,2022-04-13,9.08,8.82,9.08,8.8,164821,164264107.0,3.07,-3.18,-0.29,1.22
水晶光电,2022-04-14,8.9,8.89,9.05,8.69,192828,192125907.0,4.08,0.79,0.07,1.43
水晶光电,2022-04-15,8.91,8.95,9.12,8.83,206941,208840014.0,3.26,0.67,0.06,1.53
水晶光电,2022-04-18,8.97,9.18,9.22,8.95,235419,240714218.0,3.02,2.57,0.23,1.74
水晶光电,2022-04-19,9.22,9.04,9.25,8.96,203740,207069408.0,3.16,-1.53,-0.14,1.51
水晶光电,2022-04-20,9.06,8.87,9.18,8.82,211293,213411342.0,3.98,-1.88,-0.17,1.56
水晶光电,2022-04-21,8.87,8.72,9.09,8.67,273280,267539261.0,4.74,-1.69,-0.15,2.02
水晶光电,2022-04-22,8.68,8.67,8.78,8.38,249744,237316392.0,4.59,-0.57,-0.05,1.85
水晶光电,2022-04-25,8.54,7.72,8.54,7.71,415045,371941120.0,9.57,-10.96,-0.95,3.07
水晶光电,2022-04-26,7.79,7.62,8.15,7.59,348730,305682848.0,7.25,-1.3,-0.1,2.58
水晶光电,2022-04-27,7.52,8.15,8.19,7.45,383214,337257680.0,9.71,6.96,0.53,2.83
水晶光电,2022-04-28,8.15,8.25,8.42,8.08,308199,281232496.0,4.17,1.23,0.1,2.28
水晶光电,2022-04-29,8.33,8.52,8.56,8.16,302309,280884272.0,4.85,3.27,0.27,2.23
水晶光电,2022-05-05,8.48,8.58,8.68,8.4,227825,216067385.0,3.29,0.7,0.06,1.68
水晶光电,2022-05-06,8.37,8.51,8.65,8.27,190570,178779955.0,4.43,-0.82,-0.07,1.41
水晶光电,2022-05-09,8.51,8.55,8.66,8.41,148893,140937034.0,2.94,0.47,0.04,1.1
水晶光电,2022-05-10,8.44,8.88,8.9,8.38,270905,261947627.0,6.08,3.86,0.33,2.0
水晶光电,2022-05-11,8.91,8.93,9.21,8.83,321175,319822640.0,4.28,0.56,0.05,2.37
水晶光电,2022-05-12,8.89,9.11,9.2,8.88,214278,213031841.0,3.58,2.02,0.18,1.58
水晶光电,2022-05-13,9.13,9.04,9.18,8.94,154513,153177750.0,2.63,-0.77,-0.07,1.14
水晶光电,2022-05-16,9.1,8.94,9.16,8.85,208686,205900353.0,3.43,-1.11,-0.1,1.54
水晶光电,2022-05-17,8.94,9.07,9.09,8.76,200550,197818245.0,3.69,1.45,0.13,1.48
水晶光电,2022-05-18,9.07,9.16,9.35,9.01,219938,221991151.0,3.75,0.99,0.09,1.63
水晶光电,2022-05-19,9.02,9.11,9.2,8.99,191654,191274631.0,2.29,-0.55,-0.05,1.42
水晶光电,2022-05-20,9.2,9.39,9.43,9.18,269721,275600096.0,2.74,3.07,0.28,1.99
水晶光电,2022-05-23,9.52,9.35,9.65,9.26,233166,239647672.0,4.15,-0.43,-0.04,1.72
水晶光电,2022-05-24,9.31,8.96,9.55,8.94,342064,346611296.0,6.52,-4.17,-0.39,2.53
水晶光电,2022-05-25,8.97,9.04,9.06,8.86,164650,162460271.0,2.23,0.89,0.08,1.22
水晶光电,2022-05-26,9.01,9.17,9.25,8.77,220574,219017071.0,5.31,1.44,0.13,1.63
水晶光电,2022-05-27,9.2,9.07,9.31,8.98,200440,200860635.0,3.6,-1.09,-0.1,1.48
水晶光电,2022-05-30,9.19,9.25,9.28,9.06,231369,232886169.0,2.43,1.98,0.18,1.71
水晶光电,2022-05-31,9.3,10.27,10.27,9.06,619661,665264368.0,13.08,11.03,1.02,4.58
水晶光电,2022-06-01,10.4,10.25,10.54,10.02,1020434,1140984432.0,5.06,-0.19,-0.02,7.54
水晶光电,2022-06-02,9.99,10.29,10.37,9.97,657829,729417872.0,3.9,0.39,0.04,4.86
水晶光电,2022-06-06,10.21,10.69,10.72,10.1,842647,956733072.0,6.03,3.89,0.4,6.23
水晶光电,2022-06-07,10.49,10.33,10.68,10.22,497795,561840336.0,4.3,-3.37,-0.36,3.68
水晶光电,2022-06-08,10.22,10.18,10.34,9.96,409081,451595344.0,3.68,-1.45,-0.15,3.02
水晶光电,2022-06-09,10.14,9.86,10.14,9.8,253224,274761664.0,3.34,-3.14,-0.32,1.87
水晶光电,2022-06-10,9.79,10.16,10.16,9.77,320946,350395104.0,3.96,3.04,0.3,2.37
水晶光电,2022-06-13,10.1,10.34,10.39,9.96,402311,449298096.0,4.23,1.77,0.18,2.97
水晶光电,2022-06-14,10.16,10.25,10.28,9.85,315851,346597712.0,4.16,-0.87,-0.09,2.33
水晶光电,2022-06-15,10.25,10.28,10.46,10.22,412054,463856240.0,2.34,0.29,0.03,3.05
水晶光电,2022-06-16,10.3,10.46,10.6,10.3,438123,496257200.0,2.92,1.75,0.18,3.24
水晶光电,2022-06-17,10.32,10.53,10.66,10.14,432130,488326096.0,4.97,0.67,0.07,3.19
水晶光电,2022-06-20,10.73,10.55,10.9,10.41,472183,542503264.0,4.65,0.19,0.02,3.49
水晶光电,2022-06-21,10.5,10.61,10.84,10.41,512569,590875840.0,4.08,0.57,0.06,3.79
水晶光电,2022-06-22,10.78,10.15,10.86,10.14,488639,549335792.0,6.79,-4.34,-0.46,3.61
水晶光电,2022-06-23,10.12,10.5,10.55,10.05,538852,606711024.0,4.93,3.45,0.35,3.98
水晶光电,2022-06-24,10.52,10.63,10.69,10.45,469565,540723056.0,2.29,1.24,0.13,3.47
水晶光电,2022-06-27,10.72,10.55,10.74,10.5,433241,498340048.0,2.26,-0.75,-0.08,3.2
水晶光电,2022-06-28,10.69,11.14,11.2,10.48,760326,899512000.0,6.82,5.59,0.59,5.62
水晶光电,2022-06-29,11.1,10.67,11.18,10.66,540022,635910560.0,4.67,-4.22,-0.47,3.99
水晶光电,2022-06-30,10.65,11.21,11.36,10.62,731482,880412352.0,6.94,5.06,0.54,5.41
水晶光电,2022-07-01,11.24,11.35,11.49,11.02,532289,648434432.0,4.19,1.25,0.14,3.94
水晶光电,2022-07-04,11.3,11.2,11.3,11.02,328326,395367024.0,2.47,-1.32,-0.15,2.43
水晶光电,2022-07-05,11.14,11.1,11.28,10.82,383161,457068448.0,4.11,-0.89,-0.1,2.83
水晶光电,2022-07-06,11.01,11.01,11.23,10.86,263041,313064960.0,3.33,-0.81,-0.09,1.94
水晶光电,2022-07-07,11.02,11.33,11.6,10.96,478483,583693776.0,5.81,2.91,0.32,3.54
水晶光电,2022-07-08,11.31,11.35,11.66,11.25,584317,723840672.0,3.62,0.18,0.02,4.32
水晶光电,2022-07-11,11.32,11.03,11.32,10.86,370949,442632928.0,4.05,-2.82,-0.32,2.74
水晶光电,2022-07-12,10.96,10.48,11.02,10.46,400096,464601906.94,5.08,-4.99,-0.55,2.96
水晶光电,2022-07-13,10.45,10.43,10.71,10.4,260221,297240381.17,2.96,-0.48,-0.05,1.92
水晶光电,2022-07-14,10.43,10.85,11.04,10.41,410204,480559856.3,6.04,4.03,0.42,3.03
水晶光电,2022-07-15,10.82,10.59,10.86,10.58,261293,303877928.97,2.58,-2.4,-0.26,1.93
水晶光电,2022-07-18,10.68,11.36,11.45,10.47,592442,711351857.0,9.25,7.27,0.77,4.38
水晶光电,2022-07-19,11.43,11.2,11.52,11.04,394834,478430639.7,4.23,-1.41,-0.16,2.92
水晶光电,2022-07-20,11.25,11.18,11.3,11.05,280619,338775995.71,2.23,-0.18,-0.02,2.07
水晶光电,2022-07-21,11.18,11.04,11.32,11.03,273072,329125970.79,2.59,-1.25,-0.14,2.02
水晶光电,2022-07-22,11.09,10.95,11.19,10.76,304938,361955120.98,3.89,-0.82,-0.09,2.25
水晶光电,2022-07-25,10.94,10.63,11.05,10.57,226144,263634812.16,4.38,-2.92,-0.32,1.67
水晶光电,2022-07-26,10.72,10.76,10.8,10.48,195514,226075724.31,3.01,1.22,0.13,1.45
水晶光电,2022-07-27,10.7,10.8,10.99,10.65,217631,255497467.69,3.16,0.37,0.04,1.61
水晶光电,2022-07-28,10.85,11.34,11.65,10.81,800507,983940446.01,7.78,5.0,0.54,5.92
水晶光电,2022-07-29,11.35,11.22,11.45,11.12,382320,465101811.64,2.91,-1.06,-0.12,2.83
水晶光电,2022-08-01,11.23,11.93,12.0,11.0,813945,1023414367.67,8.91,6.33,0.71,6.02
水晶光电,2022-08-02,11.72,11.39,11.85,11.22,671459,831422488.05,5.28,-4.53,-0.54,4.96
水晶光电,2022-08-03,11.57,11.64,12.0,11.55,788562,1002726709.97,3.95,2.19,0.25,5.83
水晶光电,2022-08-04,11.89,11.96,12.43,11.8,693601,898514586.14,5.41,2.75,0.32,5.13
水晶光电,2022-08-05,12.1,12.0,12.29,11.95,640879,833278178.33,2.84,0.33,0.04,4.74
水晶光电,2022-08-08,11.93,12.3,12.34,11.78,588623,765821914.31,4.67,2.5,0.3,4.35
水晶光电,2022-08-09,12.13,12.43,12.48,12.01,426658,563189864.74,3.82,1.06,0.13,3.15
水晶光电,2022-08-10,12.3,12.89,13.0,12.25,644671,881460417.95,6.03,3.7,0.46,4.77
水晶光电,2022-08-11,12.88,13.48,13.62,12.8,708348,1004838846.12,6.36,4.58,0.59,5.24
水晶光电,2022-08-12,13.43,13.03,13.47,12.94,571388,802372086.25,3.93,-3.34,-0.45,4.22
水晶光电,2022-08-15,12.97,13.18,13.26,12.83,445849,625142186.45,3.3,1.15,0.15,3.3
水晶光电,2022-08-16,13.1,13.15,13.32,12.99,291042,407495264.78,2.5,-0.23,-0.03,2.15
水晶光电,2022-08-17,13.19,13.69,13.9,13.03,639514,924649740.35,6.62,4.11,0.54,4.73
水晶光电,2022-08-18,14.1,14.57,14.75,14.06,1267132,1945211581.77,5.04,6.43,0.88,9.37
水晶光电,2022-08-19,14.55,13.51,14.63,13.5,834639,1233789701.2,7.76,-7.28,-1.06,6.17
水晶光电,2022-08-22,13.5,13.83,14.03,13.42,657475,966744410.62,4.52,2.37,0.32,4.86
水晶光电,2022-08-23,13.75,13.5,13.93,13.32,445673,644475107.54,4.41,-2.39,-0.33,3.3
水晶光电,2022-08-24,13.49,12.9,13.54,12.8,506639,703846949.45,5.48,-4.44,-0.6,3.75
水晶光电,2022-08-25,12.98,12.66,13.13,12.3,370360,500651790.99,6.43,-1.86,-0.24,2.74
水晶光电,2022-08-26,12.75,12.52,12.96,12.46,226521,307350169.95,3.95,-1.11,-0.14,1.67
水晶光电,2022-08-29,12.26,12.51,12.69,12.2,219401,294478094.08,3.91,-0.08,-0.01,1.62
水晶光电,2022-08-30,12.5,12.64,12.88,12.4,314078,426267637.31,3.84,1.04,0.13,2.32
水晶光电,2022-08-31,12.46,12.0,12.68,11.94,336091,439170491.86,5.85,-5.06,-0.64,2.48
水晶光电,2022-09-01,12.02,12.02,12.33,11.97,177154,230347412.65,3.0,0.17,0.02,1.31
水晶光电,2022-09-02,12.06,12.5,12.63,12.03,266006,354699904.17,4.99,3.99,0.48,1.97
水晶光电,2022-09-05,12.55,12.43,12.85,12.3,244830,329637413.95,4.4,-0.56,-0.07,1.81
水晶光电,2022-09-06,12.48,12.28,12.59,12.08,363891,476957892.53,4.1,-1.21,-0.15,2.69
水晶光电,2022-09-07,12.22,12.62,12.68,12.17,322711,431748382.62,4.15,2.77,0.34,2.39
水晶光电,2022-09-08,12.62,11.9,12.68,11.77,441189,573539668.04,7.21,-5.71,-0.72,3.26
水晶光电,2022-09-09,11.85,11.98,12.08,11.82,170400,218942055.8,2.18,0.67,0.08,1.26
水晶光电,2022-09-13,12.01,12.11,12.65,11.98,297600,392739766.84,5.59,1.09,0.13,2.2
水晶光电,2022-09-14,11.86,11.6,12.01,11.52,326499,411804832.47,4.05,-4.21,-0.51,2.41
水晶光电,2022-09-15,11.66,11.12,11.7,10.9,357483,432420742.57,6.9,-4.14,-0.48,2.64
水晶光电,2022-09-16,11.07,10.83,11.19,10.83,227795,271387941.65,3.24,-2.61,-0.29,1.68
水晶光电,2022-09-19,10.86,10.73,11.01,10.6,199195,232294712.36,3.79,-0.92,-0.1,1.47
水晶光电,2022-09-20,10.86,10.84,10.91,10.71,152227,178578478.78,1.86,1.03,0.11,1.13
水晶光电,2022-09-21,10.75,10.8,10.94,10.52,166499,194279615.69,3.87,-0.37,-0.04,1.23
水晶光电,2022-09-22,10.68,10.71,10.9,10.65,120266,140316692.88,2.31,-0.83,-0.09,0.89
水晶光电,2022-09-23,10.71,10.4,10.78,10.3,282559,320911133.46,4.48,-2.89,-0.31,2.09
水晶光电,2022-09-26,10.35,10.35,10.56,10.23,166273,188208133.55,3.17,-0.48,-0.05,1.23
水晶光电,2022-09-27,10.37,10.37,10.51,10.2,231217,259533951.72,3.0,0.19,0.02,1.71
水晶光电,2022-09-28,10.4,9.91,10.43,9.89,278851,305179756.71,5.21,-4.44,-0.46,2.06
水晶光电,2022-09-29,10.11,10.06,10.18,9.99,252318,277402822.25,1.92,1.51,0.15,1.87
水晶光电,2022-09-30,10.0,9.77,10.07,9.71,194886,209597020.28,3.58,-2.88,-0.29,1.44
水晶光电,2022-10-10,9.86,9.33,9.9,9.29,204340,212913794.82,6.24,-4.5,-0.44,1.51
水晶光电,2022-10-11,9.4,9.53,9.61,9.32,215516,224245425.77,3.11,2.14,0.2,1.59
水晶光电,2022-10-12,9.45,10.09,10.14,9.42,284205,303323396.35,7.56,5.88,0.56,2.1
水晶光电,2022-10-13,10.05,10.22,10.35,9.99,227601,252901300.03,3.57,1.29,0.13,1.68
水晶光电,2022-10-14,10.3,10.49,10.55,10.19,184519,208771078.76,3.52,2.64,0.27,1.36
水晶光电,2022-10-17,10.5,10.9,10.98,10.45,266495,311385963.78,5.05,3.91,0.41,1.97
水晶光电,2022-10-18,10.95,10.85,11.0,10.72,181122,212685673.4,2.57,-0.46,-0.05,1.34
水晶光电,2022-10-19,10.84,10.73,11.0,10.7,208313,244321636.26,2.76,-1.11,-0.12,1.54
水晶光电,2022-10-20,10.7,10.78,10.95,10.53,162997,190177644.88,3.91,0.47,0.05,1.21
水晶光电,2022-10-21,10.8,10.73,10.84,10.63,121049,140898190.34,1.95,-0.46,-0.05,0.9
水晶光电,2022-10-24,10.77,10.65,10.99,10.51,241244,281960829.04,4.47,-0.75,-0.08,1.78
水晶光电,2022-10-25,10.93,11.24,11.29,10.76,659110,786034263.95,4.98,5.54,0.59,4.87
水晶光电,2022-10-26,11.24,11.69,11.8,11.12,533617,664050245.25,6.05,4.0,0.45,3.95
水晶光电,2022-10-27,11.69,11.55,11.75,11.48,258456,323450683.51,2.31,-1.2,-0.14,1.91
水晶光电,2022-10-28,11.5,11.11,11.64,11.02,282370,343910985.64,5.37,-3.81,-0.44,2.09
水晶光电,2022-10-31,11.04,11.17,11.37,10.92,243857,294700478.66,4.05,0.54,0.06,1.8
水晶光电,2022-11-01,11.03,11.55,11.56,11.03,256692,315880220.92,4.74,3.4,0.38,1.9
水晶光电,2022-11-02,12.31,11.83,12.34,11.8,706141,918482927.67,4.68,2.42,0.28,5.22
水晶光电,2022-11-03,11.74,12.14,12.19,11.69,354754,455652218.51,4.23,2.62,0.31,2.62
水晶光电,2022-11-04,12.02,12.17,12.3,11.9,268184,349991401.08,3.29,0.25,0.03,1.98
水晶光电,2022-11-07,12.21,12.21,12.54,12.12,272730,359816557.98,3.45,0.33,0.04,2.02
水晶光电,2022-11-08,12.17,11.92,12.17,11.82,227165,291809030.61,2.87,-2.38,-0.29,1.68
水晶光电,2022-11-09,11.81,11.87,12.02,11.75,154863,197857488.49,2.27,-0.42,-0.05,1.15
水晶光电,2022-11-10,11.71,11.5,11.81,11.4,228529,285091419.84,3.45,-3.12,-0.37,1.69
水晶光电,2022-11-11,11.79,11.61,11.93,11.6,180165,227727583.34,2.87,0.96,0.11,1.33
水晶光电,2022-11-14,11.65,11.65,11.87,11.54,140077,176491267.84,2.84,0.34,0.04,1.04
水晶光电,2022-11-15,11.5,11.94,11.94,11.41,219059,278081954.41,4.55,2.49,0.29,1.62
水晶光电,2022-11-16,11.94,11.76,11.98,11.69,136549,173938298.06,2.43,-1.51,-0.18,1.01
水晶光电,2022-11-17,11.73,11.75,11.76,11.45,169417,211803774.56,2.64,-0.09,-0.01,1.25
水晶光电,2022-11-18,11.82,11.65,11.95,11.62,198312,251876494.85,2.81,-0.85,-0.1,1.47
水晶光电,2022-11-21,11.56,11.65,11.75,11.52,150432,188342518.3,1.97,0.0,0.0,1.11
水晶光电,2022-11-22,11.56,11.34,11.69,11.25,202188,249404065.78,3.78,-2.66,-0.31,1.49
水晶光电,2022-11-23,11.35,11.25,11.43,10.98,198538,239822073.38,3.97,-0.79,-0.09,1.47
水晶光电,2022-11-24,11.35,11.29,11.4,11.1,104819,127531093.65,2.67,0.36,0.04,0.78
水晶光电,2022-11-25,11.32,11.03,11.37,10.96,160104,192089064.23,3.63,-2.3,-0.26,1.18
水晶光电,2022-11-28,10.8,10.86,10.95,10.71,190395,223034039.35,2.18,-1.54,-0.17,1.41
水晶光电,2022-11-29,10.89,11.18,11.24,10.88,135912,163537117.19,3.31,2.95,0.32,1.0
水晶光电,2022-11-30,11.18,11.18,11.32,11.11,120741,146257010.28,1.88,0.0,0.0,0.89
水晶光电,2022-12-01,11.3,11.22,11.52,11.2,159084,194960366.86,2.86,0.36,0.04,1.18
水晶光电,2022-12-02,11.26,11.4,11.48,11.22,134605,165194872.29,2.32,1.6,0.18,1.0
水晶光电,2022-12-05,11.56,11.39,11.56,11.3,150853,185338440.38,2.28,-0.09,-0.01,1.12
水晶光电,2022-12-06,11.3,11.37,11.46,11.29,117538,144313896.05,1.49,-0.18,-0.02,0.87
水晶光电,2022-12-07,11.37,11.32,11.45,11.28,98074,120248497.23,1.5,-0.44,-0.05,0.73
水晶光电,2022-12-08,11.26,11.15,11.36,11.1,130614,158142400.96,2.3,-1.5,-0.17,0.97
水晶光电,2022-12-09,11.16,11.37,11.44,11.12,149314,182625311.9,2.87,1.97,0.22,1.1
水晶光电,2022-12-12,11.37,11.42,11.5,11.16,133538,163618351.28,2.99,0.44,0.05,0.99
水晶光电,2022-12-13,11.39,11.17,11.39,11.13,120344,145922874.03,2.28,-2.19,-0.25,0.89
水晶光电,2022-12-14,11.28,11.16,11.49,11.15,147509,179570969.61,3.04,-0.09,-0.01,1.09
水晶光电,2022-12-15,11.12,11.34,11.41,11.03,133084,162530774.8,3.41,1.61,0.18,0.98
水晶光电,2022-12-16,11.26,11.18,11.28,11.11,108828,131212356.09,1.5,-1.41,-0.16,0.8
水晶光电,2022-12-19,11.1,10.7,11.21,10.65,132393,155600581.69,5.01,-4.29,-0.48,0.98
水晶光电,2022-12-20,10.6,10.85,11.02,10.58,125713,147817043.09,4.11,1.4,0.15,0.93
水晶光电,2022-12-21,10.81,10.74,10.91,10.67,73425,85727610.56,2.21,-1.01,-0.11,0.54
水晶光电,2022-12-22,10.78,10.74,11.05,10.7,106618,125482615.83,3.26,0.0,0.0,0.79
水晶光电,2022-12-23,10.67,10.52,10.77,10.41,85886,98516293.19,3.35,-2.05,-0.22,0.64
水晶光电,2022-12-26,10.53,10.94,10.95,10.52,105321,123813808.41,4.09,3.99,0.42,0.78
水晶光电,2022-12-27,10.97,11.03,11.1,10.89,108267,129298176.81,1.92,0.82,0.09,0.8
水晶光电,2022-12-28,10.94,10.92,11.02,10.88,64925,76799663.58,1.27,-1.0,-0.11,0.48
水晶光电,2022-12-29,10.91,10.89,11.02,10.86,62201,73541914.46,1.47,-0.27,-0.03,0.46
水晶光电,2022-12-30,10.91,10.89,11.05,10.84,79411,93881979.04,1.93,0.0,0.0,0.59
水晶光电,2023-01-03,10.89,11.34,11.38,10.79,187939,226857653.45,5.42,4.13,0.45,1.39
水晶光电,2023-01-04,11.3,11.18,11.49,11.07,134353,162724528.38,3.7,-1.41,-0.16,0.99
水晶光电,2023-01-05,11.2,11.33,11.44,11.1,162963,198989803.33,3.04,1.34,0.15,1.2
水晶光电,2023-01-06,11.33,11.43,11.48,11.23,142528,175093294.78,2.21,0.88,0.1,1.05
水晶光电,2023-01-09,11.45,11.5,11.6,11.43,129946,161434936.46,1.49,0.61,0.07,0.96
水晶光电,2023-01-10,11.47,11.5,11.58,11.4,111529,138222444.31,1.57,0.0,0.0,0.82
水晶光电,2023-01-11,11.5,11.55,11.7,11.46,154510,193360553.09,2.09,0.43,0.05,1.14
水晶光电,2023-01-12,11.5,11.58,11.64,11.4,80751,100418226.27,2.08,0.26,0.03,0.6
水晶光电,2023-01-13,11.55,11.48,11.57,11.35,81864,101144559.08,1.9,-0.86,-0.1,0.6
水晶光电,2023-01-16,11.5,11.66,11.68,11.46,146195,182866299.66,1.92,1.57,0.18,1.08
水晶光电,2023-01-17,11.62,11.78,11.86,11.58,140458,177728849.24,2.4,1.03,0.12,1.04
水晶光电,2023-01-18,11.76,11.74,11.82,11.64,84699,107136989.78,1.53,-0.34,-0.04,0.63
水晶光电,2023-01-19,11.73,11.85,11.86,11.68,101181,128594924.81,1.53,0.94,0.11,0.75
水晶光电,2023-01-20,11.9,11.87,12.02,11.7,214698,274448519.88,2.7,0.17,0.02,1.58
水晶光电,2023-01-30,12.05,11.93,12.15,11.82,278795,358197083.34,2.78,0.51,0.06,2.06
水晶光电,2023-01-31,11.91,11.76,11.96,11.75,194360,246853148.23,1.76,-1.42,-0.17,1.43
水晶光电,2023-02-01,11.8,12.0,12.06,11.79,247645,318261987.69,2.3,2.04,0.24,1.83
水晶光电,2023-02-02,12.05,11.98,12.18,11.96,217632,282132247.9,1.83,-0.17,-0.02,1.61
水晶光电,2023-02-03,12.0,12.14,12.22,11.85,240994,312290970.08,3.09,1.34,0.16,1.78
水晶光电,2023-02-06,12.0,11.87,12.18,11.79,255211,327239970.87,3.21,-2.22,-0.27,1.88
水晶光电,2023-02-07,11.99,12.31,12.4,11.96,391872,514538491.75,3.71,3.71,0.44,2.89
水晶光电,2023-02-08,12.26,12.01,12.37,12.0,255450,333106820.08,3.01,-2.44,-0.3,1.89
水晶光电,2023-02-09,11.91,12.27,12.3,11.91,216421,282937257.7,3.25,2.16,0.26,1.6
水晶光电,2023-02-10,12.26,12.19,12.4,12.12,187029,246139932.39,2.28,-0.65,-0.08,1.38
水晶光电,2023-02-13,12.28,12.37,12.45,12.21,261670,346644137.65,1.97,1.48,0.18,1.93
水晶光电,2023-02-14,12.36,12.39,12.44,12.24,215995,286309182.89,1.62,0.16,0.02,1.59
水晶光电,2023-02-15,12.36,12.67,12.76,12.35,330495,445679279.52,3.31,2.26,0.28,2.44
水晶光电,2023-02-16,12.6,12.32,12.65,12.18,291469,389157649.37,3.71,-2.76,-0.35,2.15
水晶光电,2023-02-17,12.32,12.08,12.38,12.03,223344,291329674.37,2.84,-1.95,-0.24,1.65
水晶光电,2023-02-20,12.13,12.32,12.38,12.02,210865,277820914.63,2.98,1.99,0.24,1.56
水晶光电,2023-02-21,12.33,12.37,12.52,12.27,171423,227782393.14,2.03,0.41,0.05,1.27
水晶光电,2023-02-22,12.25,12.4,12.55,12.22,139609,186002186.25,2.67,0.24,0.03,1.03
水晶光电,2023-02-23,12.44,12.33,12.46,12.22,129813,171385823.19,1.94,-0.56,-0.07,0.96
水晶光电,2023-02-24,12.29,12.29,12.4,12.23,90145,119042801.93,1.38,-0.32,-0.04,0.67
水晶光电,2023-02-27,12.15,11.98,12.23,11.95,187354,242770508.78,2.28,-2.52,-0.31,1.38
水晶光电,2023-02-28,12.08,12.03,12.21,11.88,203410,262986352.26,2.75,0.42,0.05,1.5
水晶光电,2023-03-01,12.03,12.3,12.32,11.97,154053,202217577.81,2.91,2.24,0.27,1.14
水晶光电,2023-03-02,12.29,12.02,12.35,11.96,153762,200246914.74,3.17,-2.28,-0.28,1.13
水晶光电,2023-03-03,12.08,11.98,12.16,11.84,137226,176769186.53,2.66,-0.33,-0.04,1.01
水晶光电,2023-03-06,11.98,11.9,12.08,11.83,156125,200258033.4,2.09,-0.67,-0.08,1.15
水晶光电,2023-03-07,11.98,11.59,12.0,11.59,172515,218162112.44,3.45,-2.61,-0.31,1.27
水晶光电,2023-03-08,11.48,11.74,11.8,11.48,95675,120628934.66,2.76,1.29,0.15,0.71
水晶光电,2023-03-09,11.66,11.82,11.86,11.65,85755,108864384.24,1.79,0.68,0.08,0.63
水晶光电,2023-03-10,11.73,11.63,11.82,11.57,108210,136143583.86,2.12,-1.61,-0.19,0.8
水晶光电,2023-03-13,11.6,11.65,11.74,11.52,97782,122400795.78,1.89,0.17,0.02,0.72
水晶光电,2023-03-14,11.6,11.5,11.63,11.25,165115,204080209.93,3.26,-1.29,-0.15,1.22
水晶光电,2023-03-15,11.58,11.76,12.06,11.58,195796,249667671.17,4.17,2.26,0.26,1.45
水晶光电,2023-03-16,11.68,11.56,11.76,11.51,107678,135032850.69,2.13,-1.7,-0.2,0.79
水晶光电,2023-03-17,11.63,11.82,11.97,11.59,176389,224793882.25,3.29,2.25,0.26,1.3
水晶光电,2023-03-20,11.86,12.36,12.53,11.85,372584,491639624.99,5.75,4.57,0.54,2.75
水晶光电,2023-03-21,12.4,12.48,12.64,12.34,256836,343831950.18,2.43,0.97,0.12,1.9
水晶光电,2023-03-22,12.42,12.75,12.83,12.42,283692,385233638.68,3.29,2.16,0.27,2.09
水晶光电,2023-03-23,12.81,12.9,12.98,12.76,251509,346791543.24,1.73,1.18,0.15,1.86
水晶光电,2023-03-24,12.95,13.06,13.15,12.9,305312,426008595.02,1.94,1.24,0.16,2.25
水晶光电,2023-03-27,13.01,12.98,13.19,12.79,247289,343192260.51,3.06,-0.61,-0.08,1.83
水晶光电,2023-03-28,12.91,12.68,12.98,12.64,204021,279367107.55,2.62,-2.31,-0.3,1.51
水晶光电,2023-03-29,12.76,12.84,12.98,12.7,150791,207367313.21,2.21,1.26,0.16,1.11
水晶光电,2023-03-30,12.85,13.0,13.09,12.82,172006,238486759.15,2.1,1.25,0.16,1.27
水晶光电,2023-03-31,12.92,13.02,13.04,12.76,149078,206230664.28,2.15,0.15,0.02,1.1
水晶光电,2023-04-03,13.02,13.08,13.21,12.95,203566,284725008.46,2.0,0.46,0.06,1.5
水晶光电,2023-04-04,13.11,13.14,13.35,13.03,245880,345987009.35,2.45,0.46,0.06,1.81
水晶光电,2023-04-06,13.06,13.06,13.18,12.89,198986,277118817.32,2.21,-0.61,-0.08,1.47
水晶光电,2023-04-07,13.16,13.12,13.22,13.0,161940,227335914.72,1.68,0.46,0.06,1.2
水晶光电,2023-04-10,13.09,13.01,13.46,12.94,290105,408451197.17,3.96,-0.84,-0.11,2.14
水晶光电,2023-04-11,13.02,13.02,13.2,12.95,162677,227057842.69,1.92,0.08,0.01,1.2
水晶光电,2023-04-12,13.17,13.15,13.37,12.84,390520,549439256.55,4.07,1.0,0.13,2.88
水晶光电,2023-04-13,13.06,12.76,13.18,12.69,331139,456751965.48,3.73,-2.97,-0.39,2.44
水晶光电,2023-04-14,12.81,12.91,13.0,12.67,207610,285879494.17,2.59,1.18,0.15,1.53
水晶光电,2023-04-17,12.9,12.79,12.99,12.73,183409,251467538.35,2.01,-0.93,-0.12,1.35
水晶光电,2023-04-18,12.78,12.76,12.98,12.48,244009,332589386.32,3.91,-0.23,-0.03,1.8
水晶光电,2023-04-19,12.7,12.78,13.05,12.68,202802,278526121.09,2.9,0.16,0.02,1.5
水晶光电,2023-04-20,12.73,12.76,12.83,12.65,160330,218717349.52,1.41,-0.16,-0.02,1.18
水晶光电,2023-04-21,12.73,12.07,12.77,12.06,234897,309876511.4,5.56,-5.41,-0.69,1.73
水晶光电,2023-04-24,12.02,11.76,12.07,11.69,198099,252246466.8,3.15,-2.57,-0.31,1.46
水晶光电,2023-04-25,11.7,11.05,11.72,10.84,386967,465757511.24,7.48,-6.04,-0.71,2.86
水晶光电,2023-04-26,11.1,10.64,11.23,10.35,422674,488291995.62,7.96,-3.71,-0.41,3.12
水晶光电,2023-04-27,10.63,10.45,10.72,10.38,255342,291319995.95,3.2,-1.79,-0.19,1.88
水晶光电,2023-04-28,10.45,10.72,10.79,10.42,213215,246327832.02,3.54,2.58,0.27,1.57
水晶光电,2023-05-04,10.72,10.61,10.75,10.48,239321,274777769.46,2.52,-1.03,-0.11,1.77
水晶光电,2023-05-05,10.57,10.41,10.57,10.25,207411,234538345.06,3.02,-1.89,-0.2,1.53
水晶光电,2023-05-08,10.5,10.69,10.8,10.5,266428,307488714.85,2.88,2.69,0.28,1.97
水晶光电,2023-05-09,10.67,10.51,10.92,10.41,359127,414068253.93,4.77,-1.68,-0.18,2.65
水晶光电,2023-05-10,10.51,10.33,10.58,10.18,235931,264439558.7,3.81,-1.71,-0.18,1.74
水晶光电,2023-05-11,10.33,10.35,10.49,10.3,202297,228297294.46,1.84,0.19,0.02,1.49
水晶光电,2023-05-12,10.34,10.24,10.39,10.18,126251,141153894.37,2.03,-1.06,-0.11,0.93
水晶光电,2023-05-15,10.25,10.39,10.4,10.0,189389,210041677.52,3.91,1.46,0.15,1.4
水晶光电,2023-05-16,10.55,10.72,10.87,10.38,326502,370196691.63,4.72,3.18,0.33,2.41
水晶光电,2023-05-17,10.73,10.76,10.89,10.62,241129,276027134.87,2.52,0.37,0.04,1.78
水晶光电,2023-05-18,10.75,10.86,10.99,10.74,234273,270337092.93,2.32,0.93,0.1,1.73
水晶光电,2023-05-19,10.9,11.04,11.16,10.81,245833,287816842.58,3.22,1.66,0.18,1.81
水晶光电,2023-05-22,11.09,11.08,11.23,10.98,245480,289041018.38,2.26,0.36,0.04,1.81
水晶光电,2023-05-23,11.05,11.02,11.15,10.94,166386,195437602.63,1.9,-0.54,-0.06,1.23
水晶光电,2023-05-24,10.93,11.14,11.28,10.89,189255,223445484.57,3.54,1.09,0.12,1.4
水晶光电,2023-05-25,11.14,11.05,11.25,10.84,160269,187605391.25,3.68,-0.81,-0.09,1.18
水晶光电,2023-05-26,11.05,11.19,11.2,11.0,105748,124942982.65,1.81,1.27,0.14,0.78
水晶光电,2023-05-29,11.22,11.25,11.35,11.16,137238,163823761.69,1.7,0.54,0.06,1.01
水晶光电,2023-05-30,11.2,11.24,11.27,11.02,175839,208620051.64,2.22,-0.09,-0.01,1.3
水晶光电,2023-05-31,11.18,11.13,11.26,11.03,151172,178708840.32,2.05,-0.98,-0.11,1.12
水晶光电,2023-06-01,11.08,11.25,11.37,10.9,240805,287606744.73,4.22,1.08,0.12,1.78
水晶光电,2023-06-02,11.42,11.36,11.52,11.13,246401,296112914.48,3.47,0.98,0.11,1.82
水晶光电,2023-06-05,11.34,11.3,11.38,11.18,147358,176441437.72,1.76,-0.53,-0.06,1.09
水晶光电,2023-06-06,11.24,10.73,11.24,10.71,288257,334364237.64,4.69,-5.04,-0.57,2.13
水晶光电,2023-06-07,10.81,10.97,11.11,10.69,205695,239419539.31,3.91,2.24,0.24,1.52
水晶光电,2023-06-08,11.01,10.74,11.01,10.6,148480,169807532.08,3.74,-2.1,-0.23,1.1
水晶光电,2023-06-09,10.76,10.66,10.76,10.52,149186,169096337.09,2.23,-0.74,-0.08,1.1
水晶光电,2023-06-12,10.79,11.1,11.21,10.71,287046,337726601.75,4.69,4.13,0.44,2.12
水晶光电,2023-06-13,11.11,11.56,11.62,11.06,301721,365087140.21,5.05,4.14,0.46,2.23
水晶光电,2023-06-14,11.55,11.38,11.56,11.35,145576,176444575.48,1.82,-1.56,-0.18,1.07
水晶光电,2023-06-15,11.48,11.48,11.6,11.38,167632,204195970.93,1.93,0.88,0.1,1.24
水晶光电,2023-06-16,11.46,11.55,11.6,11.37,150179,183475893.68,2.0,0.61,0.07,1.11
水晶光电,2023-06-19,11.55,11.54,11.62,11.34,134733,164552709.79,2.42,-0.09,-0.01,0.99
水晶光电,2023-06-20,11.55,11.56,11.64,11.43,158024,193529410.35,1.82,0.17,0.02,1.17
水晶光电,2023-06-21,11.54,11.41,11.56,11.38,157538,191636909.13,1.56,-1.3,-0.15,1.16
水晶光电,2023-06-26,11.37,11.05,11.39,11.0,165548,196219399.17,3.42,-3.16,-0.36,1.22
水晶光电,2023-06-27,11.1,11.07,11.13,10.88,117650,137853733.58,2.26,0.18,0.02,0.87
水晶光电,2023-06-28,11.02,10.68,11.05,10.51,227045,257805822.16,4.88,-3.52,-0.39,1.68
水晶光电,2023-06-29,10.63,11.15,11.26,10.63,258141,303359338.71,5.9,4.4,0.47,1.9
水晶光电,2023-06-30,11.08,11.24,11.45,11.04,159100,189440179.3,3.68,0.81,0.09,1.17
水晶光电,2023-07-03,11.28,11.01,11.42,10.86,301646,355856007.67,4.98,-2.05,-0.23,2.23
水晶光电,2023-07-04,11.05,11.42,11.54,11.01,386426,466439527.93,4.81,3.72,0.41,2.85
水晶光电,2023-07-05,11.42,11.23,11.42,11.2,164074,196279650.44,1.93,-1.66,-0.19,1.21
水晶光电,2023-07-06,11.22,11.48,11.79,11.12,313873,384494986.25,5.97,2.23,0.25,2.32
水晶光电,2023-07-07,11.5,11.18,11.57,11.15,255454,304994469.74,3.66,-2.61,-0.3,1.89
水晶光电,2023-07-10,11.18,11.03,11.23,10.97,180528,212081029.98,2.33,-1.34,-0.15,1.33
水晶光电,2023-07-11,11.02,11.32,11.33,11.02,175567,209751922.86,2.81,2.63,0.29,1.3
水晶光电,2023-07-12,11.3,11.07,11.51,11.06,177184,211366270.77,3.98,-2.21,-0.25,1.31
水晶光电,2023-07-13,11.15,11.21,11.26,11.02,134054,159337658.66,2.17,1.26,0.14,0.99
水晶光电,2023-07-14,11.22,11.22,11.33,11.14,134826,161050097.26,1.69,0.09,0.01,0.99
水晶光电,2023-07-17,11.2,11.29,11.29,11.09,135571,161262875.4,1.78,0.62,0.07,1.0
水晶光电,2023-07-18,11.25,11.17,11.48,11.14,219387,263242289.95,3.01,-1.06,-0.12,1.62
水晶光电,2023-07-19,11.12,11.03,11.22,10.97,138712,162768061.98,2.24,-1.25,-0.14,1.02
水晶光电,2023-07-20,11.04,10.75,11.09,10.7,209881,242497930.17,3.54,-2.54,-0.28,1.55
水晶光电,2023-07-21,10.77,10.52,10.8,10.43,252880,285323722.36,3.44,-2.14,-0.23,1.87
水晶光电,2023-07-24,10.5,10.59,10.71,10.43,111544,126172495.65,2.66,0.67,0.07,0.82
水晶光电,2023-07-25,10.8,11.2,11.4,10.65,383415,452395727.98,7.08,5.76,0.61,2.83
水晶光电,2023-07-26,11.2,10.83,11.2,10.81,223869,259786104.73,3.48,-3.3,-0.37,1.65
水晶光电,2023-07-27,10.88,10.62,10.93,10.59,168457,192357419.67,3.14,-1.94,-0.21,1.24
水晶光电,2023-07-28,10.62,10.74,10.77,10.49,158744,180152506.57,2.64,1.13,0.12,1.17
水晶光电,2023-07-31,10.69,10.79,10.86,10.68,175999,202144364.1,1.68,0.47,0.05,1.3
水晶光电,2023-08-01,10.76,10.78,10.83,10.65,125216,143297837.0,1.67,-0.09,-0.01,0.92
水晶光电,2023-08-02,10.74,10.69,10.79,10.64,138922,158306787.54,1.39,-0.83,-0.09,1.03
水晶光电,2023-08-03,10.6,10.57,10.69,10.49,194235,218484982.03,1.87,-1.12,-0.12,1.43
水晶光电,2023-08-04,10.58,10.72,10.78,10.58,143969,164137071.18,1.89,1.42,0.15,1.06
水晶光电,2023-08-07,10.73,10.76,10.77,10.64,100980,115307670.12,1.21,0.37,0.04,0.75
水晶光电,2023-08-08,10.75,10.67,10.8,10.64,91619,104419798.7,1.49,-0.84,-0.09,0.68
水晶光电,2023-08-09,10.63,10.5,10.64,10.47,124230,139503946.73,1.59,-1.59,-0.17,0.92
水晶光电,2023-08-10,10.48,10.37,10.52,10.32,140770,156418821.57,1.9,-1.24,-0.13,1.04
水晶光电,2023-08-11,10.39,10.18,10.4,10.15,128719,141019030.72,2.41,-1.83,-0.19,0.95
水晶光电,2023-08-14,10.1,9.95,10.12,9.73,209123,221436893.26,3.83,-2.26,-0.23,1.54
水晶光电,2023-08-15,9.92,9.71,9.96,9.54,211542,220150119.41,4.22,-2.41,-0.24,1.56
水晶光电,2023-08-16,9.65,9.66,9.76,9.62,93251,96696541.72,1.44,-0.51,-0.05,0.69
水晶光电,2023-08-17,9.63,9.6,9.67,9.45,140500,144000461.3,2.28,-0.62,-0.06,1.04
水晶光电,2023-08-18,9.58,9.42,9.64,9.42,112210,114671276.46,2.29,-1.88,-0.18,0.83
水晶光电,2023-08-21,9.42,9.43,9.57,9.36,119101,120986797.44,2.23,0.11,0.01,0.88
水晶光电,2023-08-22,9.44,9.52,9.55,9.24,148149,149448435.71,3.29,0.95,0.09,1.09
水晶光电,2023-08-23,9.5,9.24,9.5,9.23,115753,115855487.16,2.84,-2.94,-0.28,0.85
水晶光电,2023-08-24,9.2,9.25,9.46,9.13,132609,132321139.0,3.57,0.11,0.01,0.98
水晶光电,2023-08-25,9.19,8.99,9.21,8.94,147206,143760881.79,2.92,-2.81,-0.26,1.09
水晶光电,2023-08-28,9.41,9.18,9.52,9.15,161658,162211014.15,4.12,2.11,0.19,1.19
水晶光电,2023-08-29,9.2,9.49,9.55,9.1,183342,185873036.53,4.9,3.38,0.31,1.35
水晶光电,2023-08-30,9.64,9.82,9.88,9.6,240815,252264328.41,2.95,3.48,0.33,1.78
水晶光电,2023-08-31,9.8,9.9,9.96,9.72,187569,198565864.33,2.44,0.81,0.08,1.38
水晶光电,2023-09-01,9.95,9.94,10.08,9.86,121368,129308384.41,2.22,0.4,0.04,0.9
水晶光电,2023-09-04,10.05,10.08,10.15,9.93,142426,152823387.52,2.21,1.41,0.14,1.05
水晶光电,2023-09-05,10.06,10.07,10.21,10.01,166815,180087582.85,1.98,-0.1,-0.01,1.23
水晶光电,2023-09-06,10.01,10.13,10.18,9.96,155238,167357006.35,2.18,0.6,0.06,1.15
水晶光电,2023-09-07,10.08,9.85,10.08,9.82,151678,160885849.42,2.57,-2.76,-0.28,1.12
水晶光电,2023-09-08,9.87,9.99,10.05,9.83,124509,132847583.2,2.23,1.42,0.14,0.92
水晶光电,2023-09-11,10.23,10.51,10.58,10.07,391317,433245241.68,5.11,5.21,0.52,2.89
水晶光电,2023-09-12,10.51,10.44,10.55,10.2,236282,261222038.8,3.33,-0.67,-0.07,1.74
水晶光电,2023-09-13,10.25,10.0,10.29,9.88,282143,303284730.32,3.93,-4.21,-0.44,2.08
水晶光电,2023-09-14,10.01,9.8,10.03,9.72,174054,183048846.22,3.1,-2.0,-0.2,1.28
水晶光电,2023-09-15,9.88,9.77,9.98,9.72,115567,121501026.97,2.65,-0.31,-0.03,0.85
水晶光电,2023-09-18,9.65,9.72,9.89,9.62,116005,121092357.02,2.76,-0.51,-0.05,0.86
水晶光电,2023-09-19,9.7,9.6,9.7,9.49,107716,110664806.71,2.16,-1.23,-0.12,0.79
水晶光电,2023-09-20,9.56,9.54,9.65,9.53,75931,78017199.84,1.25,-0.63,-0.06,0.56
水晶光电,2023-09-21,9.5,9.61,9.7,9.5,102650,105659857.46,2.1,0.73,0.07,0.76
水晶光电,2023-09-22,9.55,9.89,9.91,9.54,167615,176008633.34,3.85,2.91,0.28,1.24
水晶光电,2023-09-25,10.09,10.02,10.18,9.98,193894,208713060.29,2.02,1.31,0.13,1.43
水晶光电,2023-09-26,10.0,9.77,10.04,9.76,123636,130385619.04,2.79,-2.5,-0.25,0.91
水晶光电,2023-09-27,9.76,9.87,10.05,9.71,161998,171258138.71,3.48,1.02,0.1,1.2
水晶光电,2023-09-28,9.82,10.46,10.55,9.79,461454,507678402.0,7.7,5.98,0.59,3.41
水晶光电,2023-10-09,10.73,10.83,10.95,10.55,599946,687153078.95,3.82,3.54,0.37,4.43
水晶光电,2023-10-10,10.86,10.9,10.96,10.67,437547,504772861.72,2.68,0.65,0.07,3.23
水晶光电,2023-10-11,10.87,11.41,11.8,10.81,813217,979346490.92,9.08,4.68,0.51,6.0
水晶光电,2023-10-12,11.37,11.38,11.69,11.24,487486,589054705.5,3.94,-0.26,-0.03,3.6
水晶光电,2023-10-13,11.31,11.59,11.85,11.25,584867,721848204.36,5.27,1.85,0.21,4.32
水晶光电,2023-10-16,11.85,11.38,11.95,11.26,559402,683151974.66,5.95,-1.81,-0.21,4.13
水晶光电,2023-10-17,11.44,11.49,11.7,11.31,342303,416706752.26,3.43,0.97,0.11,2.53
水晶光电,2023-10-18,11.32,11.32,11.49,11.21,279159,336727163.01,2.44,-1.48,-0.17,2.06
水晶光电,2023-10-19,11.06,11.18,11.53,11.04,279442,335561621.78,4.33,-1.24,-0.14,2.06
水晶光电,2023-10-20,11.13,11.1,11.54,11.06,279108,334042758.68,4.29,-0.72,-0.08,2.06
水晶光电,2023-10-23,11.05,11.57,11.86,11.05,780894,957966178.81,7.3,4.23,0.47,5.76
水晶光电,2023-10-24,11.38,12.1,12.1,11.3,801565,992888465.18,6.91,4.58,0.53,5.92
水晶光电,2023-10-25,11.95,11.88,12.05,11.68,591773,741790999.34,3.06,-1.82,-0.22,4.37
水晶光电,2023-10-26,11.78,12.19,12.25,11.74,533716,681460050.41,4.29,2.61,0.31,3.94
水晶光电,2023-10-27,12.12,12.21,12.45,11.92,488472,628775986.19,4.35,0.16,0.02,3.6
水晶光电,2023-10-30,12.36,13.5,13.5,12.33,1061655,1472749486.15,9.58,10.57,1.29,7.83
水晶光电,2023-10-31,13.6,13.1,13.6,12.99,876474,1221191210.68,4.52,-2.96,-0.4,6.47
水晶光电,2023-11-01,13.09,13.0,13.38,12.85,439545,604589017.08,4.05,-0.76,-0.1,3.24
水晶光电,2023-11-02,13.09,12.7,13.13,12.66,448332,607615691.25,3.62,-2.31,-0.3,3.31
水晶光电,2023-11-03,12.72,13.06,13.3,12.7,484622,666279344.62,4.72,2.83,0.36,3.58
水晶光电,2023-11-06,13.14,13.32,13.52,13.08,624338,872683521.98,3.37,1.99,0.26,4.61
水晶光电,2023-11-07,13.2,13.12,13.35,13.05,391404,542807959.66,2.25,-1.5,-0.2,2.89
水晶光电,2023-11-08,13.15,13.14,13.31,13.02,369155,511818279.57,2.21,0.15,0.02,2.72
水晶光电,2023-11-09,13.14,12.76,13.17,12.71,464429,629157438.02,3.5,-2.89,-0.38,3.43
水晶光电,2023-11-10,12.65,12.85,13.1,12.62,338085,456322455.61,3.76,0.71,0.09,2.49
水晶光电,2023-11-13,12.93,12.88,12.97,12.76,224855,304954095.79,1.63,0.23,0.03,1.66
水晶光电,2023-11-14,12.93,12.85,12.95,12.7,215809,291914643.92,1.94,-0.23,-0.03,1.59
水晶光电,2023-11-15,13.0,12.83,13.08,12.71,248570,336482585.55,2.88,-0.16,-0.02,1.83
水晶光电,2023-11-16,12.73,12.75,12.92,12.71,192516,259769331.95,1.64,-0.62,-0.08,1.42
水晶光电,2023-11-17,12.7,12.86,12.95,12.68,229640,310163043.19,2.12,0.86,0.11,1.69
水晶光电,2023-11-20,12.82,12.56,12.85,12.53,387662,516922828.41,2.49,-2.33,-0.3,2.86
水晶光电,2023-11-21,12.56,12.29,12.68,12.23,474260,622833300.49,3.58,-2.15,-0.27,3.5
水晶光电,2023-11-22,12.21,12.02,12.38,11.91,420490,537854547.31,3.82,-2.2,-0.27,3.1
水晶光电,2023-11-23,12.03,12.45,12.48,11.98,390132,508173675.64,4.16,3.58,0.43,2.88
水晶光电,2023-11-24,12.46,12.34,12.51,12.26,248132,324557205.13,2.01,-0.88,-0.11,1.83
水晶光电,2023-11-27,12.51,12.62,12.8,12.3,374257,497752847.09,4.05,2.27,0.28,2.76
水晶光电,2023-11-28,12.63,12.58,12.76,12.39,289050,383106022.44,2.93,-0.32,-0.04,2.13
水晶光电,2023-11-29,12.48,12.54,12.8,12.48,242904,324328682.63,2.54,-0.32,-0.04,1.79
水晶光电,2023-11-30,12.55,12.35,12.63,12.22,278054,363286563.1,3.27,-1.52,-0.19,2.05
水晶光电,2023-12-01,12.35,12.23,12.4,12.17,299788,389334206.13,1.86,-0.97,-0.12,2.21
水晶光电,2023-12-04,12.18,12.09,12.27,11.98,337300,431413609.21,2.37,-1.14,-0.14,2.49
水晶光电,2023-12-05,12.09,11.6,12.11,11.59,285573,356269429.0,4.3,-4.05,-0.49,2.11
水晶光电,2023-12-06,11.63,11.65,11.72,11.51,243497,300254357.64,1.81,0.43,0.05,1.8
水晶光电,2023-12-07,11.66,11.74,11.92,11.56,220281,274356979.91,3.09,0.77,0.09,1.63
水晶光电,2023-12-08,11.75,11.76,11.95,11.71,161138,201380102.11,2.04,0.17,0.02,1.19
水晶光电,2023-12-11,11.71,12.23,12.26,11.61,377884,479570188.5,5.53,4.0,0.47,2.79
水晶光电,2023-12-12,12.24,12.14,12.29,11.99,206654,265508583.82,2.45,-0.74,-0.09,1.52
水晶光电,2023-12-13,12.08,12.06,12.24,12.04,163377,209458874.76,1.65,-0.66,-0.08,1.21
水晶光电,2023-12-14,12.12,11.88,12.2,11.87,169295,215496557.53,2.74,-1.49,-0.18,1.25
水晶光电,2023-12-15,11.89,11.99,12.25,11.83,206359,262923318.74,3.54,0.93,0.11,1.52
水晶光电,2023-12-18,11.91,11.76,11.95,11.68,206734,258378444.8,2.25,-1.92,-0.23,1.53
水晶光电,2023-12-19,11.76,11.93,12.08,11.73,172474,217431080.72,2.98,1.45,0.17,1.27
水晶光电,2023-12-20,11.96,11.78,12.05,11.67,169012,212159383.08,3.19,-1.26,-0.15,1.25
水晶光电,2023-12-21,11.74,11.76,11.88,11.5,159053,196796624.18,3.23,-0.17,-0.02,1.17
水晶光电,2023-12-22,11.73,11.62,11.86,11.54,169708,210343395.0,2.72,-1.19,-0.14,1.25
水晶光电,2023-12-25,11.62,12.0,12.05,11.6,223475,282106569.37,3.87,3.27,0.38,1.65
水晶光电,2023-12-26,11.96,11.93,12.16,11.43,314271,390327828.39,6.08,-0.58,-0.07,2.32
水晶光电,2023-12-27,11.98,12.11,12.14,11.7,277326,352318145.97,3.69,1.51,0.18,2.05
水晶光电,2023-12-28,12.07,12.18,12.32,11.81,358243,459982662.44,4.21,0.58,0.07,2.64
水晶光电,2023-12-29,12.18,12.84,13.05,12.12,587739,791839337.42,7.64,5.42,0.66,4.34
水晶光电,2024-01-02,12.82,12.7,13.1,12.7,379774,514578071.18,3.12,-1.09,-0.14,2.8
水晶光电,2024-01-03,12.66,12.64,12.72,12.38,405308,537113909.59,2.68,-0.47,-0.06,2.99
水晶光电,2024-01-04,12.62,12.49,12.66,12.33,199457,262844994.78,2.61,-1.19,-0.15,1.47
水晶光电,2024-01-05,12.4,12.25,12.7,12.15,197607,258860910.35,4.4,-1.92,-0.24,1.46
水晶光电,2024-01-08,12.12,11.57,12.33,11.53,265944,331949315.41,6.53,-5.55,-0.68,1.96
水晶光电,2024-01-09,11.58,11.71,11.96,11.51,200981,249473295.09,3.89,1.21,0.14,1.48
水晶光电,2024-01-10,11.63,11.5,11.81,11.18,240093,292853325.47,5.38,-1.79,-0.21,1.77
水晶光电,2024-01-11,11.47,11.74,11.8,11.41,185251,229150418.5,3.39,2.09,0.24,1.37
水晶光电,2024-01-12,11.7,11.57,11.73,11.43,163051,200539994.44,2.56,-1.45,-0.17,1.2
水晶光电,2024-01-15,11.51,11.67,11.78,11.38,183476,225844796.67,3.46,0.86,0.1,1.35
水晶光电,2024-01-16,11.73,11.6,11.73,11.33,175546,214056317.64,3.43,-0.6,-0.07,1.3
水晶光电,2024-01-17,11.58,11.19,11.62,11.15,132564,160227239.35,4.05,-3.53,-0.41,0.98
水晶光电,2024-01-18,11.13,11.2,11.33,10.82,210709,246972739.82,4.56,0.09,0.01,1.55
水晶光电,2024-01-19,11.15,10.96,11.33,10.92,175262,206880898.91,3.66,-2.14,-0.24,1.29
水晶光电,2024-01-22,10.96,10.19,11.05,10.12,301374,339128605.2,8.49,-7.03,-0.77,2.22
水晶光电,2024-01-23,10.18,10.41,10.53,9.99,264742,291140281.81,5.3,2.16,0.22,1.95
水晶光电,2024-01-24,10.48,10.42,10.55,9.88,290511,316926928.24,6.44,0.1,0.01,2.14
水晶光电,2024-01-25,10.44,10.91,10.99,10.37,257627,296113053.77,5.95,4.7,0.49,1.9
水晶光电,2024-01-26,10.87,10.55,10.89,10.46,189038,214740600.66,3.94,-3.3,-0.36,1.39
水晶光电,2024-01-29,10.5,9.95,10.55,9.88,324191,350081085.34,6.35,-5.69,-0.6,2.39
水晶光电,2024-01-30,9.85,9.65,10.05,9.62,193855,204327964.68,4.32,-3.02,-0.3,1.43
水晶光电,2024-01-31,9.49,9.13,9.65,9.1,295031,294905888.84,5.7,-5.39,-0.52,2.18
水晶光电,2024-02-01,9.09,9.21,9.49,8.91,252094,249935862.41,6.35,0.88,0.08,1.86
水晶光电,2024-02-02,9.22,8.78,9.4,8.48,351577,338058009.91,9.99,-4.67,-0.43,2.59
水晶光电,2024-02-05,8.73,8.39,8.95,7.91,469860,426217250.14,11.85,-4.44,-0.39,3.47
水晶光电,2024-02-06,8.41,9.15,9.23,8.33,444083,423468967.15,10.73,9.06,0.76,3.27
水晶光电,2024-02-07,9.12,10.13,10.14,9.12,640347,680385628.31,11.15,10.71,0.98,4.72
水晶光电,2024-02-08,10.13,10.13,10.59,9.99,501108,551787046.11,5.92,0.0,0.0,3.69
水晶光电,2024-02-19,10.32,9.91,10.33,9.64,502899,530187321.37,6.81,-2.17,-0.22,3.7
水晶光电,2024-02-20,9.86,9.92,9.97,9.72,265393,280569683.61,2.52,0.1,0.01,1.95
水晶光电,2024-02-21,9.81,9.93,10.19,9.74,275232,294993078.33,4.54,0.1,0.01,2.03
水晶光电,2024-02-22,9.9,10.06,10.13,9.87,262383,281193359.69,2.62,1.31,0.13,1.93
水晶光电,2024-02-23,10.1,10.17,10.18,9.83,312831,334748558.2,3.48,1.09,0.11,2.3
水晶光电,2024-02-26,10.12,10.34,10.57,10.12,348808,384845452.58,4.42,1.67,0.17,2.57
水晶光电,2024-02-27,10.26,10.64,10.64,10.15,261298,291015143.37,4.74,2.9,0.3,1.92
水晶光电,2024-02-28,10.61,10.09,10.73,10.03,390831,435247099.44,6.58,-5.17,-0.55,2.88
水晶光电,2024-02-29,10.01,10.57,10.57,10.0,299554,333094180.3,5.65,4.76,0.48,2.21
水晶光电,2024-03-01,10.6,10.89,10.97,10.59,307362,354212507.35,3.6,3.03,0.32,2.26
水晶光电,2024-03-04,10.9,11.0,11.19,10.88,307202,360066424.48,2.85,1.01,0.11,2.26
水晶光电,2024-03-05,10.9,11.13,11.31,10.85,427801,507531541.72,4.18,1.18,0.13,3.15
水晶光电,2024-03-06,11.07,11.27,11.72,10.69,545800,646968352.88,9.25,1.26,0.14,4.02
水晶光电,2024-03-07,11.17,10.75,11.25,10.75,370869,432815274.2,4.44,-4.61,-0.52,2.73
水晶光电,2024-03-08,10.74,11.13,11.16,10.71,247388,289391782.64,4.19,3.53,0.38,1.82
水晶光电,2024-03-11,11.07,11.46,11.5,10.94,344037,410503422.99,5.03,2.96,0.33,2.53
水晶光电,2024-03-12,11.5,11.75,11.9,11.33,488109,603440111.35,4.97,2.53,0.29,3.59
水晶光电,2024-03-13,11.75,11.8,12.0,11.66,350549,439853092.03,2.89,0.43,0.05,2.58
水晶光电,2024-03-14,11.72,11.77,11.96,11.59,326078,406867838.41,3.14,-0.25,-0.03,2.4
水晶光电,2024-03-15,11.8,12.39,12.44,11.7,492738,632027651.33,6.29,5.27,0.62,3.63
水晶光电,2024-03-18,13.7,13.46,13.7,13.22,1591188,2270488915.58,3.87,8.64,1.07,11.72
水晶光电,2024-03-19,13.6,14.24,14.58,13.4,1868391,2749569369.6,8.77,5.79,0.78,13.76
水晶光电,2024-03-20,14.13,14.3,14.62,14.07,1363527,2045635736.16,3.86,0.42,0.06,10.04
水晶光电,2024-03-21,14.08,14.16,14.54,13.87,1005862,1502696447.38,4.69,-0.98,-0.14,7.41
水晶光电,2024-03-22,14.38,14.85,14.9,14.18,1497547,2286625871.93,5.08,4.87,0.69,11.03
水晶光电,2024-03-25,15.1,13.37,15.2,13.36,1859846,2745293050.53,12.39,-9.97,-1.48,13.7
水晶光电,2024-03-26,13.3,13.02,13.62,12.96,1131442,1580318581.94,4.94,-2.62,-0.35,8.33
水晶光电,2024-03-27,13.02,12.96,13.44,12.96,900733,1249037281.25,3.69,-0.46,-0.06,6.63
水晶光电,2024-03-28,13.1,13.51,13.99,13.09,1009652,1437039868.99,6.94,4.24,0.55,7.44
水晶光电,2024-03-29,13.58,14.48,14.48,13.38,956185,1397844374.89,8.14,7.18,0.97,7.04
水晶光电,2024-04-01,14.3,14.13,14.41,13.82,1007848,1493168270.83,4.07,-2.42,-0.35,7.42
水晶光电,2024-04-02,14.15,13.86,14.2,13.58,768299,1119104777.66,4.39,-1.91,-0.27,5.66
水晶光电,2024-04-03,13.9,14.28,14.55,13.86,1005436,1496955342.5,4.98,3.03,0.42,7.4
水晶光电,2024-04-08,13.97,13.6,14.14,13.6,692573,1006010192.78,3.78,-4.76,-0.68,5.1
水晶光电,2024-04-09,13.55,14.18,14.29,13.4,734075,1072674342.46,6.54,4.26,0.58,5.41
水晶光电,2024-04-10,14.03,13.51,14.1,13.4,596587,853105353.58,4.94,-4.72,-0.67,4.39
水晶光电,2024-04-11,13.36,13.25,13.68,13.17,487151,685670593.19,3.77,-1.92,-0.26,3.59
水晶光电,2024-04-12,13.16,13.21,13.48,13.15,411197,575677058.46,2.49,-0.3,-0.04,3.03
水晶光电,2024-04-15,13.23,13.26,13.44,12.95,491048,682752686.74,3.71,0.38,0.05,3.62
水晶光电,2024-04-16,13.1,12.69,13.18,12.52,624611,844239506.78,4.98,-4.3,-0.57,4.6
水晶光电,2024-04-17,13.0,13.25,13.35,12.78,578629,799278883.08,4.49,4.41,0.56,4.26
水晶光电,2024-04-18,13.23,12.92,13.46,12.9,655530,904450953.88,4.23,-2.49,-0.33,4.83
水晶光电,2024-04-19,12.66,12.45,12.74,12.24,716184,941730063.19,3.87,-3.64,-0.47,5.27
水晶光电,2024-04-22,12.23,12.4,12.5,12.0,357971,467010024.56,4.02,-0.4,-0.05,2.64
水晶光电,2024-04-23,12.59,12.32,12.61,12.25,264647,337881197.01,2.9,-0.65,-0.08,1.95
水晶光电,2024-04-24,12.38,12.49,12.58,12.23,325772,418626255.47,2.84,1.38,0.17,2.4
水晶光电,2024-04-25,12.45,12.57,12.8,12.36,354260,461282281.48,3.52,0.64,0.08,2.61
水晶光电,2024-04-26,12.52,13.21,13.3,12.5,487486,657626756.98,6.36,5.09,0.64,3.59
水晶光电,2024-04-29,13.2,13.63,13.67,13.06,444541,616797834.48,4.62,3.18,0.42,3.27
水晶光电,2024-04-30,13.92,14.03,14.53,13.86,673752,981732704.35,4.92,2.93,0.4,4.96
水晶光电,2024-05-06,14.33,14.33,14.53,14.23,465676,689181192.1,2.14,2.14,0.3,3.43
水晶光电,2024-05-07,14.39,14.05,14.43,14.0,358193,522049002.8,3.0,-1.95,-0.28,2.64
水晶光电,2024-05-08,14.0,13.75,14.04,13.66,265460,376555999.71,2.7,-2.14,-0.3,1.95
水晶光电,2024-05-09,13.71,13.89,13.99,13.71,258403,369192815.16,2.04,1.02,0.14,1.9
水晶光电,2024-05-10,13.92,14.04,14.27,13.87,439279,635182290.48,2.88,1.08,0.15,3.23
水晶光电,2024-05-13,13.88,14.45,14.66,13.88,552755,823356002.94,5.56,2.92,0.41,4.07
水晶光电,2024-05-14,14.3,14.42,14.75,14.3,380244,567138717.63,3.11,-0.21,-0.03,2.8
水晶光电,2024-05-15,14.33,14.4,14.86,14.22,383521,575788808.72,4.44,-0.14,-0.02,2.82
水晶光电,2024-05-16,14.46,14.39,14.58,14.15,379604,560628720.01,2.99,-0.07,-0.01,2.8
水晶光电,2024-05-17,14.25,14.68,14.78,14.23,345347,517445991.99,3.82,2.02,0.29,2.54
水晶光电,2024-05-20,14.68,14.71,14.78,14.37,292334,438426457.42,2.79,0.2,0.03,2.15
水晶光电,2024-05-21,14.65,14.8,15.04,14.57,373218,569774661.16,3.2,0.61,0.09,2.75
水晶光电,2024-05-22,14.7,14.78,14.9,14.6,254929,386068985.75,2.03,-0.14,-0.02,1.88
水晶光电,2024-05-23,14.65,14.67,14.92,14.57,267114,403488273.09,2.37,-0.74,-0.11,1.97
水晶光电,2024-05-24,14.6,14.27,14.75,14.19,329655,487455726.79,3.82,-2.73,-0.4,2.43
水晶光电,2024-05-27,14.35,14.5,14.54,14.16,263303,388522248.58,2.66,1.61,0.23,1.94
水晶光电,2024-05-28,14.48,14.25,14.55,14.21,218770,322985292.13,2.34,-1.72,-0.25,1.61
水晶光电,2024-05-29,14.22,14.17,14.36,14.04,292829,427163986.54,2.25,-0.56,-0.08,2.16
水晶光电,2024-05-30,14.06,14.69,14.89,13.92,448284,673965814.12,6.85,3.67,0.52,3.3
水晶光电,2024-05-31,14.71,14.6,14.93,14.53,298243,450882585.59,2.72,-0.61,-0.09,2.2
水晶光电,2024-06-03,14.56,14.75,15.03,14.53,430220,653563610.57,3.42,1.03,0.15,3.17
水晶光电,2024-06-04,14.58,14.76,14.79,14.46,325972,489945784.13,2.24,0.07,0.01,2.4
水晶光电,2024-06-05,14.73,14.61,14.88,14.58,330926,500653593.12,2.03,-1.02,-0.15,2.44
水晶光电,2024-06-06,14.7,15.5,15.96,14.62,852290,1360069695.8,9.17,6.09,0.89,6.28
水晶光电,2024-06-07,15.4,14.74,15.65,14.61,704157,1084525978.49,6.71,-4.9,-0.76,5.19
水晶光电,2024-06-11,14.42,14.92,14.98,14.03,394132,593004919.54,6.45,1.22,0.18,2.9
水晶光电,2024-06-12,15.22,15.8,16.45,15.21,974949,1595504644.39,8.31,5.9,0.88,7.18
水晶光电,2024-06-13,15.7,15.59,16.18,15.46,637797,1031456946.23,4.56,-1.33,-0.21,4.7
水晶光电,2024-06-14,15.47,15.78,15.9,15.41,597580,962725693.13,3.14,1.22,0.19,4.4
水晶光电,2024-06-17,15.75,16.32,16.6,15.61,725637,1205916798.19,6.27,3.42,0.54,5.34
水晶光电,2024-06-18,16.33,16.46,16.51,16.2,374919,628451380.14,1.9,0.86,0.14,2.76
水晶光电,2024-06-19,16.45,16.06,16.45,15.84,389226,640746075.34,3.71,-2.43,-0.4,2.87
水晶光电,2024-06-20,15.99,15.77,16.15,15.69,282892,460649550.92,2.86,-1.81,-0.29,2.08
水晶光电,2024-06-21,15.73,16.2,16.23,15.54,360497,592762494.74,4.38,2.73,0.43,2.65
水晶光电,2024-06-24,16.0,15.73,16.49,15.65,320384,526440502.16,5.19,-2.9,-0.47,2.36
水晶光电,2024-06-25,15.68,15.66,15.94,15.41,263930,424327518.21,3.37,-0.45,-0.07,1.94
水晶光电,2024-06-26,15.59,16.28,16.31,15.4,384643,627204524.68,5.81,3.96,0.62,2.83
水晶光电,2024-06-27,16.12,16.04,16.71,15.99,579585,971109897.06,4.42,-1.47,-0.24,4.27
水晶光电,2024-06-28,15.8,16.58,16.87,15.77,465639,787878581.28,6.86,3.37,0.54,3.43
水晶光电,2024-07-01,16.56,17.8,17.92,16.49,683170,1208804220.4,8.62,7.36,1.22,5.03
水晶光电,2024-07-02,17.63,17.16,17.88,17.02,499889,884095099.73,4.83,-3.6,-0.64,3.68
水晶光电,2024-07-03,17.1,17.05,17.33,16.75,333437,579976837.13,3.38,-0.64,-0.11,2.46
水晶光电,2024-07-04,17.05,17.06,17.42,16.85,283092,496430692.41,3.34,0.06,0.01,2.08
水晶光电,2024-07-05,16.96,17.02,17.17,16.36,312417,536099150.76,4.75,-0.23,-0.04,2.3
水晶光电,2024-07-08,17.02,17.22,17.41,16.71,351656,615376611.71,4.11,1.18,0.2,2.59
水晶光电,2024-07-09,17.1,18.3,18.79,16.93,720013,1317503246.65,10.8,6.27,1.08,5.3
水晶光电,2024-07-10,18.01,18.33,18.39,17.88,441032,818192911.01,2.79,0.16,0.03,3.25
水晶光电,2024-07-11,18.58,20.2,20.2,18.1,790719,1558938013.05,11.46,10.2,1.87,5.82
水晶光电,2024-07-12,20.14,19.13,20.18,18.3,1616157,3156305270.28,9.31,-5.3,-1.07,11.9
水晶光电,2024-07-15,19.09,19.72,20.45,18.64,1027913,2047620903.04,9.46,3.08,0.59,7.57
水晶光电,2024-07-16,19.66,20.25,20.54,19.39,1010323,2061844668.03,5.83,2.69,0.53,7.44
水晶光电,2024-07-17,19.95,18.91,20.04,18.88,889322,1751872183.67,5.73,-6.62,-1.34,6.55
水晶光电,2024-07-18,18.51,18.33,18.72,17.75,778980,1450626405.0,5.13,-3.07,-0.58,5.74
水晶光电,2024-07-19,18.16,18.51,18.99,17.9,574648,1089128920.04,5.95,0.98,0.18,4.23
水晶光电,2024-07-22,18.29,18.39,18.65,17.81,495468,922951237.09,4.54,-0.65,-0.12,3.65
水晶光电,2024-07-23,18.42,17.81,18.48,17.7,437642,803579521.63,4.24,-3.15,-0.58,3.22
水晶光电,2024-07-24,17.71,17.48,18.17,17.45,409500,742462312.84,4.04,-1.85,-0.33,3.02
水晶光电,2024-07-25,17.27,17.15,17.44,16.72,446402,777830248.31,4.12,-1.89,-0.33,3.29
水晶光电,2024-07-26,17.2,17.35,17.67,16.88,290779,515508496.24,4.61,1.17,0.2,2.14
水晶光电,2024-07-29,17.3,17.64,17.93,16.85,392058,704768723.87,6.22,1.67,0.29,2.89
水晶光电,2024-07-30,17.55,17.53,17.78,17.26,264473,474024818.2,2.95,-0.62,-0.11,1.95
水晶光电,2024-07-31,17.47,17.83,17.99,17.22,474925,861270120.38,4.39,1.71,0.3,3.5
水晶光电,2024-08-01,17.9,17.77,18.18,17.61,367254,669747037.47,3.2,-0.34,-0.06,2.7
水晶光电,2024-08-02,17.39,17.46,17.96,17.28,298932,536772540.04,3.83,-1.74,-0.31,2.2
水晶光电,2024-08-05,16.71,16.42,17.3,16.41,520972,895581015.64,5.1,-5.96,-1.04,3.84
水晶光电,2024-08-06,16.8,16.66,16.95,16.43,278532,474495110.12,3.17,1.46,0.24,2.05
水晶光电,2024-08-07,16.7,16.51,16.86,16.35,247981,421824350.26,3.06,-0.9,-0.15,1.83
水晶光电,2024-08-08,16.32,16.85,17.05,16.15,332374,567241951.35,5.45,2.06,0.34,2.45
水晶光电,2024-08-09,16.93,17.35,17.65,16.85,407847,723646957.99,4.75,2.97,0.5,3.0
水晶光电,2024-08-12,17.24,17.2,17.66,17.15,203020,359459574.68,2.94,-0.86,-0.15,1.5
水晶光电,2024-08-13,17.23,17.51,17.74,17.2,199644,356168719.38,3.14,1.8,0.31,1.47
水晶光电,2024-08-14,17.75,17.53,17.81,17.21,290173,521517342.51,3.43,0.11,0.02,2.14
水晶光电,2024-08-15,17.42,17.32,17.91,17.2,419032,750777179.51,4.05,-1.2,-0.21,3.09
水晶光电,2024-08-16,17.5,17.4,17.68,17.33,325406,582023544.8,2.02,0.46,0.08,2.4
水晶光电,2024-08-19,17.31,17.12,17.6,17.08,254221,450230670.63,2.99,-1.61,-0.28,1.87
水晶光电,2024-08-20,17.19,17.24,17.4,17.04,230427,406316444.5,2.1,0.7,0.12,1.7
水晶光电,2024-08-21,17.13,17.75,18.17,17.0,488987,887814157.0,6.79,2.96,0.51,3.6
水晶光电,2024-08-22,17.65,17.42,17.74,16.89,421816,745248771.05,4.79,-1.86,-0.33,3.11
水晶光电,2024-08-23,17.3,17.3,17.5,17.02,278832,492727079.5,2.76,-0.69,-0.12,2.05
水晶光电,2024-08-26,17.29,16.97,17.51,16.8,388216,679491102.96,4.1,-1.91,-0.33,2.86
水晶光电,2024-08-27,16.85,16.23,16.9,16.15,444486,748420905.96,4.42,-4.36,-0.74,3.27
水晶光电,2024-08-28,16.28,16.11,16.57,16.08,284859,474634603.88,3.02,-0.74,-0.12,2.1
水晶光电,2024-08-29,16.12,16.57,16.83,15.88,398384,672236497.4,5.9,2.86,0.46,2.93
水晶光电,2024-08-30,16.54,17.45,17.87,16.5,642005,1148136452.69,8.27,5.31,0.88,4.73
水晶光电,2024-09-02,17.55,16.6,17.55,16.6,427935,741643850.08,5.44,-4.87,-0.85,3.15
水晶光电,2024-09-03,16.5,16.75,17.1,16.5,285982,493003099.92,3.61,0.9,0.15,2.11
水晶光电,2024-09-04,16.4,16.32,16.47,15.89,299135,494847029.8,3.46,-2.57,-0.43,2.2
水晶光电,2024-09-05,16.3,16.11,16.35,16.0,218193,360710363.32,2.14,-1.29,-0.21,1.61
水晶光电,2024-09-06,16.07,15.66,16.18,15.6,274574,444042341.91,3.6,-2.79,-0.45,2.02
水晶光电,2024-09-09,15.6,15.66,15.79,15.44,243507,389209553.08,2.23,0.0,0.0,1.79
水晶光电,2024-09-10,15.69,15.76,15.9,15.1,301958,481224694.95,5.11,0.64,0.1,2.22
水晶光电,2024-09-11,15.69,15.6,15.8,15.46,161917,259101555.06,2.16,-1.02,-0.16,1.19
水晶光电,2024-09-12,15.66,15.27,15.8,15.24,202719,320098804.67,3.59,-2.12,-0.33,1.49
水晶光电,2024-09-13,15.27,15.72,16.14,15.27,366517,594143757.96,5.7,2.95,0.45,2.7
水晶光电,2024-09-18,15.47,14.91,15.55,14.77,342419,527527264.2,4.96,-5.15,-0.81,2.52
水晶光电,2024-09-19,15.05,14.91,15.14,14.7,322644,494385190.21,2.95,0.0,0.0,2.38
水晶光电,2024-09-20,14.99,15.28,15.45,14.84,290664,454505650.4,4.09,2.48,0.37,2.14
水晶光电,2024-09-23,15.29,15.43,16.0,15.08,279141,448077950.0,6.02,0.98,0.15,2.06
水晶光电,2024-09-24,15.54,16.06,16.27,15.33,332559,539861846.51,6.09,4.08,0.63,2.45
水晶光电,2024-09-25,16.1,16.29,16.72,16.06,450330,756312903.02,4.11,1.43,0.23,3.32
水晶光电,2024-09-26,16.2,16.15,16.48,15.66,535995,876626367.8,5.03,-0.86,-0.14,3.95
水晶光电,2024-09-27,16.28,16.91,17.36,16.13,627474,1069983912.69,7.62,4.71,0.76,4.62
水晶光电,2024-09-30,17.5,18.53,18.58,17.36,628598,1158202751.43,7.21,9.58,1.62,4.63
水晶光电,2024-10-08,20.42,20.1,20.42,18.32,957580,1918868512.51,11.33,8.47,1.57,7.05
水晶光电,2024-10-09,19.71,19.21,20.59,18.8,736438,1481561393.15,8.91,-4.43,-0.89,5.42
水晶光电,2024-10-10,19.38,19.46,20.09,18.85,479483,955063542.01,6.45,1.3,0.25,3.53
水晶光电,2024-10-11,19.37,18.43,19.37,18.2,377417,720260200.25,6.01,-5.29,-1.03,2.78
水晶光电,2024-10-14,18.4,19.08,19.14,17.72,575472,1085258689.72,7.7,3.53,0.65,4.24
水晶光电,2024-10-15,18.99,18.01,19.05,18.0,627617,1179457804.81,5.5,-5.61,-1.07,4.62
水晶光电,2024-10-16,17.71,17.66,17.9,17.28,365895,658243897.93,3.44,-1.94,-0.35,2.69
水晶光电,2024-10-17,17.75,17.68,18.24,17.63,347755,638974851.72,3.45,0.11,0.02,2.56
水晶光电,2024-10-18,17.68,18.72,19.19,17.55,610621,1158512338.01,9.28,5.88,1.04,4.5
水晶光电,2024-10-21,19.08,19.34,20.31,18.6,835067,1665347916.36,9.13,3.31,0.62,6.15
水晶光电,2024-10-22,19.36,19.2,19.82,18.48,789238,1535264275.64,6.93,-0.72,-0.14,5.81
水晶光电,2024-10-23,19.01,18.97,19.46,18.56,508883,986746045.1,4.69,-1.2,-0.23,3.75
水晶光电,2024-10-24,18.75,18.56,18.81,18.12,512308,963275211.22,3.64,-2.16,-0.41,3.77
水晶光电,2024-10-25,18.65,18.66,18.97,18.28,367872,695470418.29,3.72,0.54,0.1,2.71
水晶光电,2024-10-28,18.88,19.01,19.3,18.52,443786,852265111.19,4.18,1.88,0.35,3.27
水晶光电,2024-10-29,20.93,20.94,20.94,20.75,647238,1373866627.25,1.0,10.15,1.93,4.77
水晶光电,2024-10-30,21.8,22.66,22.95,21.23,1995221,4448722327.65,8.21,8.21,1.72,14.69
水晶光电,2024-10-31,22.39,22.57,23.58,21.58,1721180,3904937782.94,8.83,-0.4,-0.09,12.68
水晶光电,2024-11-01,22.47,21.98,23.39,21.61,1563907,3556791037.34,7.89,-2.61,-0.59,11.52
水晶光电,2024-11-04,21.8,21.73,22.34,21.36,1022817,2258316454.0,4.46,-1.14,-0.25,7.53
水晶光电,2024-11-05,21.84,22.05,22.62,21.68,1435349,3234410271.62,4.33,1.47,0.32,10.57
水晶光电,2024-11-06,22.03,21.42,22.69,21.18,1261041,2790096556.61,6.85,-2.86,-0.63,9.29
水晶光电,2024-11-07,21.0,21.31,21.45,20.61,854845,1820996152.26,3.92,-0.51,-0.11,6.3
水晶光电,2024-11-08,21.38,21.38,21.98,21.16,841703,1837621454.05,3.85,0.33,0.07,6.2
水晶光电,2024-11-11,21.38,22.63,22.87,21.02,1236415,2772506766.95,8.65,5.85,1.25,9.11
水晶光电,2024-11-12,22.77,23.2,24.12,22.59,1566416,3675197513.13,6.76,2.52,0.57,11.54
水晶光电,2024-11-13,22.78,22.81,23.15,22.27,726288,1667348398.52,3.79,-1.68,-0.39,5.35
水晶光电,2024-11-14,22.8,21.89,23.04,21.85,633067,1435046097.68,5.22,-4.03,-0.92,4.66
水晶光电,2024-11-15,21.67,21.77,22.89,21.67,839565,1900250209.56,5.57,-0.55,-0.12,6.18
水晶光电,2024-11-18,21.8,20.75,21.98,20.55,593674,1269510740.6,6.57,-4.69,-1.02,4.37
水晶光电,2024-11-19,20.97,21.8,21.97,20.86,607736,1322816090.03,5.35,5.06,1.05,4.48
水晶光电,2024-11-20,21.8,21.71,21.98,21.32,522280,1147355892.71,3.03,-0.41,-0.09,3.85
水晶光电,2024-11-21,21.59,20.92,21.66,20.66,774961,1648388560.28,4.61,-3.64,-0.79,5.71
水晶光电,2024-11-22,20.82,20.2,21.32,20.2,590077,1242633452.67,5.35,-3.44,-0.72,4.35
水晶光电,2024-11-25,20.11,19.98,20.29,19.55,453944,914912832.48,3.66,-1.09,-0.22,3.34
水晶光电,2024-11-26,19.85,19.91,20.15,19.8,285008,577280245.81,1.75,-0.35,-0.07,2.1
水晶光电,2024-11-27,19.91,20.53,20.67,19.6,484452,994818578.0,5.37,3.11,0.62,3.57
水晶光电,2024-11-28,20.39,20.1,20.43,20.0,373939,764865726.82,2.09,-2.09,-0.43,2.75
水晶光电,2024-11-29,20.01,20.2,20.67,19.91,393193,809113754.97,3.78,0.5,0.1,2.9
水晶光电,2024-12-02,20.17,21.06,21.4,20.09,639408,1362461565.41,6.49,4.26,0.86,4.71
水晶光电,2024-12-03,21.07,21.1,21.29,20.82,347334,740289136.93,2.23,0.19,0.04,2.56
水晶光电,2024-12-04,20.9,20.82,21.06,20.7,267989,567105085.41,1.71,-1.33,-0.28,1.97
水晶光电,2024-12-05,20.76,20.5,20.96,20.46,324380,680150778.88,2.4,-1.54,-0.32,2.39
水晶光电,2024-12-06,20.54,20.83,21.0,20.51,367740,775856989.07,2.39,1.61,0.33,2.71
水晶光电,2024-12-09,20.92,20.36,21.18,20.26,396089,829384088.48,4.42,-2.26,-0.47,2.92
水晶光电,2024-12-10,21.13,21.11,21.55,20.5,720126,1543098058.22,5.16,3.68,0.75,5.3
水晶光电,2024-12-11,20.91,21.87,22.01,20.85,672684,1475023572.41,5.5,3.6,0.76,4.95
水晶光电,2024-12-12,22.0,21.98,22.34,21.48,549425,1217692690.56,3.93,0.5,0.11,4.05
水晶光电,2024-12-13,21.25,21.16,21.45,20.6,739458,1573549715.17,3.87,-3.73,-0.82,5.45
水晶光电,2024-12-16,21.03,20.56,21.15,20.41,363717,761355074.84,3.5,-2.84,-0.6,2.68
水晶光电,2024-12-17,20.52,20.4,21.1,20.37,300025,629581314.04,3.55,-0.78,-0.16,2.21
水晶光电,2024-12-18,20.39,20.76,21.03,20.1,359095,749960006.75,4.56,1.76,0.36,2.64
水晶光电,2024-12-19,20.59,22.15,22.4,20.47,836175,1847670674.74,9.3,6.7,1.39,6.16
水晶光电,2024-12-20,22.12,23.07,23.69,21.95,994254,2311480649.43,7.86,4.15,0.92,7.32
水晶光电,2024-12-23,23.41,22.09,23.5,22.02,807362,1847628047.37,6.42,-4.25,-0.98,5.95
水晶光电,2024-12-24,22.29,22.47,22.68,21.6,614385,1381414834.66,4.89,1.72,0.38,4.52
水晶光电,2024-12-25,22.75,21.97,22.9,21.77,522184,1179091461.98,5.03,-2.23,-0.5,3.85
水晶光电,2024-12-26,21.99,22.35,22.58,21.65,469296,1059554855.47,4.23,1.73,0.38,3.46
水晶光电,2024-12-27,22.56,22.25,23.17,22.15,633751,1455224930.78,4.56,-0.45,-0.1,4.67
水晶光电,2024-12-30,22.17,23.1,23.68,21.87,920269,2157716742.12,8.13,3.82,0.85,6.78
水晶光电,2024-12-31,23.0,21.92,23.09,21.82,657365,1481965936.01,5.5,-5.11,-1.18,4.84
水晶光电,2025-01-02,21.74,21.3,22.32,20.89,635748,1394261489.7,6.52,-2.83,-0.62,4.68
水晶光电,2025-01-03,21.56,21.03,22.3,20.9,781947,1716393955.83,6.57,-1.27,-0.27,5.76
水晶光电,2025-01-06,21.02,20.33,21.52,20.1,628163,1320965811.88,6.75,-3.33,-0.7,4.63
水晶光电,2025-01-07,20.45,20.7,20.75,20.14,420853,875731733.85,3.0,1.82,0.37,3.1
水晶光电,2025-01-08,20.49,20.73,21.04,20.08,551832,1157410423.4,4.64,0.14,0.03,4.06
水晶光电,2025-01-09,20.6,20.75,21.47,20.52,565881,1200450789.49,4.58,0.1,0.02,4.17
水晶光电,2025-01-10,20.55,19.91,20.58,19.28,774555,1565537770.87,6.27,-4.05,-0.84,5.7
水晶光电,2025-01-13,19.55,19.2,19.68,18.98,581995,1139486648.49,3.52,-3.57,-0.71,4.29
水晶光电,2025-01-14,19.26,20.25,20.3,18.79,595894,1194121818.62,7.86,5.47,1.05,4.39
水晶光电,2025-01-15,20.16,19.72,20.23,19.7,400988,807511254.5,2.62,-2.62,-0.53,2.95
水晶光电,2025-01-16,19.99,19.97,20.33,19.61,388348,785904812.88,3.65,1.27,0.25,2.86
水晶光电,2025-01-17,19.83,20.34,20.54,19.75,462193,950283977.13,3.96,1.85,0.37,3.4
水晶光电,2025-01-20,20.58,20.81,21.18,20.43,469968,996670896.85,3.69,2.31,0.47,3.46
水晶光电,2025-01-21,21.0,21.84,22.18,20.76,668479,1457918495.53,6.82,4.95,1.03,4.92
水晶光电,2025-01-22,21.81,22.06,22.23,21.65,567829,1261444452.05,2.66,1.01,0.22,4.18
水晶光电,2025-01-23,22.29,21.6,22.39,21.54,492685,1096317634.96,3.85,-2.09,-0.46,3.63
水晶光电,2025-01-24,21.66,22.1,22.22,21.61,425047,948239733.19,2.82,2.31,0.5,3.13
水晶光电,2025-01-27,22.2,21.59,22.2,21.47,281749,619886589.07,3.3,-2.31,-0.51,2.07
水晶光电,2025-02-05,21.89,21.71,22.18,21.47,439243,968185652.59,3.29,0.56,0.12,3.23
水晶光电,2025-02-06,21.65,22.88,22.98,21.53,659939,1501461249.72,6.68,5.39,1.17,4.86
水晶光电,2025-02-07,23.3,23.02,23.58,22.69,731192,1715928408.64,3.89,0.61,0.14,5.38
水晶光电,2025-02-10,23.07,23.02,23.18,22.58,589184,1365680199.64,2.61,0.0,0.0,4.34
水晶光电,2025-02-11,23.07,23.12,23.49,23.02,436322,1026192156.43,2.04,0.43,0.1,3.21
水晶光电,2025-02-12,23.12,23.44,23.58,22.94,503407,1188744374.89,2.77,1.38,0.32,3.71
水晶光电,2025-02-13,23.44,22.3,23.48,22.22,669761,1536958407.86,5.38,-4.86,-1.14,4.93
水晶光电,2025-02-14,22.28,22.3,22.55,22.08,399881,904202795.7,2.11,0.0,0.0,2.94
水晶光电,2025-02-17,22.29,22.59,22.91,22.23,401593,918185755.73,3.05,1.3,0.29,2.96
水晶光电,2025-02-18,22.59,22.09,22.85,22.01,346230,787273217.66,3.72,-2.21,-0.5,2.55
水晶光电,2025-02-19,22.08,22.6,22.7,22.05,345593,786924669.42,2.94,2.31,0.51,2.55
水晶光电,2025-02-20,23.21,24.89,24.89,23.18,1305799,3229388495.83,7.57,10.13,2.29,9.62
水晶光电,2025-02-21,25.61,25.3,25.69,24.86,1676051,4289895839.03,3.33,1.65,0.41,12.34
水晶光电,2025-02-24,25.49,25.66,26.92,25.49,1329953,3506781200.47,5.65,1.42,0.36,9.79
水晶光电,2025-02-25,25.25,25.83,26.5,25.0,1031857,2695862479.42,5.85,0.66,0.17,7.6
水晶光电,2025-02-26,25.82,26.26,26.8,25.49,955672,2540735474.21,5.07,1.66,0.43,7.04
水晶光电,2025-02-27,26.29,26.92,27.47,25.1,1138082,3003275417.66,9.03,2.51,0.66,8.38
水晶光电,2025-02-28,26.3,25.07,26.4,24.87,846568,2191612793.83,5.68,-6.87,-1.85,6.23
水晶光电,2025-03-03,25.3,24.34,25.55,24.06,681641,1699759051.34,5.94,-2.91,-0.73,5.02
水晶光电,2025-03-04,24.0,24.74,24.88,24.0,466323,1159026096.71,3.62,1.64,0.4,3.43
水晶光电,2025-03-05,24.74,24.86,25.33,24.6,395957,1000325081.83,2.95,0.49,0.12,2.92
水晶光电,2025-03-06,24.98,25.29,25.77,24.98,573485,1473174459.51,3.18,1.73,0.43,4.22
水晶光电,2025-03-07,25.79,25.45,26.5,25.28,898441,2358114567.5,4.82,0.63,0.16,6.62
水晶光电,2025-03-10,25.45,24.98,25.76,24.61,509291,1288838661.93,4.52,-1.85,-0.47,3.75
水晶光电,2025-03-11,24.51,24.84,24.94,24.28,466454,1161281831.76,2.64,-0.56,-0.14,3.44
水晶光电,2025-03-12,25.19,24.82,25.4,24.81,381431,965026879.85,2.38,-0.08,-0.02,2.81
水晶光电,2025-03-13,24.71,23.38,24.71,23.2,714761,1714619855.04,6.08,-5.8,-1.44,5.26
水晶光电,2025-03-14,23.36,23.77,23.96,23.1,477574,1144029099.97,3.68,1.67,0.39,3.52
水晶光电,2025-03-17,23.82,23.79,23.9,23.55,292803,703499100.9,1.47,0.08,0.02,2.16
水晶光电,2025-03-18,23.86,24.0,24.35,23.68,353266,860329475.17,2.82,0.88,0.21,2.6
水晶光电,2025-03-19,23.93,23.8,24.0,23.39,375049,898767575.71,2.54,-0.83,-0.2,2.76
水晶光电,2025-03-20,23.65,23.62,24.0,23.59,279452,673207730.84,1.72,-0.76,-0.18,2.06
水晶光电,2025-03-21,23.42,22.81,23.56,22.78,353833,827096434.66,3.3,-3.43,-0.81,2.61
水晶光电,2025-03-24,22.99,23.14,23.57,22.59,382113,895980990.48,4.3,1.45,0.33,2.81
水晶光电,2025-03-25,23.03,22.31,23.27,22.15,356136,814504519.3,4.84,-3.59,-0.83,2.62
水晶光电,2025-03-26,22.31,22.31,22.66,22.25,215267,489563733.46,1.84,0.0,0.0,1.59
水晶光电,2025-03-27,22.28,22.53,22.76,21.95,251880,573550669.19,3.63,0.99,0.22,1.85
水晶光电,2025-03-28,22.45,22.43,22.63,22.4,179582,409980768.77,1.02,-0.44,-0.1,1.32
水晶光电,2025-03-31,22.4,22.6,22.65,22.05,252212,571990076.25,2.67,0.76,0.17,1.86
水晶光电,2025-04-01,22.7,22.39,22.79,22.34,271040,618146361.06,1.99,-0.93,-0.21,2.0
水晶光电,2025-04-02,22.47,22.64,22.77,22.45,223670,512334836.61,1.43,1.12,0.25,1.65
水晶光电,2025-04-03,22.0,20.35,22.21,20.35,948111,2021553297.47,8.22,-10.11,-2.29,6.98
水晶光电,2025-04-07,18.29,18.29,18.29,18.29,92825,172561675.0,0.0,-10.12,-2.06,0.68
水晶光电,2025-04-08,17.2,16.44,17.55,16.43,782285,1319233886.05,6.12,-10.11,-1.85,5.76
水晶光电,2025-04-09,15.77,16.57,16.78,15.02,919717,1509506171.0,10.71,0.79,0.13,6.77
水晶光电,2025-04-10,18.23,17.3,18.25,17.24,874890,1574804500.9,6.1,4.41,0.73,6.44
水晶光电,2025-04-11,17.1,17.98,18.23,17.06,621107,1116740835.14,6.76,3.93,0.68,4.57
水晶光电,2025-04-14,19.28,18.21,19.42,18.07,762932,1442956992.19,7.51,1.28,0.23,5.62
水晶光电,2025-04-15,18.34,17.86,18.39,17.65,396055,722349801.94,4.06,-1.92,-0.35,2.92
水晶光电,2025-04-16,17.75,17.3,17.8,17.08,364680,644053498.1,4.03,-3.14,-0.56,2.69
水晶光电,2025-04-17,17.15,17.23,17.66,17.1,285382,506472090.08,3.24,-0.4,-0.07,2.1
水晶光电,2025-04-18,17.22,17.44,17.54,17.15,233514,411430294.98,2.26,1.22,0.21,1.72
水晶光电,2025-04-21,17.49,18.09,18.17,17.25,354259,642000105.31,5.28,3.73,0.65,2.61
水晶光电,2025-04-22,17.98,17.89,18.04,17.74,248579,451899980.75,1.66,-1.11,-0.2,1.83
水晶光电,2025-04-23,18.3,18.41,18.59,18.07,495892,924976031.97,2.91,2.91,0.52,3.65
水晶光电,2025-04-24,18.4,18.16,18.48,18.03,283223,525601641.86,2.44,-1.36,-0.25,2.09
水晶光电,2025-04-25,18.25,18.41,18.99,18.2,522306,987757323.51,4.35,1.38,0.25,3.85
水晶光电,2025-04-28,18.62,18.45,18.8,18.29,313819,591322602.3,2.77,0.22,0.04,2.31
水晶光电,2025-04-29,18.47,18.62,18.87,18.22,327938,619611142.4,3.52,0.92,0.17,2.42
水晶光电,2025-04-30,18.88,19.3,19.45,18.74,489652,953321760.81,3.81,3.65,0.68,3.61
水晶光电,2025-05-06,19.55,19.74,19.74,19.49,422799,842574555.68,1.3,2.28,0.44,3.11
水晶光电,2025-05-07,20.15,19.42,20.33,19.26,415122,827579158.91,5.42,-1.62,-0.32,3.06
水晶光电,2025-05-08,19.42,19.8,19.97,19.35,348123,698316234.31,3.19,1.96,0.38,2.56
水晶光电,2025-05-09,19.69,19.39,19.69,19.15,279338,549118635.47,2.73,-2.07,-0.41,2.06
水晶光电,2025-05-12,20.26,20.62,20.67,19.98,668316,1381022704.64,3.56,6.34,1.23,4.92
水晶光电,2025-05-13,21.0,20.3,21.16,20.21,388064,806336530.95,4.61,-1.55,-0.32,2.86
水晶光电,2025-05-14,20.25,20.19,20.42,20.0,265931,544897398.56,2.07,-0.54,-0.11,1.96
水晶光电,2025-05-15,20.04,19.53,20.06,19.49,276388,551716932.9,2.82,-3.27,-0.66,2.04
水晶光电,2025-05-16,19.5,19.47,19.74,19.42,199232,396298408.11,1.64,-0.31,-0.06,1.47
水晶光电,2025-05-19,19.41,19.42,19.48,19.05,197731,386767934.69,2.21,-0.26,-0.05,1.46
水晶光电,2025-05-20,19.48,19.55,19.65,19.3,205395,402353423.25,1.8,0.67,0.13,1.51
水晶光电,2025-05-21,19.46,19.25,19.54,18.94,271468,523501452.68,3.07,-1.53,-0.3,2.0
水晶光电,2025-05-22,19.15,19.02,19.37,18.98,175843,338086837.12,2.03,-1.19,-0.23,1.29
水晶光电,2025-05-23,19.06,18.81,19.23,18.81,203965,389734551.87,2.21,-1.1,-0.21,1.5
水晶光电,2025-05-26,18.61,18.8,18.9,18.4,212595,399740651.52,2.66,-0.05,-0.01,1.57
水晶光电,2025-05-27,18.83,18.41,18.88,18.31,192325,357154372.22,3.03,-2.07,-0.39,1.42
水晶光电,2025-05-28,18.48,18.28,18.65,18.26,169793,313957141.66,2.12,-0.71,-0.13,1.25
水晶光电,2025-05-29,18.5,18.73,18.98,18.5,316604,598263680.7,2.63,2.46,0.45,2.33
水晶光电,2025-05-30,18.55,18.08,18.57,18.02,272138,497676929.76,2.94,-3.47,-0.65,2.0
水晶光电,2025-06-03,17.97,18.1,18.21,17.91,168160,306469477.18,1.66,0.11,0.02,1.24
水晶光电,2025-06-04,18.15,18.94,18.95,18.15,419135,787615630.13,4.42,4.64,0.84,3.09
水晶光电,2025-06-05,18.9,19.29,19.37,18.68,366345,703941755.52,3.64,1.85,0.35,2.7
水晶光电,2025-06-06,19.29,19.12,19.34,19.03,215640,415306242.36,1.61,-0.88,-0.17,1.59
水晶光电,2025-06-09,19.25,19.22,19.43,19.12,243126,470315499.65,1.62,0.52,0.1,1.79
水晶光电,2025-06-10,19.18,18.81,19.18,18.63,239667,454142371.11,2.86,-2.13,-0.41,1.76
水晶光电,2025-06-11,18.83,19.11,19.39,18.75,240266,463009845.1,3.4,1.59,0.3,1.77
水晶光电,2025-06-12,19.1,19.13,19.65,19.1,348918,679809871.84,2.88,0.1,0.02,2.57
水晶光电,2025-06-13,18.9,18.76,19.14,18.63,253794,480229645.3,2.67,-1.93,-0.37,1.87
水晶光电,2025-06-16,18.7,19.01,19.17,18.64,229813,438640575.17,2.83,1.33,0.25,1.69
水晶光电,2025-06-17,19.15,19.31,19.75,19.06,458520,895603418.98,3.63,1.58,0.3,3.38
水晶光电,2025-06-18,19.22,19.6,19.75,19.2,391035,766574888.23,2.85,1.5,0.29,2.88
水晶光电,2025-06-19,19.59,19.39,19.74,19.27,313713,614028088.4,2.4,-1.07,-0.21,2.31
水晶光电,2025-06-20,19.4,18.99,19.45,18.97,225881,434114514.12,2.48,-2.06,-0.4,1.66
水晶光电,2025-06-23,18.79,19.42,19.56,18.79,332275,646127911.05,4.05,2.26,0.43,2.45
水晶光电,2025-06-24,19.61,19.76,19.85,19.43,384208,760433628.75,2.16,1.75,0.34,2.83
水晶光电,2025-06-25,19.84,19.96,19.99,19.62,426110,849054207.68,1.87,1.01,0.2,3.14
水晶光电,2025-06-26,20.06,19.54,20.12,19.53,479694,954194655.97,2.96,-2.1,-0.42,3.53
水晶光电,2025-06-27,19.7,19.78,20.28,19.4,489172,975214993.01,4.5,1.23,0.24,3.6
水晶光电,2025-06-30,19.88,19.87,20.04,19.71,359259,717304479.84,1.67,0.46,0.09,2.64
水晶光电,2025-07-01,19.92,19.84,20.12,19.65,396680,791446726.76,2.37,-0.15,-0.03,2.92
水晶光电,2025-07-02,19.78,19.58,19.9,19.48,304117,600651246.52,2.12,-1.31,-0.26,2.24
水晶光电,2025-07-03,19.62,20.56,20.69,19.6,839971,1710463538.23,5.57,5.01,0.98,6.18
水晶光电,2025-07-04,20.49,19.89,20.49,19.85,588599,1184625457.62,3.11,-3.26,-0.67,4.33
水晶光电,2025-07-07,19.88,19.43,19.93,19.34,414723,811179996.97,2.97,-2.31,-0.46,3.05
水晶光电,2025-07-08,19.42,19.9,19.92,19.4,382493,759985955.39,2.68,2.42,0.47,2.82
水晶光电,2025-07-09,19.9,19.77,20.01,19.69,262060,522858713.97,1.61,-0.65,-0.13,1.93
水晶光电,2025-07-10,19.77,19.75,19.91,19.6,198347,392952952.89,1.57,-0.1,-0.02,1.46
水晶光电,2025-07-11,19.73,19.73,19.83,19.55,274511,543501863.51,1.42,-0.1,-0.02,2.02
水晶光电,2025-07-14,19.72,19.55,19.78,19.45,298562,587470602.63,1.67,-0.91,-0.18,2.2
水晶光电,2025-07-15,19.48,19.58,19.69,19.33,294803,578076057.71,1.84,0.15,0.03,2.17
水晶光电,2025-07-16,19.57,19.61,19.9,19.38,366761,727350509.16,2.66,0.15,0.03,2.7
水晶光电,2025-07-17,19.56,20.42,20.45,19.5,741552,1502936113.93,4.84,4.13,0.81,5.46
水晶光电,2025-07-18,20.39,20.06,20.42,19.99,461655,935029196.92,2.11,-1.76,-0.36,3.4
水晶光电,2025-07-21,20.14,20.31,20.36,19.95,329501,666572728.79,2.04,1.25,0.25,2.43
水晶光电,2025-07-22,20.28,20.3,20.54,20.13,390388,796983469.45,2.02,-0.05,-0.01,2.87
水晶光电,2025-07-23,20.56,20.31,20.7,20.17,457473,938233847.53,2.61,0.05,0.01,3.37
水晶光电,2025-07-24,20.4,20.36,20.5,20.21,331143,676451687.25,1.43,0.25,0.05,2.44
水晶光电,2025-07-25,20.48,20.48,20.67,20.35,351210,723748125.74,1.57,0.59,0.12,2.58
水晶光电,2025-07-28,20.71,20.86,21.02,20.52,492135,1028902416.26,2.44,1.86,0.38,3.62
水晶光电,2025-07-29,20.74,20.9,20.92,20.46,387517,804230184.1,2.21,0.19,0.04,2.85
水晶光电,2025-07-30,20.9,21.04,21.38,20.72,502781,1062130840.3,3.16,0.67,0.14,3.7
水晶光电,2025-07-31,21.02,20.8,21.56,20.63,706786,1499659412.49,4.42,-1.14,-0.24,5.2
水晶光电,2025-08-01,20.82,20.72,21.33,20.58,438180,920722429.15,3.61,-0.38,-0.08,3.22
水晶光电,2025-08-04,20.48,20.68,20.69,20.33,297916,613641170.56,1.74,-0.19,-0.04,2.19
水晶光电,2025-08-05,20.7,20.72,20.92,20.62,284004,592345610.69,1.45,0.19,0.04,2.08
水晶光电,2025-08-06,20.64,20.87,20.89,20.47,321585,669749295.35,2.03,0.72,0.15,2.36
水晶光电,2025-08-07,21.04,21.27,21.74,21.04,702737,1510942641.96,3.35,1.92,0.4,5.16
水晶光电,2025-08-08,21.27,20.73,21.27,20.62,433948,909132865.24,3.06,-2.54,-0.54,3.19
水晶光电,2025-08-11,20.85,21.56,21.9,20.8,806049,1740468916.31,5.31,4.0,0.83,5.92
水晶光电,2025-08-12,21.58,21.65,21.77,21.41,422202,915257998.29,1.67,0.42,0.09,3.1
水晶光电,2025-08-13,21.77,22.08,22.12,21.52,580961,1277572162.87,2.77,1.99,0.43,4.26
水晶光电,2025-08-14,22.0,21.68,22.11,21.43,529468,1156315617.64,3.08,-1.81,-0.4,3.89
水晶光电,2025-08-15,21.61,22.05,22.28,21.57,481820,1062860609.93,3.27,1.71,0.37,3.54
水晶光电,2025-08-18,22.26,23.34,23.58,22.25,803029,1860145377.47,6.03,5.85,1.29,5.9
水晶光电,2025-08-19,23.34,23.33,23.71,23.16,643967,1514365159.56,2.36,-0.04,-0.01,4.73
水晶光电,2025-08-20,23.55,25.19,25.67,23.15,1332859,3306553173.07,10.8,7.97,1.86,9.78
水晶光电,2025-08-21,25.06,25.27,25.76,24.7,1067761,2706368164.93,4.21,0.32,0.08,7.84
水晶光电,2025-08-22,25.11,25.26,25.4,24.82,819387,2066593362.1,2.3,-0.04,-0.01,6.02
水晶光电,2025-08-25,25.95,26.41,26.94,25.9,1073851,2838169939.54,4.12,4.55,1.15,7.88
水晶光电,2025-08-26,26.42,28.1,29.06,26.08,1441297,4026082650.46,11.28,6.4,1.69,10.58
水晶光电,2025-08-27,28.1,27.08,28.45,26.91,1270439,3549456340.52,5.48,-3.63,-1.02,9.33
水晶光电,2025-08-28,27.05,27.72,27.78,26.64,1077779,2958912092.77,4.21,2.36,0.64,7.91
水晶光电,2025-08-29,27.72,27.72,28.07,26.9,833965,2302278847.88,4.22,0.0,0.0,6.12
水晶光电,2025-09-01,27.72,27.22,28.1,26.8,760349,2079922586.71,4.69,-1.8,-0.5,5.58
水晶光电,2025-09-02,27.1,25.6,27.1,25.42,1063976,2771955395.03,6.17,-5.95,-1.62,7.81
水晶光电,2025-09-03,25.61,25.33,26.01,25.18,640690,1646018437.67,3.24,-1.05,-0.27,4.7
水晶光电,2025-09-04,25.6,25.28,26.09,24.84,807186,2066404729.99,4.93,-0.2,-0.05,5.93
水晶光电,2025-09-05,25.49,25.88,25.98,24.98,513437,1319641126.11,3.96,2.37,0.6,3.77
水晶光电,2025-09-08,26.15,26.37,26.83,26.08,633878,1677835669.31,2.9,1.89,0.49,4.65
水晶光电,2025-09-09,26.03,25.75,26.15,25.51,427582,1106985880.53,2.43,-2.35,-0.62,3.14
水晶光电,2025-09-10,25.56,25.77,26.3,25.41,397853,1031139309.99,3.46,0.08,0.02,2.92
水晶光电,2025-09-11,25.54,26.7,26.78,25.35,657427,1727475426.27,5.55,3.61,0.93,4.83
水晶光电,2025-09-12,26.7,26.31,26.78,26.24,464436,1229655207.81,2.02,-1.46,-0.39,3.41
水晶光电,2025-09-15,26.79,26.91,27.6,26.56,697658,1889940703.93,3.95,2.28,0.6,5.12
水晶光电,2025-09-16,26.9,27.46,27.78,26.62,631945,1718460204.77,4.31,2.04,0.55,4.64
水晶光电,2025-09-17,27.69,27.6,27.88,27.16,571550,1573111178.05,2.62,0.51,0.14,4.2
水晶光电,2025-09-18,27.42,26.86,27.8,26.41,847264,2301834089.29,5.04,-2.68,-0.74,6.22
水晶光电,2025-09-19,26.98,27.16,28.09,26.87,727084,1997181675.52,4.54,1.12,0.3,5.34
水晶光电,2025-09-22,27.72,28.09,28.47,27.65,802028,2252078023.99,3.02,3.42,0.93,5.89
水晶光电,2025-09-23,27.4,26.9,27.55,26.01,906865,2432506970.91,5.48,-4.24,-1.19,6.66
水晶光电,2025-09-24,26.6,27.43,27.43,26.37,576122,1557514503.29,3.94,1.97,0.53,4.23
水晶光电,2025-09-25,27.21,27.53,28.26,27.15,537492,1490394707.9,4.05,0.36,0.1,3.95
水晶光电,2025-09-26,27.38,26.12,27.54,26.1,552654,1470419971.03,5.23,-5.12,-1.41,4.06
水晶光电,2025-09-29,26.11,26.21,26.48,25.7,438880,1147573425.03,2.99,0.34,0.09,3.22
水晶光电,2025-09-30,26.26,26.44,26.75,26.06,383291,1010046801.02,2.63,0.88,0.23,2.81
水晶光电,2025-10-09,27.0,28.35,29.08,27.0,1413907,4033986340.4,7.87,7.22,1.91,10.38
水晶光电,2025-10-10,28.1,27.0,28.18,26.89,975333,2668369347.68,4.55,-4.76,-1.35,7.16
水晶光电,2025-10-13,24.87,25.81,25.94,24.63,672947,1720610184.08,4.85,-4.41,-1.19,4.94
水晶光电,2025-10-14,26.11,24.51,26.45,24.4,617605,1564099288.89,7.94,-5.04,-1.3,4.53
水晶光电,2025-10-15,24.57,25.56,25.58,24.23,445119,1115454646.85,5.51,4.28,1.05,3.27
水晶光电,2025-10-16,25.38,24.76,25.59,24.63,338754,847235247.04,3.76,-3.13,-0.8,2.49
水晶光电,2025-10-17,24.89,23.55,24.93,23.5,405464,970903365.76,5.78,-4.89,-1.21,2.98
水晶光电,2025-10-20,23.95,23.9,24.33,23.7,259930,623237363.14,2.68,1.49,0.35,1.91
水晶光电,2025-10-21,24.5,24.58,25.0,24.32,383090,944419052.78,2.85,2.85,0.68,2.81
水晶光电,2025-10-22,24.34,24.42,24.74,24.28,203959,499185783.79,1.87,-0.65,-0.16,1.5
水晶光电,2025-10-23,24.26,24.31,24.37,23.78,206634,496206292.83,2.42,-0.45,-0.11,1.52
水晶光电,2025-10-24,24.48,25.24,25.29,24.41,356296,889245192.56,3.62,3.83,0.93,2.62
水晶光电,2025-10-27,25.77,25.39,25.89,25.0,390504,990350568.2,3.53,0.59,0.15,2.87
水晶光电,2025-10-28,25.6,25.46,25.88,25.3,311677,797129169.91,2.28,0.28,0.07,2.29
水晶光电,2025-10-29,25.49,25.97,25.97,25.16,389469,996532506.96,3.18,2.0,0.51,2.86
水晶光电,2025-10-30,25.9,25.11,25.9,25.01,351653,892631389.83,3.43,-3.31,-0.86,2.58
水晶光电,2025-10-31,25.3,24.98,25.47,24.96,286161,719808775.82,2.03,-0.52,-0.13,2.1
水晶光电,2025-11-03,24.86,25.17,25.18,24.41,284429,704290559.33,3.08,0.76,0.19,2.09
水晶光电,2025-11-04,25.04,24.58,25.09,24.36,274322,673929138.98,2.9,-2.34,-0.59,2.01
水晶光电,2025-11-05,24.12,24.21,24.46,23.97,202271,490191262.35,1.99,-1.51,-0.37,1.48
水晶光电,2025-11-06,24.18,24.77,24.79,24.02,287037,701800414.96,3.18,2.31,0.56,2.11
水晶光电,2025-11-07,24.45,24.59,24.7,24.21,193124,472652761.9,1.98,-0.73,-0.18,1.42
水晶光电,2025-11-10,24.51,24.18,24.65,23.93,279926,674106861.62,2.93,-1.67,-0.41,2.05
水晶光电,2025-11-11,24.23,23.88,24.43,23.88,219969,530055858.94,2.27,-1.24,-0.3,1.61
水晶光电,2025-11-12,23.81,24.17,24.35,23.72,256598,619881564.16,2.64,1.21,0.29,1.88
水晶光电,2025-11-13,24.06,24.15,24.24,23.9,194987,469295024.23,1.41,-0.08,-0.02,1.43
水晶光电,2025-11-14,23.93,23.61,23.99,23.6,214705,511397643.6,1.61,-2.24,-0.54,1.58
水晶光电,2025-11-17,23.49,23.35,23.63,23.19,196033,457913238.42,1.86,-1.1,-0.26,1.44
水晶光电,2025-11-18,23.27,23.43,23.56,23.14,131146,306586980.22,1.8,0.34,0.08,0.96
水晶光电,2025-11-19,23.27,22.96,23.51,22.86,212798,491291065.22,2.77,-2.01,-0.47,1.56
水晶光电,2025-11-20,23.19,23.07,23.42,22.91,152638,353157491.77,2.22,0.48,0.11,1.12
水晶光电,2025-11-21,22.84,22.48,22.99,22.41,216407,491015225.43,2.51,-2.56,-0.59,1.59
水晶光电,2025-11-24,22.74,22.54,22.79,22.37,167469,377817072.82,1.87,0.27,0.06,1.23
水晶光电,2025-11-25,22.75,23.26,23.66,22.75,325951,762154029.12,4.04,3.19,0.72,2.39
水晶光电,2025-11-26,23.4,24.08,24.25,23.28,439623,1055032769.33,4.17,3.53,0.82,3.23
水晶光电,2025-11-27,24.13,23.68,24.29,23.62,253131,608015810.3,2.78,-1.66,-0.4,1.86
水晶光电,2025-11-28,24.3,24.2,24.72,24.1,356942,868163660.37,2.62,2.2,0.52,2.62
水晶光电,2025-12-01,24.41,25.15,25.25,24.24,508686,1266874348.44,4.17,3.93,0.95,3.73
水晶光电,2025-12-02,25.0,25.16,25.63,24.95,405032,1023425566.85,2.7,0.04,0.01,2.97
水晶光电,2025-12-03,25.16,24.72,25.24,24.58,276866,686987449.5,2.62,-1.75,-0.44,2.03
水晶光电,2025-12-04,24.71,24.31,24.89,24.15,252502,614368026.52,2.99,-1.66,-0.41,1.85
水晶光电,2025-12-05,24.35,24.62,24.78,24.16,226659,556150743.17,2.55,1.28,0.31,1.66
水晶光电,2025-12-08,24.62,24.84,24.96,24.6,265889,659256579.22,1.46,0.89,0.22,1.95
水晶光电,2025-12-09,24.68,24.46,24.84,24.36,292104,717739492.95,1.93,-1.53,-0.38,2.14
水晶光电,2025-12-10,24.3,24.35,24.45,23.94,198495,480175735.6,2.09,-0.45,-0.11,1.46
水晶光电,2025-12-11,24.41,24.1,24.6,24.1,184449,448857337.75,2.05,-1.03,-0.25,1.35
水晶光电,2025-12-12,24.24,24.8,24.95,23.92,300908,740697230.34,4.27,2.9,0.7,2.21
水晶光电,2025-12-15,24.5,24.09,24.59,24.03,257277,623777500.94,2.26,-2.86,-0.71,1.89
水晶光电,2025-12-16,24.02,23.87,24.18,23.71,178526,426166703.42,1.95,-0.91,-0.22,1.31
水晶光电,2025-12-17,23.8,24.37,24.44,23.6,212595,511392443.21,3.52,2.09,0.5,1.56
水晶光电,2025-12-18,24.16,23.87,24.24,23.84,182957,439279855.13,1.64,-2.05,-0.5,1.34
水晶光电,2025-12-19,24.04,24.21,24.53,24.01,206954,503068573.14,2.18,1.42,0.34,1.52
水晶光电,2025-12-22,24.25,24.43,24.74,24.25,213936,524089298.12,2.02,0.91,0.22,1.57
水晶光电,2025-12-23,24.45,24.37,24.54,24.21,184649,449711380.52,1.35,-0.25,-0.06,1.36
水晶光电,2025-12-24,24.32,25.19,25.21,24.3,368841,920644667.84,3.73,3.36,0.82,2.71
水晶光电,2025-12-25,25.09,25.01,25.16,24.75,216968,541794246.4,1.63,-0.71,-0.18,1.59
水晶光电,2025-12-26,25.0,24.76,25.01,24.52,292862,724874892.63,1.96,-1.0,-0.25,2.15
水晶光电,2025-12-29,24.8,24.71,25.18,24.6,238908,592951100.19,2.34,-0.2,-0.05,1.75
水晶光电,2025-12-30,24.57,24.98,25.17,24.48,295558,737541993.99,2.79,1.09,0.27,2.17
水晶光电,2025-12-31,25.25,25.12,25.42,24.82,378538,952027930.64,2.4,0.56,0.14,2.78
水晶光电,2026-01-05,25.3,25.5,25.79,25.2,497457,1267172063.69,2.35,1.51,0.38,3.65
水晶光电,2026-01-06,25.8,26.15,26.35,25.6,598205,1560103503.19,2.94,2.55,0.65,4.39
水晶光电,2026-01-07,26.19,25.56,26.29,25.33,503282,1293419556.05,3.67,-2.26,-0.59,3.69
水晶光电,2026-01-08,25.36,25.34,25.85,25.2,363296,924232048.7,2.54,-0.86,-0.22,2.67
水晶光电,2026-01-09,25.22,25.63,25.98,25.08,462644,1187077072.49,3.55,1.14,0.29,3.4
水晶光电,2026-01-12,25.64,26.17,26.17,25.15,603267,1555320538.24,3.98,2.11,0.54,4.43
水晶光电,2026-01-13,26.15,25.29,26.15,25.25,290683,744311190.12,3.44,-3.36,-0.88,2.13
