名称,日期,开盘,收盘,最高,最低,成交量,成交额,振幅,涨跌幅,涨跌额,换手率
格林美,2010-01-22,1.87,2.07,2.15,1.86,162066,892319989.19,29.29,109.09,1.08,86.53
格林美,2010-01-25,2.04,1.96,2.28,1.91,77866,444922046.39,17.87,-5.31,-0.11,41.57
格林美,2010-01-26,2.0,2.13,2.2,1.93,67315,389656259.14,13.78,8.67,0.17,35.94
格林美,2010-01-27,2.18,2.23,2.32,2.11,48672,290905796.49,9.86,4.69,0.1,25.99
格林美,2010-01-28,2.16,2.23,2.28,2.04,52265,306314228.4,10.76,0.0,0.0,27.9
格林美,2010-01-29,2.2,2.36,2.43,2.19,36808,231340667.12,10.76,5.83,0.13,19.65
格林美,2010-02-01,2.32,2.33,2.45,2.26,29833,187945512.26,8.05,-1.27,-0.03,15.93
格林美,2010-02-02,2.33,2.31,2.39,2.26,22307,139127268.89,5.58,-0.86,-0.02,11.91
格林美,2010-02-03,2.28,2.18,2.29,2.13,32129,192748096.16,6.93,-5.63,-0.13,17.15
格林美,2010-02-04,2.17,2.2,2.22,2.11,20383,120247807.45,5.05,0.92,0.02,10.88
格林美,2010-02-05,2.14,2.18,2.21,2.11,12958,76267550.16,4.55,-0.91,-0.02,6.92
格林美,2010-02-08,2.18,2.05,2.21,2.01,17900,103123594.78,9.17,-5.96,-0.13,9.56
格林美,2010-02-09,2.01,2.05,2.09,1.98,12747,70885065.08,5.37,0.0,0.0,6.81
格林美,2010-02-10,2.06,2.08,2.1,2.04,5868,33393721.03,2.93,1.46,0.03,3.13
格林美,2010-02-11,2.07,2.07,2.1,2.0,9072,51018215.23,4.81,-0.48,-0.01,4.84
格林美,2010-02-12,2.07,2.1,2.12,2.05,10667,61257027.24,3.38,1.45,0.03,5.7
格林美,2010-02-22,2.08,2.09,2.15,2.04,10417,59760252.25,5.24,-0.48,-0.01,5.56
格林美,2010-02-23,2.06,2.2,2.21,2.06,10874,64063727.93,7.18,5.26,0.11,5.81
格林美,2010-02-24,2.18,2.23,2.25,2.18,11319,67982505.01,3.18,1.36,0.03,6.04
格林美,2010-02-25,2.23,2.3,2.35,2.22,13309,82259360.54,5.83,3.14,0.07,7.11
格林美,2010-03-01,2.31,2.3,2.36,2.27,10487,65170396.51,3.91,0.0,0.0,5.6
格林美,2010-03-02,2.3,2.32,2.38,2.29,12004,75195042.34,3.91,0.87,0.02,6.41
格林美,2010-03-03,2.3,2.26,2.3,2.21,14408,87880711.53,3.88,-2.59,-0.06,7.69
格林美,2010-03-04,2.28,2.29,2.33,2.24,14148,86998173.37,3.98,1.33,0.03,7.55
格林美,2010-03-05,2.27,2.34,2.42,2.26,17124,107751503.48,6.99,2.18,0.05,9.14
格林美,2010-03-08,2.34,2.33,2.36,2.3,7654,47903964.32,2.56,-0.43,-0.01,4.09
格林美,2010-03-09,2.35,2.34,2.38,2.26,7143,44450818.15,5.15,0.43,0.01,3.81
格林美,2010-03-10,2.32,2.23,2.36,2.23,8375,51418325.12,5.56,-4.7,-0.11,4.47
格林美,2010-03-11,2.21,2.26,2.27,2.18,6605,40049323.91,4.04,1.35,0.03,3.53
格林美,2010-03-12,2.25,2.27,2.34,2.22,10310,63617431.27,5.31,0.44,0.01,5.5
格林美,2010-03-15,2.25,2.46,2.54,2.24,28803,188287733.04,13.22,8.37,0.19,15.38
格林美,2010-03-16,2.4,2.41,2.44,2.35,15750,100927958.48,3.66,-2.03,-0.05,8.41
格林美,2010-03-17,2.41,2.48,2.51,2.38,10591,69340522.02,5.39,2.9,0.07,5.65
格林美,2010-03-18,2.48,2.49,2.59,2.46,11478,76777506.67,5.24,0.4,0.01,6.13
格林美,2010-03-19,2.49,2.5,2.54,2.47,8554,56823228.49,2.81,0.4,0.01,4.57
格林美,2010-03-22,2.5,2.47,2.55,2.42,9515,62806010.74,5.2,-1.2,-0.03,5.08
格林美,2010-03-23,2.47,2.63,2.67,2.47,21560,147961806.19,8.1,6.48,0.16,11.51
格林美,2010-03-24,2.62,2.71,2.77,2.59,17109,121380226.6,6.84,3.04,0.08,9.13
格林美,2010-03-25,2.7,2.72,2.82,2.65,11547,83120666.82,6.27,0.37,0.01,6.16
格林美,2010-03-26,2.68,2.81,2.84,2.64,10013,72102809.75,7.35,3.31,0.09,5.35
格林美,2010-03-29,2.83,3.04,3.04,2.78,13352,101264214.17,9.25,8.19,0.23,7.13
格林美,2010-03-30,3.02,3.04,3.12,2.99,13076,103660193.69,4.28,0.0,0.0,6.98
格林美,2010-03-31,3.01,3.13,3.16,3.01,9943,79212983.51,4.93,2.96,0.09,5.31
格林美,2010-04-01,3.13,3.13,3.36,3.12,13614,113462692.45,7.67,0.0,0.0,7.27
格林美,2010-04-02,3.09,3.11,3.16,2.99,12708,100513429.47,5.43,-0.64,-0.02,6.78
格林美,2010-04-06,3.12,3.22,3.24,3.07,11619,95395189.6,5.47,3.54,0.11,6.2
格林美,2010-04-07,3.22,3.22,3.22,3.13,6102,50211616.78,2.8,0.0,0.0,3.26
格林美,2010-04-08,3.23,3.15,3.31,3.14,7419,61599452.78,5.28,-2.17,-0.07,3.96
格林美,2010-04-09,3.11,3.15,3.22,3.1,7057,57188157.77,3.81,0.0,0.0,3.77
格林美,2010-04-12,3.18,3.11,3.18,3.05,12772,102208414.64,4.13,-1.27,-0.04,6.82
格林美,2010-04-13,3.09,2.91,3.09,2.89,18545,142547766.23,6.43,-6.43,-0.2,9.9
格林美,2010-04-14,2.88,2.98,3.02,2.84,9297,71599245.48,6.19,2.41,0.07,4.96
格林美,2010-04-15,3.01,2.91,3.06,2.88,9228,71331070.07,6.04,-2.35,-0.07,4.93
格林美,2010-04-16,2.94,2.94,2.97,2.85,6160,46870484.13,4.12,1.03,0.03,3.29
格林美,2010-04-19,2.92,3.01,3.04,2.87,11597,89700723.06,5.78,2.38,0.07,6.19
格林美,2010-04-20,2.98,2.91,2.99,2.78,10179,76796078.82,6.98,-3.32,-0.1,5.43
格林美,2010-04-21,2.91,3.13,3.25,2.87,19368,156109274.62,13.06,7.56,0.22,10.34
格林美,2010-04-22,3.1,3.2,3.3,3.06,28936,235575056.38,7.67,2.24,0.07,12.4
格林美,2010-04-23,3.2,3.26,3.33,3.13,18858,157649761.74,6.25,1.88,0.06,8.08
格林美,2010-04-26,3.3,3.63,3.63,3.3,38595,350654644.3,10.12,11.35,0.37,16.54
格林美,2010-04-27,3.48,3.23,3.48,3.23,21211,179659828.24,6.89,-11.02,-0.4,9.09
格林美,2010-04-28,3.12,2.91,3.17,2.86,30826,240721615.15,9.6,-9.91,-0.32,13.21
格林美,2010-04-29,2.87,2.69,3.02,2.69,25046,186653959.67,11.34,-7.56,-0.22,10.74
格林美,2010-04-30,2.65,2.75,2.8,2.61,17747,126427239.32,7.06,2.23,0.06,7.61
格林美,2010-05-04,2.63,2.71,2.77,2.59,9240,65637393.67,6.55,-1.45,-0.04,3.96
格林美,2010-05-05,2.64,2.82,2.86,2.6,13531,97529599.34,9.59,4.06,0.11,5.8
格林美,2010-05-07,2.65,2.56,2.8,2.56,16538,116677361.57,8.51,-9.22,-0.26,7.09
格林美,2010-05-10,2.53,2.44,2.59,2.37,13828,90837496.46,8.59,-4.69,-0.12,5.93
格林美,2010-05-11,2.54,2.37,2.54,2.37,9741,64048114.77,6.97,-2.87,-0.07,4.18
格林美,2010-05-12,2.32,2.42,2.47,2.32,13052,84080510.37,6.33,2.11,0.05,5.59
格林美,2010-05-13,2.43,2.47,2.47,2.29,12229,77708212.73,7.44,2.07,0.05,5.24
格林美,2010-05-14,2.44,2.51,2.54,2.37,12201,80425250.12,6.88,1.62,0.04,5.23
格林美,2010-05-17,2.44,2.38,2.5,2.36,9382,60994978.38,5.58,-5.18,-0.13,4.02
格林美,2010-05-18,2.41,2.46,2.48,2.31,10444,67210874.28,7.14,3.36,0.08,4.48
格林美,2010-05-19,2.43,2.56,2.63,2.41,11832,79406942.84,8.94,4.07,0.1,5.07
格林美,2010-05-20,2.53,2.52,2.6,2.48,7303,49247351.9,4.69,-1.56,-0.04,3.13
格林美,2010-05-21,2.41,2.64,2.69,2.39,11067,75779725.29,11.9,4.76,0.12,4.74
格林美,2010-05-24,2.69,2.74,2.79,2.65,13399,96001652.88,5.3,3.79,0.1,5.74
格林美,2010-05-25,2.74,2.74,2.79,2.7,9514,68596123.52,3.28,0.0,0.0,4.08
格林美,2010-05-26,2.75,2.68,2.77,2.65,7332,52331456.16,4.38,-2.19,-0.06,3.14
格林美,2010-05-27,2.66,2.81,2.84,2.65,10924,79541817.27,7.09,4.85,0.13,4.68
格林美,2010-05-28,2.9,2.81,2.9,2.74,9272,68147194.92,5.69,0.0,0.0,3.97
格林美,2010-05-31,2.78,2.74,2.84,2.73,13742,99931471.4,3.91,-2.49,-0.07,5.89
格林美,2010-06-01,2.67,2.55,2.72,2.48,13293,90587321.26,8.76,-6.93,-0.19,5.7
格林美,2010-06-02,2.51,2.56,2.58,2.47,8201,55098550.41,4.31,0.39,0.01,3.52
格林美,2010-06-03,2.57,2.56,2.64,2.55,6619,45442897.18,3.52,0.0,0.0,2.84
格林美,2010-06-04,2.54,2.56,2.56,2.48,6773,45488835.07,3.13,0.0,0.0,2.9
格林美,2010-06-07,2.5,2.6,2.62,2.48,8375,56950612.05,5.47,1.56,0.04,3.59
格林美,2010-06-08,2.61,2.69,2.73,2.61,11315,80138977.71,4.62,3.46,0.09,4.85
格林美,2010-06-09,2.73,2.72,2.75,2.68,7796,55660796.38,2.6,1.12,0.03,3.34
格林美,2010-06-10,2.72,2.83,2.85,2.72,11770,86573109.25,4.78,4.04,0.11,5.05
格林美,2010-06-11,2.86,2.9,2.91,2.86,13849,104344672.2,1.77,2.47,0.07,5.94
格林美,2010-06-17,2.96,2.9,3.08,2.81,20089,154189094.41,9.31,0.0,0.0,8.61
格林美,2010-06-18,2.83,2.72,2.89,2.7,12028,88010654.37,6.55,-6.21,-0.18,5.16
格林美,2010-06-21,2.67,2.88,2.91,2.67,13128,74661612.07,8.82,5.88,0.16,4.33
格林美,2010-06-22,2.89,2.88,2.93,2.83,12038,69145102.52,3.47,0.0,0.0,3.97
格林美,2010-06-23,2.84,2.88,2.9,2.79,10005,56910670.36,3.82,0.0,0.0,3.3
格林美,2010-06-24,2.87,2.93,2.99,2.84,15737,91857452.71,5.21,1.74,0.05,5.19
格林美,2010-06-25,2.93,2.76,2.96,2.72,15925,89728072.94,8.19,-5.8,-0.17,5.25
格林美,2010-06-28,2.74,2.6,2.78,2.55,13591,72645557.31,8.33,-5.8,-0.16,4.48
格林美,2010-06-29,2.58,2.42,2.61,2.39,11012,55817623.28,8.46,-6.92,-0.18,3.63
格林美,2010-06-30,2.3,2.45,2.47,2.3,8459,41552878.19,7.02,1.24,0.03,2.79
格林美,2010-07-01,2.45,2.39,2.48,2.33,8748,43344163.82,6.12,-2.45,-0.06,2.88
格林美,2010-07-02,2.39,2.27,2.39,2.15,19630,90687662.19,10.04,-5.02,-0.12,6.47
格林美,2010-07-05,2.17,2.24,2.27,2.16,6966,32125414.18,4.85,-1.32,-0.03,2.3
格林美,2010-07-06,2.26,2.34,2.36,2.22,7388,35354776.3,6.25,4.46,0.1,2.44
格林美,2010-07-07,2.33,2.37,2.42,2.33,7588,36873112.0,3.85,1.28,0.03,2.5
格林美,2010-07-08,2.36,2.4,2.42,2.33,7233,35303642.66,3.8,1.27,0.03,2.38
格林美,2010-07-09,2.38,2.48,2.51,2.35,10426,52192253.1,6.67,3.33,0.08,3.44
格林美,2010-07-12,2.49,2.53,2.63,2.48,12310,64224966.47,6.05,2.02,0.05,4.06
格林美,2010-07-13,2.5,2.5,2.52,2.39,12369,62072290.21,5.14,-1.19,-0.03,4.08
格林美,2010-07-14,2.51,2.54,2.62,2.5,10278,53577763.61,4.8,1.6,0.04,3.39
格林美,2010-07-15,2.5,2.52,2.63,2.5,12108,63236904.13,5.12,-0.79,-0.02,3.99
格林美,2010-07-16,2.5,2.57,2.57,2.45,6539,33377598.0,4.76,1.98,0.05,2.16
格林美,2010-07-19,2.53,2.61,2.62,2.5,10156,53288169.83,4.67,1.56,0.04,3.35
格林美,2010-07-20,2.62,2.68,2.7,2.61,12693,68321858.98,3.45,2.68,0.07,4.19
格林美,2010-07-21,2.68,2.65,2.74,2.64,11142,60552530.61,3.73,-1.12,-0.03,3.67
格林美,2010-07-22,2.64,2.66,2.68,2.62,6828,36630743.87,2.26,0.38,0.01,2.25
格林美,2010-07-23,2.66,2.66,2.7,2.61,7587,40708823.52,3.38,0.0,0.0,2.5
格林美,2010-07-26,2.67,2.66,2.7,2.63,7577,40690715.0,2.63,0.0,0.0,2.5
格林美,2010-07-27,2.67,2.63,2.67,2.62,6868,36720998.43,1.88,-1.13,-0.03,2.26
格林美,2010-07-28,2.62,2.69,2.69,2.62,8580,46256709.69,2.66,2.28,0.06,2.83
格林美,2010-07-30,2.65,2.77,2.8,2.64,11754,64831402.12,5.95,2.97,0.08,3.88
格林美,2010-08-02,2.78,2.78,2.78,2.73,10790,59871528.95,1.81,0.36,0.01,3.56
格林美,2010-08-03,2.79,2.74,2.83,2.73,11716,65655227.38,3.6,-1.44,-0.04,3.86
格林美,2010-08-04,2.76,2.8,2.81,2.7,10062,55926116.84,4.01,2.19,0.06,3.32
格林美,2010-08-05,2.78,2.82,2.84,2.77,11247,63683045.75,2.5,0.71,0.02,3.71
格林美,2010-08-06,2.8,2.83,2.85,2.75,10127,57241917.57,3.55,0.35,0.01,3.34
格林美,2010-08-09,2.82,2.91,2.91,2.82,10331,59511190.19,3.18,2.83,0.08,3.41
格林美,2010-08-10,2.91,2.8,2.92,2.79,11740,66770574.96,4.47,-3.78,-0.11,3.87
格林美,2010-08-11,2.79,2.8,2.84,2.78,6588,37080949.83,2.14,0.0,0.0,2.17
格林美,2010-08-12,2.78,2.76,2.85,2.76,7643,42936916.1,3.21,-1.43,-0.04,2.52
格林美,2010-08-13,2.75,2.79,2.79,2.7,7611,42115259.2,3.26,1.09,0.03,2.51
格林美,2010-08-16,2.76,2.86,2.86,2.76,8473,48059359.58,3.58,2.51,0.07,2.79
格林美,2010-08-17,2.86,2.89,2.97,2.85,16424,95017770.62,4.2,1.05,0.03,5.42
格林美,2010-08-18,2.86,2.83,2.88,2.8,10953,62267051.37,2.77,-2.08,-0.06,3.61
格林美,2010-08-19,2.83,2.8,2.86,2.75,13432,75273388.57,3.89,-1.06,-0.03,4.43
格林美,2010-08-20,2.79,2.67,2.79,2.67,12727,69833704.74,4.29,-4.64,-0.13,4.2
格林美,2010-08-23,2.66,2.69,2.71,2.64,7317,39461000.02,2.62,0.75,0.02,2.41
格林美,2010-08-24,2.67,2.69,2.72,2.65,5771,31373005.55,2.6,0.0,0.0,1.9
格林美,2010-08-25,2.69,2.67,2.76,2.66,8180,44682522.09,3.72,-0.74,-0.02,2.7
格林美,2010-08-26,2.67,2.66,2.71,2.65,7745,41774188.57,2.25,-0.37,-0.01,2.55
格林美,2010-08-27,2.67,2.68,2.68,2.64,5969,32187693.22,1.5,0.75,0.02,1.97
格林美,2010-08-30,2.72,2.89,2.93,2.72,23606,134722077.3,7.84,7.84,0.21,7.78
格林美,2010-08-31,2.88,2.92,2.98,2.83,18313,106517110.92,5.19,1.04,0.03,6.04
格林美,2010-09-01,2.92,2.81,2.97,2.77,19536,111527854.77,6.85,-3.77,-0.11,6.44
格林美,2010-09-02,2.84,2.96,2.97,2.81,20161,116798395.94,5.69,5.34,0.15,6.65
格林美,2010-09-06,3.0,2.91,3.03,2.88,15000,87931312.01,5.07,-1.69,-0.05,4.95
格林美,2010-09-07,2.9,2.86,2.93,2.82,10935,62614805.1,3.78,-1.72,-0.05,3.61
格林美,2010-09-08,2.84,2.95,2.97,2.83,14970,87594654.55,4.9,3.15,0.09,4.94
格林美,2010-09-09,2.95,2.89,3.05,2.88,17326,102174001.1,5.76,-2.03,-0.06,5.71
格林美,2010-09-10,2.88,2.92,2.95,2.83,10483,60624008.87,4.15,1.04,0.03,3.46
格林美,2010-09-13,2.9,2.93,2.95,2.9,7895,46164419.6,1.71,0.34,0.01,2.6
格林美,2010-09-14,2.94,2.9,2.94,2.86,11043,63866402.98,2.73,-1.02,-0.03,3.64
格林美,2010-09-15,2.89,2.76,2.9,2.76,12868,72525885.19,4.83,-4.83,-0.14,4.24
格林美,2010-09-16,2.81,2.84,2.9,2.79,17708,100811754.91,3.99,2.9,0.08,5.84
格林美,2010-09-17,2.85,2.76,2.87,2.76,11296,63378516.7,3.87,-2.82,-0.08,3.72
格林美,2010-09-20,2.76,2.7,2.79,2.7,6770,37104152.62,3.26,-2.17,-0.06,2.23
格林美,2010-09-21,2.72,2.59,2.72,2.56,9665,51363733.49,5.93,-4.07,-0.11,3.19
格林美,2010-09-27,2.59,2.67,2.68,2.59,6005,32107583.25,3.47,3.09,0.08,1.98
格林美,2010-09-28,2.67,2.64,2.72,2.63,5381,29176475.91,3.37,-1.12,-0.03,1.77
格林美,2010-09-29,2.64,2.6,2.65,2.6,5398,28615593.63,1.89,-1.52,-0.04,1.78
格林美,2010-09-30,2.6,2.66,2.67,2.58,3997,21311549.49,3.46,2.31,0.06,1.32
格林美,2010-10-08,2.7,2.81,2.86,2.7,11191,63002596.82,6.02,5.64,0.15,3.69
格林美,2010-10-11,2.84,2.83,2.87,2.76,15172,85827553.01,3.91,0.71,0.02,5.0
格林美,2010-10-12,2.83,2.93,2.96,2.77,23842,138665238.17,6.71,3.53,0.1,7.86
格林美,2010-10-13,2.93,2.89,2.96,2.85,15128,87750586.82,3.75,-1.37,-0.04,4.99
格林美,2010-10-14,2.92,2.86,2.92,2.79,12491,71664170.44,4.5,-1.04,-0.03,4.12
格林美,2010-10-15,2.85,3.19,3.19,2.8,33880,206521009.93,13.64,11.54,0.33,11.17
格林美,2010-10-18,3.29,3.18,3.52,3.15,42682,278525623.06,11.6,-0.31,-0.01,14.07
格林美,2010-10-19,3.22,3.24,3.34,3.13,18949,120357305.66,6.6,1.89,0.06,6.25
格林美,2010-10-20,3.18,3.31,3.33,3.13,22957,146641293.75,6.17,2.16,0.07,7.57
格林美,2010-10-21,3.3,3.28,3.41,3.23,16584,108582775.9,5.44,-0.91,-0.03,5.47
格林美,2010-10-22,3.26,3.2,3.28,3.16,14372,91078963.38,3.66,-2.44,-0.08,4.74
格林美,2010-10-25,3.2,3.31,3.38,3.16,19478,126221130.84,6.88,3.44,0.11,6.42
格林美,2010-10-26,3.27,3.28,3.41,3.25,15251,99653704.87,4.83,-0.91,-0.03,5.03
格林美,2010-10-27,3.25,3.17,3.27,3.16,17877,113411585.54,3.35,-3.35,-0.11,5.89
格林美,2010-10-28,3.15,3.14,3.19,3.1,11524,71722526.56,2.84,-0.95,-0.03,3.8
格林美,2010-10-29,3.14,3.22,3.24,3.14,10629,67258203.01,3.18,2.55,0.08,3.5
格林美,2010-11-01,3.22,3.36,3.41,3.22,18326,120465112.62,5.9,4.35,0.14,6.04
格林美,2010-11-02,3.37,3.43,3.61,3.37,28079,192425067.71,7.14,2.08,0.07,9.26
格林美,2010-11-03,3.43,3.31,3.5,3.3,14979,99826201.07,5.83,-3.5,-0.12,4.94
格林美,2010-11-04,3.3,3.39,3.45,3.28,12887,84828675.25,5.14,2.42,0.08,4.25
格林美,2010-11-05,3.51,3.51,3.57,3.45,17306,118699580.21,3.54,3.54,0.12,5.71
格林美,2010-11-08,3.51,3.56,3.64,3.47,14715,102745239.7,4.84,1.42,0.05,4.85
格林美,2010-11-09,3.56,3.52,3.57,3.5,9614,66523937.34,1.97,-1.12,-0.04,3.17
格林美,2010-11-10,3.51,3.52,3.54,3.45,9044,61802580.35,2.56,0.0,0.0,2.98
格林美,2010-11-11,3.51,3.46,3.64,3.46,13268,92087684.31,5.11,-1.7,-0.06,4.37
格林美,2010-11-12,3.43,3.24,3.43,3.15,17564,114604040.57,8.09,-6.36,-0.22,5.79
格林美,2010-11-15,3.24,3.31,3.32,3.2,10707,69107057.5,3.7,2.16,0.07,3.53
格林美,2010-11-16,3.31,3.15,3.35,3.06,10913,69126049.13,8.76,-4.83,-0.16,3.6
格林美,2010-11-17,3.12,3.13,3.2,3.06,6419,39961465.43,4.44,-0.63,-0.02,2.12
格林美,2010-11-18,3.18,3.14,3.2,3.07,5059,31377810.61,4.15,0.32,0.01,1.67
格林美,2010-11-19,3.17,3.19,3.21,3.09,7952,49456681.28,3.82,1.59,0.05,2.62
格林美,2010-11-22,3.14,3.17,3.22,3.13,15420,96750861.57,2.82,-0.63,-0.02,5.08
格林美,2010-11-23,3.18,3.3,3.3,3.16,14903,94998734.41,4.42,4.1,0.13,4.91
格林美,2010-11-24,3.25,3.39,3.41,3.22,13504,88499762.77,5.76,2.73,0.09,4.45
格林美,2010-11-25,3.4,3.28,3.41,3.16,14925,96958484.66,7.37,-3.24,-0.11,4.92
格林美,2010-11-26,3.28,3.25,3.28,3.21,8317,53218487.33,2.13,-0.91,-0.03,2.74
格林美,2010-11-29,3.25,3.24,3.26,3.13,10220,64491322.99,4.0,-0.31,-0.01,3.37
格林美,2010-11-30,3.18,3.09,3.24,3.07,13430,82918676.96,5.25,-4.63,-0.15,4.43
格林美,2010-12-01,3.12,3.11,3.13,3.06,4887,30023536.84,2.27,0.65,0.02,1.61
格林美,2010-12-02,3.14,3.19,3.2,3.13,6907,43373664.31,2.25,2.57,0.08,2.28
格林美,2010-12-03,3.19,3.18,3.19,3.13,7455,46598650.07,1.88,-0.31,-0.01,2.46
格林美,2010-12-06,3.22,3.02,3.22,3.0,7866,47834626.61,6.92,-5.03,-0.16,2.59
格林美,2010-12-07,3.02,3.04,3.05,2.93,5899,35087754.82,3.97,0.66,0.02,1.95
格林美,2010-12-08,3.03,3.03,3.08,3.01,5073,30769686.71,2.3,-0.33,-0.01,1.67
格林美,2010-12-09,3.01,3.01,3.08,3.01,4163,25106153.33,2.31,-0.66,-0.02,1.37
格林美,2010-12-10,3.01,3.04,3.07,3.01,7262,43811662.15,1.99,1.0,0.03,2.39
格林美,2010-12-13,3.06,3.21,3.23,3.06,11945,75348586.33,5.59,5.59,0.17,3.94
格林美,2010-12-14,3.21,3.2,3.22,3.15,8787,55447327.87,2.18,-0.31,-0.01,2.9
格林美,2010-12-15,3.2,3.19,3.24,3.17,5343,33816908.11,2.19,-0.31,-0.01,1.76
格林美,2010-12-16,3.19,3.21,3.27,3.19,5850,37346099.5,2.51,0.63,0.02,1.93
格林美,2010-12-17,3.22,3.21,3.26,3.19,5163,32908989.14,2.18,0.0,0.0,1.7
格林美,2010-12-20,3.23,3.09,3.24,3.01,9349,57633397.42,7.17,-3.74,-0.12,3.08
格林美,2010-12-21,3.12,3.11,3.12,3.07,3629,22293560.8,1.62,0.65,0.02,1.2
格林美,2010-12-22,3.11,3.12,3.14,3.09,3391,20965358.95,1.61,0.32,0.01,1.12
格林美,2010-12-23,3.3,3.22,3.44,3.18,19584,127305969.77,8.33,3.21,0.1,6.46
格林美,2010-12-24,3.18,3.06,3.18,3.05,10442,64363145.39,4.04,-4.97,-0.16,3.44
格林美,2010-12-27,3.04,2.97,3.17,2.97,7421,45083016.23,6.54,-2.94,-0.09,2.45
格林美,2010-12-28,2.96,2.96,2.98,2.93,3982,23497580.48,1.68,-0.34,-0.01,1.31
格林美,2010-12-29,3.0,3.02,3.06,2.99,3869,23255387.71,2.36,2.03,0.06,1.28
格林美,2010-12-30,3.04,3.15,3.24,3.04,13243,83341680.08,6.62,4.3,0.13,4.37
格林美,2010-12-31,3.13,3.21,3.24,3.1,9646,60898522.5,4.44,1.9,0.06,3.18
格林美,2011-01-04,3.24,3.23,3.26,3.21,7842,50001479.91,1.56,0.62,0.02,2.59
格林美,2011-01-05,3.25,3.28,3.37,3.24,13502,87984515.76,4.02,1.55,0.05,4.45
格林美,2011-01-06,3.28,3.28,3.31,3.21,8768,56511948.02,3.05,0.0,0.0,2.89
格林美,2011-01-07,3.27,3.17,3.27,3.17,9426,59786951.36,3.05,-3.35,-0.11,3.11
格林美,2011-01-10,3.16,3.03,3.22,3.02,6143,37903409.17,6.31,-4.42,-0.14,2.03
格林美,2011-01-11,3.03,3.07,3.11,3.01,3929,23883944.49,3.3,1.32,0.04,1.3
格林美,2011-01-12,3.1,3.04,3.1,3.02,2960,17966843.27,2.61,-0.98,-0.03,0.98
格林美,2011-01-13,3.05,3.05,3.12,3.03,3183,19279306.59,2.96,0.33,0.01,1.05
格林美,2011-01-14,3.05,2.96,3.05,2.94,4600,27467812.81,3.61,-2.95,-0.09,1.52
格林美,2011-01-17,2.94,2.77,2.94,2.76,6117,34436269.16,6.08,-6.42,-0.19,2.02
格林美,2011-01-18,2.77,2.75,2.81,2.73,2413,13373390.66,2.89,-0.72,-0.02,0.8
格林美,2011-01-19,2.72,2.8,2.8,2.71,3871,21526966.15,3.27,1.82,0.05,1.28
格林美,2011-01-20,2.8,2.67,2.8,2.67,3501,19155480.32,4.64,-4.64,-0.13,1.15
格林美,2011-01-21,2.67,2.65,2.7,2.64,3504,18854146.34,2.25,-0.75,-0.02,1.16
格林美,2011-01-24,2.65,2.45,2.71,2.44,5415,28426468.85,10.19,-7.55,-0.2,0.58
格林美,2011-01-25,2.39,2.44,2.47,2.28,4271,21000167.68,7.76,-0.41,-0.01,0.46
格林美,2011-01-26,2.41,2.47,2.52,2.41,4989,25295619.99,4.51,1.23,0.03,0.53
格林美,2011-01-27,2.47,2.54,2.59,2.42,4026,20686911.95,6.88,2.83,0.07,0.43
格林美,2011-01-28,2.51,2.51,2.56,2.48,6096,31185465.19,3.15,-1.18,-0.03,0.65
格林美,2011-01-31,2.51,2.53,2.55,2.49,13181,67340798.49,2.39,0.8,0.02,1.41
格林美,2011-02-01,2.56,2.51,2.56,2.49,5169,26417782.95,2.77,-0.79,-0.02,0.55
格林美,2011-02-09,2.46,2.46,2.52,2.44,4799,24356803.29,3.19,-1.99,-0.05,0.51
格林美,2011-02-10,2.47,2.55,2.55,2.42,6913,35022536.98,5.28,3.66,0.09,0.74
格林美,2011-02-11,2.77,2.66,2.8,2.63,15758,85884986.44,6.67,4.31,0.11,1.68
格林美,2011-02-14,2.67,2.86,2.87,2.67,18712,105306137.55,7.52,7.52,0.2,2.0
格林美,2011-02-15,2.86,2.85,2.89,2.8,13397,76188431.6,3.15,-0.35,-0.01,1.43
格林美,2011-02-16,2.81,2.86,2.87,2.77,8298,47072457.34,3.51,0.35,0.01,0.89
格林美,2011-02-17,2.86,2.85,2.87,2.82,5606,31997536.8,1.75,-0.35,-0.01,0.6
格林美,2011-02-18,2.85,2.79,2.87,2.77,5584,31437574.06,3.51,-2.11,-0.06,0.6
格林美,2011-02-21,2.78,2.83,2.84,2.77,5588,31524883.55,2.51,1.43,0.04,0.6
格林美,2011-02-22,2.84,2.82,2.94,2.81,7960,45843334.61,4.59,-0.35,-0.01,0.85
格林美,2011-02-23,2.81,2.84,2.88,2.79,6017,34179304.54,3.19,0.71,0.02,0.64
格林美,2011-02-24,2.86,2.93,2.98,2.86,9342,54734513.69,4.23,3.17,0.09,1.0
格林美,2011-02-25,2.9,2.85,2.93,2.79,7652,43495800.71,4.78,-2.73,-0.08,0.82
格林美,2011-02-28,2.84,2.84,2.86,2.79,5469,30902357.9,2.46,-0.35,-0.01,0.58
格林美,2011-03-01,2.84,2.85,2.9,2.81,6688,38259546.33,3.17,0.35,0.01,0.71
格林美,2011-03-02,2.86,2.89,2.92,2.83,7500,43258621.6,3.16,1.4,0.04,0.8
格林美,2011-03-03,2.89,2.77,2.9,2.76,8553,48350988.21,4.84,-4.15,-0.12,0.91
格林美,2011-03-04,2.77,2.79,2.82,2.77,3798,21324217.73,1.81,0.72,0.02,0.41
格林美,2011-03-07,2.79,2.81,2.81,2.78,7362,41352093.44,1.08,0.72,0.02,0.79
格林美,2011-03-08,2.84,2.83,2.87,2.81,7421,42299391.35,2.14,0.71,0.02,0.79
格林美,2011-03-09,2.83,2.85,2.85,2.76,19155,107264121.92,3.18,0.71,0.02,2.05
格林美,2011-03-10,2.85,2.81,2.91,2.8,13329,76609062.33,3.86,-1.4,-0.04,1.42
格林美,2011-03-11,2.8,2.76,2.81,2.76,6292,35134887.36,1.78,-1.78,-0.05,0.67
格林美,2011-03-14,2.76,2.71,2.76,2.69,8959,48968452.05,2.54,-1.81,-0.05,0.96
格林美,2011-03-15,2.7,2.64,2.7,2.6,8447,45144729.14,3.69,-2.58,-0.07,0.9
格林美,2011-03-16,2.65,2.69,2.69,2.61,7079,38075438.56,3.03,1.89,0.05,0.76
格林美,2011-03-17,2.67,2.6,2.67,2.59,6143,32621612.96,2.97,-3.35,-0.09,0.66
格林美,2011-03-18,2.6,2.61,2.64,2.6,3247,17218671.89,1.54,0.38,0.01,0.35
格林美,2011-03-21,2.56,2.63,2.63,2.56,2666,14102376.06,2.68,0.77,0.02,0.28
格林美,2011-03-22,2.63,2.67,2.67,2.59,3918,20925261.92,3.04,1.52,0.04,0.42
格林美,2011-03-23,2.67,2.69,2.69,2.66,4798,25964907.57,1.12,0.75,0.02,0.51
格林美,2011-03-24,2.7,2.7,2.74,2.67,5414,29554000.25,2.6,0.37,0.01,0.58
格林美,2011-03-25,2.72,2.74,2.74,2.67,7225,39632564.21,2.59,1.48,0.04,0.77
格林美,2011-03-28,2.79,2.72,2.8,2.72,7536,41740707.49,2.92,-0.73,-0.02,0.8
格林美,2011-03-29,2.72,2.61,2.72,2.6,6026,32070371.62,4.41,-4.04,-0.11,0.64
格林美,2011-03-30,2.61,2.57,2.61,2.55,4632,24179775.35,2.3,-1.53,-0.04,0.49
格林美,2011-03-31,2.6,2.59,2.61,2.55,2846,14905559.83,2.33,0.78,0.02,0.3
格林美,2011-04-01,2.59,2.6,2.62,2.57,2835,14921222.92,1.93,0.39,0.01,0.3
格林美,2011-04-06,2.6,2.62,2.65,2.57,3800,20050133.2,3.08,0.77,0.02,0.41
格林美,2011-04-07,2.62,2.59,2.65,2.57,5678,29796391.82,3.05,-1.15,-0.03,0.61
格林美,2011-04-08,2.59,2.64,2.64,2.58,4038,21511378.32,2.32,1.93,0.05,0.43
格林美,2011-04-11,2.67,2.61,2.68,2.6,4492,23964588.23,3.03,-1.14,-0.03,0.48
格林美,2011-04-12,2.59,2.55,2.61,2.55,8158,42441058.85,2.3,-2.3,-0.06,0.87
格林美,2011-04-13,2.55,2.56,2.57,2.52,3015,15597315.02,1.96,0.39,0.01,0.32
格林美,2011-04-14,2.57,2.57,2.58,2.54,2848,14829888.93,1.56,0.39,0.01,0.3
格林美,2011-04-15,2.58,2.57,2.58,2.54,2884,14975601.27,1.56,0.0,0.0,0.31
格林美,2011-04-19,2.57,2.46,2.57,2.43,7796,39416522.66,5.45,-4.28,-0.11,0.83
格林美,2011-04-20,2.45,2.48,2.49,2.44,4301,21576071.79,2.03,0.81,0.02,0.46
格林美,2011-04-21,2.48,2.47,2.49,2.46,4211,21219375.86,1.21,-0.4,-0.01,0.45
格林美,2011-04-22,2.5,2.48,2.55,2.46,7500,38212786.56,3.64,0.4,0.01,0.8
格林美,2011-04-25,2.49,2.43,2.49,2.43,4343,21725339.9,2.42,-2.02,-0.05,0.46
格林美,2011-04-26,2.47,2.34,2.47,2.34,9737,47281471.91,5.35,-3.7,-0.09,1.04
格林美,2011-04-27,2.38,2.34,2.38,2.33,4799,23123309.16,2.14,0.0,0.0,0.51
格林美,2011-04-28,2.36,2.27,2.38,2.27,6101,29247921.61,4.7,-2.99,-0.07,0.65
格林美,2011-04-29,2.27,2.25,2.3,2.18,4352,20040119.12,5.29,-0.88,-0.02,0.46
格林美,2011-05-03,2.25,2.29,2.29,2.22,2945,13722494.8,3.11,1.78,0.04,0.31
格林美,2011-05-04,2.26,2.24,2.27,2.23,2297,10692963.72,1.75,-2.18,-0.05,0.25
格林美,2011-05-05,2.24,2.27,2.27,2.2,2444,11355752.24,3.13,1.34,0.03,0.26
格林美,2011-05-06,2.24,2.26,2.27,2.22,3095,14464488.15,2.2,-0.44,-0.01,0.33
格林美,2011-05-09,2.29,2.31,2.36,2.27,4625,22052183.26,3.98,2.21,0.05,0.49
格林美,2011-05-10,2.31,2.31,2.33,2.22,3332,15787495.5,4.76,0.0,0.0,0.36
格林美,2011-05-11,2.32,2.31,2.34,2.31,3045,14598653.98,1.3,0.0,0.0,0.33
格林美,2011-05-12,2.31,2.24,2.31,2.23,3526,16485226.17,3.46,-3.03,-0.07,0.38
格林美,2011-05-13,2.24,2.22,2.26,2.2,6777,31114341.63,2.68,-0.89,-0.02,0.72
格林美,2011-05-16,2.22,2.25,2.3,2.21,5108,23835899.56,4.05,1.35,0.03,0.55
格林美,2011-05-17,2.23,2.27,2.3,2.21,5061,23563764.71,4.0,0.89,0.02,0.54
格林美,2011-05-18,2.27,2.27,2.29,2.25,3385,15872818.18,1.76,0.0,0.0,0.36
格林美,2011-05-19,2.29,2.27,2.29,2.26,3168,14897308.9,1.32,0.0,0.0,0.34
格林美,2011-05-20,2.27,2.35,2.36,2.27,10474,50287337.28,3.96,3.52,0.08,1.12
格林美,2011-05-23,2.37,2.24,2.37,2.22,6755,32151208.96,6.38,-4.68,-0.11,0.72
格林美,2011-05-24,2.23,2.23,2.27,2.15,4632,21057249.31,5.36,-0.45,-0.01,0.49
格林美,2011-05-25,2.23,2.18,2.25,2.15,3332,15228968.91,4.48,-2.24,-0.05,0.36
格林美,2011-05-26,2.19,2.11,2.2,2.11,7626,17015991.29,4.13,-3.21,-0.07,0.41
格林美,2011-05-27,2.07,2.06,2.11,2.05,5438,11824618.64,2.84,-2.37,-0.05,0.29
格林美,2011-05-30,2.06,1.95,2.06,1.94,9920,20630937.29,5.83,-5.34,-0.11,0.53
格林美,2011-05-31,1.94,2.0,2.02,1.94,6787,14097302.82,4.1,2.56,0.05,0.36
格林美,2011-06-09,2.23,2.23,2.23,2.13,125715,288458141.58,5.0,11.5,0.23,6.71
格林美,2011-06-10,2.17,2.14,2.23,2.09,65764,146771240.67,6.28,-4.04,-0.09,3.51
格林美,2011-06-13,2.11,2.04,2.12,1.99,47689,101609370.49,6.07,-4.67,-0.1,2.55
格林美,2011-06-14,2.04,2.06,2.1,2.02,27897,60320528.37,3.92,0.98,0.02,1.49
格林美,2011-06-15,2.07,2.0,2.09,1.98,33468,71267613.79,5.34,-2.91,-0.06,1.79
格林美,2011-06-16,1.96,1.88,1.98,1.88,33936,69253830.37,5.0,-6.0,-0.12,1.81
格林美,2011-06-17,1.88,1.81,1.89,1.81,21996,43014018.9,4.26,-3.72,-0.07,1.17
格林美,2011-06-20,1.8,1.79,1.84,1.75,15716,30148939.34,4.97,-1.1,-0.02,0.84
格林美,2011-06-21,1.81,1.84,1.84,1.78,14111,27313560.68,3.35,2.79,0.05,0.75
格林美,2011-06-22,1.84,1.81,1.85,1.8,12380,24149045.14,2.72,-1.63,-0.03,0.66
格林美,2011-06-23,1.8,1.88,1.88,1.78,20094,39658985.19,5.52,3.87,0.07,1.07
格林美,2011-06-24,1.87,1.95,1.98,1.86,32096,65846604.46,6.38,3.72,0.07,1.71
格林美,2011-06-28,2.01,2.03,2.11,2.01,39562,85043741.15,5.13,4.1,0.08,2.11
格林美,2011-06-29,2.03,1.97,2.04,1.97,25253,53130639.17,3.45,-2.96,-0.06,1.35
格林美,2011-06-30,1.96,2.0,2.02,1.96,14958,31428499.12,3.05,1.52,0.03,0.8
格林美,2011-07-01,2.0,2.03,2.04,2.0,18193,38668762.0,2.0,1.5,0.03,0.97
格林美,2011-07-04,2.04,2.14,2.17,2.04,41505,91509588.78,6.4,5.42,0.11,2.22
格林美,2011-07-05,2.15,2.18,2.23,2.14,43149,98025286.91,4.21,1.87,0.04,2.3
格林美,2011-07-06,2.15,2.43,2.43,2.14,80606,192136085.39,13.3,11.47,0.25,4.3
格林美,2011-07-07,2.45,2.51,2.61,2.43,110143,280520178.91,7.41,3.29,0.08,5.88
格林美,2011-07-08,2.49,2.47,2.5,2.44,46950,117843827.9,2.39,-1.59,-0.04,2.51
格林美,2011-07-11,2.45,2.44,2.47,2.4,32906,82032725.57,2.83,-1.21,-0.03,1.76
格林美,2011-07-12,2.41,2.42,2.5,2.4,38544,96116051.9,4.1,-0.82,-0.02,2.06
格林美,2011-07-13,2.41,2.5,2.55,2.41,41052,104204499.47,5.79,3.31,0.08,2.19
格林美,2011-07-14,2.51,2.51,2.59,2.46,37711,96374731.68,5.2,0.4,0.01,2.01
格林美,2011-07-15,2.52,2.64,2.68,2.52,64936,171539636.9,6.37,5.18,0.13,3.47
格林美,2011-07-18,2.65,2.55,2.67,2.54,43049,112332718.76,4.92,-3.41,-0.09,2.3
格林美,2011-07-19,2.51,2.44,2.51,2.43,36757,91888949.18,3.14,-4.31,-0.11,1.96
格林美,2011-07-20,2.46,2.48,2.52,2.44,27812,70367335.66,3.28,1.64,0.04,1.49
格林美,2011-07-21,2.48,2.41,2.48,2.4,23602,58356503.64,3.23,-2.82,-0.07,1.26
格林美,2011-07-22,2.42,2.44,2.45,2.37,17806,43944740.71,3.32,1.24,0.03,0.95
格林美,2011-07-25,2.42,2.29,2.42,2.28,29363,70533901.19,5.74,-6.15,-0.15,1.57
格林美,2011-07-26,2.29,2.34,2.37,2.27,16781,40121714.09,4.37,2.18,0.05,0.9
格林美,2011-07-27,2.36,2.42,2.45,2.33,25767,63696492.02,5.13,3.42,0.08,1.38
格林美,2011-07-28,2.38,2.48,2.49,2.38,24819,61664719.48,4.55,2.48,0.06,1.33
格林美,2011-07-29,2.48,2.41,2.53,2.41,17572,43948737.58,4.84,-2.82,-0.07,0.94
格林美,2011-08-01,2.4,2.43,2.47,2.36,14784,36554345.68,4.56,0.83,0.02,0.79
格林美,2011-08-02,2.43,2.46,2.48,2.32,20710,50828624.01,6.58,1.23,0.03,1.11
格林美,2011-08-03,2.43,2.48,2.51,2.43,21596,54445715.79,3.25,0.81,0.02,1.15
格林美,2011-08-04,2.48,2.44,2.5,2.43,17725,44475787.41,2.82,-1.61,-0.04,0.95
格林美,2011-08-05,2.34,2.36,2.41,2.33,20028,48641460.24,3.28,-3.28,-0.08,1.07
格林美,2011-08-08,2.3,2.19,2.33,2.09,31751,73134503.91,10.17,-7.2,-0.17,1.7
格林美,2011-08-09,2.11,2.22,2.24,2.03,20905,46947836.66,9.59,1.37,0.03,1.12
格林美,2011-08-10,2.26,2.33,2.35,2.25,23940,56687371.77,4.5,4.95,0.11,1.28
格林美,2011-08-11,2.27,2.45,2.48,2.26,37725,93146914.54,9.44,5.15,0.12,2.01
格林美,2011-08-12,2.46,2.48,2.51,2.42,28414,71538164.0,3.67,1.22,0.03,1.52
格林美,2011-08-15,2.48,2.53,2.6,2.45,32740,84614373.0,6.05,2.02,0.05,1.75
格林美,2011-08-16,2.56,2.49,2.58,2.48,21693,55647225.0,3.95,-1.58,-0.04,1.16
格林美,2011-08-17,2.49,2.52,2.56,2.46,20378,52228431.0,4.02,1.2,0.03,1.09
格林美,2011-08-18,2.52,2.55,2.6,2.5,31068,80705787.0,3.97,1.19,0.03,1.66
格林美,2011-08-19,2.51,2.5,2.54,2.45,17679,44847284.0,3.53,-1.96,-0.05,0.94
格林美,2011-08-22,2.51,2.49,2.58,2.48,31116,80085655.0,4.0,-0.4,-0.01,1.66
格林美,2011-08-23,2.49,2.49,2.54,2.44,22789,57758400.0,4.02,0.0,0.0,1.22
格林美,2011-08-24,2.52,2.53,2.58,2.47,27585,70823224.0,4.42,1.61,0.04,1.47
格林美,2011-08-25,2.53,2.57,2.58,2.49,35342,91141504.0,3.56,1.58,0.04,1.89
格林美,2011-08-26,2.57,2.57,2.61,2.54,31973,83579026.0,2.72,0.0,0.0,1.71
格林美,2011-08-29,2.57,2.51,2.57,2.51,22076,56668013.0,2.33,-2.33,-0.06,1.18
格林美,2011-08-30,2.55,2.45,2.55,2.45,17716,44987593.0,3.98,-2.39,-0.06,0.95
格林美,2011-08-31,2.47,2.37,2.47,2.34,26040,63546394.0,5.31,-3.27,-0.08,1.39
格林美,2011-09-01,2.4,2.38,2.4,2.34,12014,29152877.0,2.53,0.42,0.01,0.64
格林美,2011-09-02,2.4,2.43,2.51,2.39,25441,63516244.0,5.04,2.1,0.05,1.36
格林美,2011-09-05,2.4,2.29,2.4,2.29,18197,43530073.0,4.53,-5.76,-0.14,0.97
格林美,2011-09-06,2.26,2.24,2.29,2.22,9220,21392494.0,3.06,-2.18,-0.05,0.49
格林美,2011-09-07,2.26,2.32,2.33,2.25,10572,25045622.0,3.57,3.57,0.08,0.56
格林美,2011-09-08,2.38,2.33,2.42,2.33,17309,42122211.0,3.88,0.43,0.01,0.92
格林美,2011-09-09,2.33,2.32,2.38,2.32,8119,19517994.0,2.58,-0.43,-0.01,0.43
格林美,2011-09-13,2.27,2.23,2.28,2.18,10473,24200981.0,4.31,-3.88,-0.09,0.56
格林美,2011-09-14,2.25,2.26,2.26,2.2,7633,17628874.0,2.69,1.35,0.03,0.41
格林美,2011-09-15,2.29,2.32,2.39,2.27,17892,42973482.0,5.31,2.65,0.06,0.96
格林美,2011-09-16,2.32,2.31,2.36,2.31,6822,16292224.0,2.16,-0.43,-0.01,0.36
格林美,2011-09-19,2.28,2.27,2.32,2.27,7085,16731132.0,2.16,-1.73,-0.04,0.38
格林美,2011-09-20,2.3,2.35,2.35,2.29,17258,41379292.0,2.64,3.52,0.08,0.92
格林美,2011-09-21,2.39,2.48,2.48,2.34,36552,91109375.0,5.96,5.53,0.13,1.95
格林美,2011-09-22,2.47,2.34,2.47,2.34,33470,82512454.0,5.24,-5.65,-0.14,1.79
格林美,2011-09-23,2.28,2.32,2.35,2.24,19309,45527115.0,4.7,-0.85,-0.02,1.03
格林美,2011-09-26,2.27,2.29,2.35,2.27,12178,28983413.0,3.45,-1.29,-0.03,0.65
格林美,2011-09-27,2.32,2.28,2.33,2.21,18065,42167853.0,5.24,-0.44,-0.01,0.96
格林美,2011-09-28,2.33,2.27,2.34,2.25,10296,24327869.0,3.95,-0.44,-0.01,0.55
格林美,2011-09-29,2.26,2.12,2.26,2.12,19636,44525205.0,6.17,-6.61,-0.15,1.05
格林美,2011-09-30,2.11,2.14,2.17,2.1,6468,14375653.0,3.3,0.94,0.02,0.35
格林美,2011-10-10,2.15,2.14,2.2,2.13,5841,13151571.0,3.27,0.0,0.0,0.31
格林美,2011-10-11,2.21,2.14,2.24,2.11,7535,17011824.0,6.07,0.0,0.0,0.4
格林美,2011-10-12,2.12,2.22,2.22,2.12,10483,23835729.0,4.67,3.74,0.08,0.56
格林美,2011-10-13,2.22,2.24,2.27,2.2,11241,26043022.0,3.15,0.9,0.02,0.6
格林美,2011-10-14,2.22,2.22,2.25,2.2,6725,15441228.0,2.23,-0.89,-0.02,0.36
格林美,2011-10-17,2.22,2.21,2.26,2.19,10648,24498814.0,3.15,-0.45,-0.01,0.57
格林美,2011-10-18,2.17,2.11,2.2,2.11,10976,24479796.0,4.07,-4.52,-0.1,0.59
格林美,2011-10-19,2.12,2.15,2.22,2.11,11379,25535683.0,5.21,1.9,0.04,0.61
格林美,2011-10-20,2.15,2.15,2.17,2.07,8351,18454179.0,4.65,0.0,0.0,0.45
格林美,2011-10-21,2.15,2.12,2.21,2.11,10270,23059217.0,4.65,-1.4,-0.03,0.55
格林美,2011-10-24,2.12,2.11,2.14,1.97,15567,33664689.0,8.02,-0.47,-0.01,0.83
格林美,2011-10-25,2.11,2.18,2.2,2.03,16139,35788702.0,8.06,3.32,0.07,0.86
格林美,2011-10-26,2.16,2.21,2.28,2.14,30880,71333539.0,6.42,1.38,0.03,1.65
格林美,2011-10-27,2.22,2.31,2.39,2.21,77851,185200733.0,8.14,4.52,0.1,4.16
格林美,2011-10-28,2.35,2.49,2.54,2.35,91780,229753717.0,8.23,7.79,0.18,4.9
格林美,2011-10-31,2.49,2.49,2.63,2.43,78957,199472045.0,8.03,0.0,0.0,4.22
格林美,2011-11-01,2.45,2.56,2.58,2.43,72205,185104513.0,6.02,2.81,0.07,3.86
格林美,2011-11-02,2.49,2.68,2.68,2.49,75425,198111443.0,7.42,4.69,0.12,4.03
格林美,2011-11-03,2.74,2.57,2.79,2.56,122680,329606048.0,8.58,-4.1,-0.11,6.55
格林美,2011-11-04,2.57,2.62,2.62,2.5,59468,154705753.0,4.67,1.95,0.05,3.18
格林美,2011-11-07,2.74,2.64,2.78,2.62,86298,233648584.0,6.11,0.76,0.02,4.61
格林美,2011-11-08,2.59,2.53,2.6,2.52,46186,119550124.0,3.03,-4.17,-0.11,2.47
格林美,2011-11-09,2.55,2.58,2.58,2.47,39463,101511105.0,4.35,1.98,0.05,2.11
格林美,2011-11-10,2.53,2.63,2.71,2.53,99651,266050667.0,6.98,1.94,0.05,5.32
格林美,2011-11-11,2.63,2.56,2.64,2.54,49536,129508938.0,3.8,-2.66,-0.07,2.65
格林美,2011-11-14,2.6,2.64,2.69,2.6,61843,165123092.0,3.52,3.13,0.08,3.3
格林美,2011-11-15,2.64,2.79,2.81,2.64,99903,276310608.0,6.44,5.68,0.15,5.34
格林美,2011-11-16,2.79,2.7,2.8,2.68,70708,193919412.0,4.3,-3.23,-0.09,3.78
格林美,2011-11-17,2.69,2.71,2.78,2.68,50634,139169283.0,3.7,0.37,0.01,2.7
格林美,2011-11-18,2.69,2.56,2.69,2.53,51708,135874380.0,5.9,-5.54,-0.15,2.76
格林美,2011-11-21,2.56,2.5,2.56,2.44,43266,108998224.0,4.69,-2.34,-0.06,2.31
格林美,2011-11-22,2.46,2.53,2.54,2.44,28654,72555740.0,4.0,1.2,0.03,1.53
格林美,2011-11-23,2.53,2.47,2.55,2.47,24883,63466744.0,3.16,-2.37,-0.06,1.33
格林美,2011-11-24,2.43,2.51,2.56,2.42,34060,86989056.0,5.67,1.62,0.04,1.82
格林美,2011-11-25,2.51,2.51,2.56,2.49,23613,60504393.0,2.79,0.0,0.0,1.26
格林美,2011-11-28,2.52,2.53,2.55,2.49,20255,51840535.0,2.39,0.8,0.02,1.08
格林美,2011-11-29,2.56,2.55,2.59,2.53,29328,75933917.0,2.37,0.79,0.02,1.57
格林美,2011-11-30,2.58,2.46,2.65,2.38,60950,157693652.0,10.59,-3.53,-0.09,3.25
格林美,2011-12-01,2.57,2.62,2.69,2.53,71936,189887193.0,6.5,6.5,0.16,3.84
格林美,2011-12-02,2.6,2.57,2.61,2.54,32010,83232945.0,2.67,-1.91,-0.05,1.71
格林美,2011-12-05,2.56,2.4,2.56,2.39,33844,84500114.0,6.61,-6.61,-0.17,1.81
格林美,2011-12-06,2.34,2.41,2.46,2.34,24863,60687311.0,5.0,0.42,0.01,1.33
格林美,2011-12-07,2.41,2.37,2.45,2.35,17759,43419825.0,4.15,-1.66,-0.04,0.95
格林美,2011-12-08,2.35,2.41,2.44,2.31,24695,60228951.0,5.49,1.69,0.04,1.32
格林美,2011-12-09,2.38,2.41,2.44,2.36,19112,46743923.0,3.32,0.0,0.0,1.02
格林美,2011-12-12,2.37,2.26,2.4,2.22,36663,87004623.0,7.47,-6.22,-0.15,1.96
格林美,2011-12-13,2.23,2.17,2.25,2.13,29792,67094165.0,5.31,-3.98,-0.09,1.59
格林美,2011-12-14,2.17,2.11,2.19,2.09,15011,33616623.0,4.61,-2.76,-0.06,0.8
格林美,2011-12-15,2.08,2.09,2.14,2.05,23632,52158537.0,4.27,-0.95,-0.02,1.26
格林美,2011-12-16,2.13,2.22,2.22,2.1,20614,46227614.0,5.74,6.22,0.13,1.1
格林美,2011-12-19,2.22,2.22,2.25,2.17,33580,76635646.0,3.6,0.0,0.0,1.79
格林美,2011-12-20,2.22,2.1,2.24,2.09,36997,83189429.0,6.76,-5.41,-0.12,1.98
格林美,2011-12-21,2.13,1.96,2.14,1.96,34384,73890668.0,8.57,-6.67,-0.14,1.84
格林美,2011-12-22,1.95,1.9,1.96,1.76,41904,83144245.0,10.2,-3.06,-0.06,2.24
格林美,2011-12-23,1.87,1.89,1.95,1.86,26042,52439624.0,4.74,-0.53,-0.01,1.39
格林美,2011-12-26,1.88,1.91,1.93,1.85,18845,38029710.0,4.23,1.06,0.02,1.01
格林美,2011-12-27,1.91,1.8,1.91,1.79,16989,33438453.0,6.28,-5.76,-0.11,0.91
格林美,2011-12-28,1.79,1.76,1.79,1.68,19404,36271236.0,6.11,-2.22,-0.04,1.04
格林美,2011-12-29,1.73,1.77,1.79,1.73,11146,21206464.0,3.41,0.57,0.01,0.6
格林美,2011-12-30,1.79,1.82,1.83,1.79,11490,22326385.0,2.26,2.82,0.05,0.61
格林美,2012-01-04,1.85,1.79,1.85,1.75,18420,35520612.0,5.49,-1.65,-0.03,0.98
格林美,2012-01-05,1.8,1.74,1.9,1.73,32693,63791628.0,9.5,-2.79,-0.05,1.75
格林美,2012-01-06,1.72,1.77,1.8,1.65,19552,35953621.0,8.62,1.72,0.03,1.04
格林美,2012-01-09,1.78,1.86,1.87,1.74,34132,66647682.0,7.34,5.08,0.09,1.82
格林美,2012-01-10,1.87,1.96,2.0,1.86,51906,105657874.0,7.53,5.38,0.1,2.77
格林美,2012-01-11,1.95,1.96,1.99,1.92,32231,66369082.0,3.57,0.0,0.0,1.72
格林美,2012-01-12,1.94,1.97,1.99,1.92,27016,56123586.0,3.57,0.51,0.01,1.44
格林美,2012-01-13,1.96,1.83,1.96,1.81,38623,76806939.0,7.61,-7.11,-0.14,2.06
格林美,2012-01-16,1.79,1.7,1.8,1.69,18834,35338795.0,6.01,-7.1,-0.13,1.01
格林美,2012-01-17,1.69,1.88,1.88,1.69,27863,54289028.0,11.18,10.59,0.18,1.49
格林美,2012-01-18,1.9,1.8,1.98,1.77,45728,91427223.0,11.17,-4.26,-0.08,2.44
格林美,2012-01-19,1.8,1.84,1.87,1.75,22542,43880295.0,6.67,2.22,0.04,1.2
格林美,2012-01-20,1.84,1.87,1.91,1.83,21511,42671269.0,4.35,1.63,0.03,1.15
格林美,2012-01-30,1.89,1.83,1.89,1.82,18017,35690819.0,3.74,-2.14,-0.04,0.96
格林美,2012-01-31,1.81,1.77,1.82,1.75,22305,42442330.0,3.83,-3.28,-0.06,1.19
格林美,2012-02-01,1.77,1.77,1.82,1.76,19727,37827273.0,3.39,0.0,0.0,1.05
格林美,2012-02-02,1.76,1.82,1.82,1.76,13784,26513459.0,3.39,2.82,0.05,0.74
格林美,2012-02-03,1.82,1.88,1.91,1.8,33759,67313578.0,6.04,3.3,0.06,1.8
格林美,2012-02-06,1.86,1.9,1.96,1.86,37389,75988249.0,5.32,1.06,0.02,2.0
格林美,2012-02-07,1.89,1.86,1.91,1.84,26199,51989425.0,3.68,-2.11,-0.04,1.4
格林美,2012-02-08,1.87,1.96,1.97,1.84,39241,79949998.0,6.99,5.38,0.1,2.1
格林美,2012-02-09,1.96,1.95,1.98,1.94,35164,72635214.0,2.04,-0.51,-0.01,1.88
格林美,2012-02-10,1.94,1.95,1.98,1.93,25303,52179694.0,2.56,0.0,0.0,1.35
格林美,2012-02-13,1.92,1.99,2.03,1.9,32513,67682270.0,6.67,2.05,0.04,1.74
格林美,2012-02-14,2.0,1.96,2.0,1.93,17345,35859580.0,3.52,-1.51,-0.03,0.93
格林美,2012-02-15,1.96,1.99,2.01,1.92,32597,67960835.0,4.59,1.53,0.03,1.74
格林美,2012-02-16,1.98,1.97,1.99,1.94,26575,55120455.0,2.51,-1.01,-0.02,1.42
格林美,2012-02-17,1.98,2.0,2.0,1.94,28761,60065339.0,3.05,1.52,0.03,1.54
格林美,2012-02-20,2.04,1.98,2.04,1.98,33282,70323780.0,3.0,-1.0,-0.02,1.78
格林美,2012-02-21,1.97,1.99,1.99,1.92,30849,63654356.0,3.54,0.51,0.01,1.65
格林美,2012-02-22,1.98,2.08,2.09,1.98,64575,138291686.0,5.53,4.52,0.09,3.45
格林美,2012-02-23,2.1,2.15,2.18,2.09,80664,179284410.0,4.33,3.37,0.07,4.31
格林美,2012-02-24,2.17,2.17,2.17,2.12,62103,139045886.0,2.33,0.93,0.02,3.32
格林美,2012-02-27,2.18,2.19,2.25,2.17,65737,150065574.0,3.69,0.92,0.02,3.51
格林美,2012-02-28,2.17,2.22,2.27,2.17,49996,114696104.0,4.57,1.37,0.03,2.67
格林美,2012-02-29,2.21,2.11,2.22,2.1,45676,102158568.0,5.41,-4.95,-0.11,2.44
格林美,2012-03-01,2.09,2.12,2.15,2.09,27963,61716181.0,2.84,0.47,0.01,1.49
格林美,2012-03-02,2.17,2.22,2.22,2.17,53111,120923114.0,2.36,4.72,0.1,2.84
格林美,2012-03-05,2.22,2.27,2.28,2.21,49362,114375516.0,3.15,2.25,0.05,2.64
格林美,2012-03-06,2.25,2.26,2.31,2.2,44047,102402992.0,4.85,-0.44,-0.01,2.35
格林美,2012-03-07,2.23,2.34,2.4,2.23,71185,170691760.0,7.52,3.54,0.08,3.8
格林美,2012-03-08,2.33,2.37,2.38,2.32,43991,106164763.0,2.56,1.28,0.03,2.35
格林美,2012-03-09,2.4,2.38,2.4,2.33,42106,101933067.0,2.95,0.42,0.01,2.25
格林美,2012-03-12,2.38,2.37,2.38,2.29,54038,129869963.0,3.78,-0.42,-0.01,2.89
格林美,2012-03-13,2.42,2.32,2.42,2.27,135102,321715120.0,6.33,-2.11,-0.05,7.22
格林美,2012-03-14,2.35,2.22,2.38,2.17,98568,234722799.0,9.05,-4.31,-0.1,5.26
格林美,2012-03-15,2.23,2.16,2.25,2.14,53189,120708904.0,4.95,-2.7,-0.06,2.84
格林美,2012-03-16,2.18,2.27,2.29,2.18,59162,136318669.0,5.09,5.09,0.11,3.16
格林美,2012-03-19,2.27,2.36,2.38,2.27,73106,176339828.0,4.85,3.96,0.09,3.9
格林美,2012-03-20,2.36,2.27,2.36,2.26,42588,100956282.0,4.24,-3.81,-0.09,2.27
格林美,2012-03-21,2.29,2.33,2.37,2.27,49461,118024204.0,4.41,2.64,0.06,2.64
格林美,2012-03-22,2.33,2.26,2.35,2.25,31253,73680085.0,4.29,-3.0,-0.07,1.67
格林美,2012-03-23,2.24,2.17,2.24,2.16,32800,74738250.0,3.54,-3.98,-0.09,1.75
格林美,2012-03-26,2.18,2.2,2.23,2.17,23557,53894416.0,2.76,1.38,0.03,1.26
格林美,2012-03-27,2.23,2.18,2.24,2.17,17696,40472137.0,3.18,-0.91,-0.02,0.95
格林美,2012-03-28,2.14,2.03,2.18,2.02,37182,80680525.0,7.34,-6.88,-0.15,1.99
格林美,2012-03-29,2.03,1.95,2.05,1.89,32237,67170824.0,7.88,-3.94,-0.08,1.72
格林美,2012-03-30,1.95,1.97,1.97,1.9,23480,48354794.0,3.59,1.03,0.02,1.25
格林美,2012-04-05,1.99,2.06,2.06,1.96,23745,50399848.0,5.08,4.57,0.09,1.27
格林美,2012-04-06,2.06,2.08,2.09,2.04,21320,46032807.0,2.43,0.97,0.02,1.14
格林美,2012-04-10,2.05,2.07,2.08,1.95,21349,45017630.0,6.25,-0.48,-0.01,1.14
格林美,2012-04-11,2.0,2.04,2.06,1.97,15028,32061482.0,4.35,-1.45,-0.03,0.8
格林美,2012-04-12,2.05,2.1,2.1,2.03,25760,55993251.0,3.43,2.94,0.06,1.38
格林美,2012-04-13,2.12,2.12,2.13,2.1,20767,45858296.0,1.43,0.95,0.02,1.11
格林美,2012-04-16,2.1,2.09,2.11,2.07,14833,32311824.0,1.89,-1.42,-0.03,0.79
格林美,2012-04-17,2.06,2.03,2.1,2.02,15012,32365051.0,3.83,-2.87,-0.06,0.8
格林美,2012-04-18,2.03,2.11,2.12,2.03,20191,43831769.0,4.43,3.94,0.08,1.08
格林美,2012-04-19,2.1,2.09,2.12,2.09,14454,31713704.0,1.42,-0.95,-0.02,0.77
格林美,2012-04-20,2.08,2.13,2.13,2.08,19639,43233829.0,2.39,1.91,0.04,1.05
格林美,2012-04-23,2.13,2.02,2.13,2.0,31455,67944595.0,6.1,-5.16,-0.11,1.68
格林美,2012-04-24,2.03,1.99,2.06,1.94,23979,50120915.0,5.94,-1.49,-0.03,1.28
格林美,2012-04-25,1.96,2.01,2.03,1.96,18673,39264050.0,3.52,1.01,0.02,1.0
格林美,2012-04-26,2.01,2.02,2.04,2.0,18508,39352800.0,1.99,0.5,0.01,0.99
格林美,2012-04-27,2.02,1.98,2.04,1.95,21615,45181437.0,4.46,-1.98,-0.04,1.15
格林美,2012-05-02,2.02,2.06,2.09,1.98,29265,62692661.0,5.56,4.04,0.08,1.56
格林美,2012-05-03,2.07,2.11,2.12,2.05,32504,71254068.0,3.4,2.43,0.05,1.74
格林美,2012-05-04,2.18,2.19,2.24,2.14,51154,116147635.0,4.74,3.79,0.08,2.73
格林美,2012-05-07,2.18,2.21,2.22,2.15,36745,83524777.0,3.2,0.91,0.02,1.96
格林美,2012-05-09,2.21,2.13,2.21,2.12,28793,64399724.0,4.07,-3.62,-0.08,1.54
格林美,2012-05-10,2.12,2.14,2.16,2.11,16486,36660940.0,2.35,0.47,0.01,0.88
格林美,2012-05-11,2.14,2.13,2.18,2.13,14931,33383923.0,2.34,-0.47,-0.01,0.8
格林美,2012-05-14,2.17,2.15,2.17,2.13,18796,42010216.0,1.88,0.94,0.02,1.0
格林美,2012-05-15,2.11,2.1,2.11,2.05,17776,38770925.0,2.79,-2.33,-0.05,0.95
格林美,2012-05-16,2.08,2.06,2.13,2.05,12018,26210088.0,3.81,-1.9,-0.04,0.64
格林美,2012-05-17,2.08,2.1,2.11,2.05,15708,34257981.0,2.91,1.94,0.04,0.84
格林美,2012-05-18,2.09,2.1,2.11,2.07,14474,31656147.0,1.9,0.0,0.0,0.77
格林美,2012-05-21,2.1,2.17,2.18,2.07,28636,63606839.0,5.24,3.33,0.07,1.53
格林美,2012-05-22,2.19,2.18,2.19,2.15,21392,48283349.0,1.84,0.46,0.01,1.14
格林美,2012-05-23,2.2,2.15,2.2,2.12,24566,55124509.0,3.67,-1.38,-0.03,1.31
格林美,2012-05-24,2.13,2.15,2.18,2.13,20375,45744397.0,2.33,0.0,0.0,1.09
格林美,2012-05-25,2.15,2.15,2.2,2.14,23722,53502885.0,2.79,0.0,0.0,1.27
格林美,2012-05-28,2.15,2.14,2.17,2.08,24589,54380332.0,4.19,-0.47,-0.01,1.31
格林美,2012-05-29,2.14,2.17,2.23,2.13,77690,87601235.0,4.67,1.4,0.03,2.07
格林美,2012-05-30,2.18,2.43,2.43,2.15,218226,262625717.0,12.9,11.98,0.26,5.83
格林美,2012-05-31,2.54,2.71,2.71,2.48,473164,616845536.0,9.47,11.52,0.28,12.63
格林美,2012-06-01,2.75,2.61,2.75,2.59,286745,379577776.0,5.9,-3.69,-0.1,7.66
格林美,2012-06-04,2.54,2.61,2.74,2.52,340972,453380000.0,8.43,0.0,0.0,9.1
格林美,2012-06-05,2.61,2.64,2.65,2.47,253604,327331824.0,6.9,1.15,0.03,6.77
格林美,2012-06-06,2.59,2.56,2.63,2.51,185424,239820466.0,4.55,-3.03,-0.08,4.95
格林美,2012-06-07,2.59,2.47,2.68,2.46,273705,353193824.0,8.59,-3.52,-0.09,7.31
格林美,2012-06-08,2.47,2.5,2.52,2.39,167456,208753301.0,5.26,1.21,0.03,4.47
格林美,2012-06-11,2.48,2.78,2.79,2.46,460613,620887680.0,13.2,11.2,0.28,12.3
格林美,2012-06-12,2.72,2.61,2.75,2.61,294614,393257472.0,5.04,-6.12,-0.17,7.87
格林美,2012-06-13,2.59,2.67,2.73,2.59,221571,296525632.0,5.36,2.3,0.06,5.92
格林美,2012-06-14,2.65,2.83,2.97,2.62,361408,506734560.0,13.11,5.99,0.16,9.65
格林美,2012-06-15,2.79,2.98,3.08,2.76,356761,511433136.0,11.31,5.3,0.15,9.53
格林美,2012-06-18,2.98,2.99,3.05,2.87,314067,458170368.0,6.04,0.34,0.01,8.39
格林美,2012-06-19,2.95,2.88,2.96,2.87,193309,278340400.0,3.01,-3.68,-0.11,5.16
格林美,2012-06-20,2.9,2.94,3.0,2.86,196342,285947616.0,4.86,2.08,0.06,5.24
格林美,2012-06-21,2.9,2.77,2.92,2.76,188581,264203389.0,5.44,-5.78,-0.17,5.04
格林美,2012-06-25,2.75,2.67,2.81,2.66,120072,163356937.0,5.42,-3.61,-0.1,3.21
格林美,2012-06-26,2.64,2.65,2.69,2.52,121766,159378727.0,6.37,-0.75,-0.02,3.25
格林美,2012-06-27,2.64,2.66,2.72,2.61,116331,155994567.0,4.15,0.38,0.01,3.11
格林美,2012-06-28,2.67,2.57,2.69,2.55,114942,149847385.0,5.26,-3.38,-0.09,3.07
格林美,2012-06-29,2.55,2.66,2.69,2.5,124288,162664603.0,7.39,3.5,0.09,3.32
格林美,2012-08-03,2.79,2.68,2.79,2.47,240755,320418448.0,12.03,0.75,0.02,6.43
格林美,2012-08-06,2.59,2.99,2.99,2.57,282624,398763424.0,15.67,11.57,0.31,7.55
格林美,2012-08-07,3.0,3.02,3.09,2.94,318207,474079376.0,5.02,1.0,0.03,8.5
格林美,2012-08-08,2.99,2.94,3.08,2.92,197717,292234848.0,5.3,-2.65,-0.08,5.28
格林美,2012-08-09,2.92,2.95,3.01,2.87,149773,218036635.0,4.76,0.34,0.01,4.0
格林美,2012-08-10,2.93,2.96,2.97,2.9,113084,164127557.0,2.37,0.34,0.01,3.02
格林美,2012-08-13,2.91,2.85,2.91,2.83,96921,138387223.0,2.7,-3.72,-0.11,2.59
格林美,2012-08-14,2.85,2.8,2.87,2.69,130243,179794296.0,6.32,-1.75,-0.05,3.48
格林美,2012-08-15,2.79,2.78,2.87,2.75,85634,120072352.0,4.29,-0.71,-0.02,2.29
格林美,2012-08-16,2.74,2.7,2.81,2.7,57185,78427200.0,3.96,-2.88,-0.08,1.53
格林美,2012-08-17,2.69,2.7,2.73,2.62,70475,94466926.0,4.07,0.0,0.0,1.88
格林美,2012-08-20,2.66,2.79,2.8,2.65,73172,100006039.0,5.56,3.33,0.09,1.95
格林美,2012-08-21,2.83,2.86,2.9,2.82,122158,173494599.0,2.87,2.51,0.07,3.26
格林美,2012-08-22,2.9,2.82,2.96,2.79,131576,188600403.0,5.94,-1.4,-0.04,3.51
格林美,2012-08-23,2.8,2.82,2.86,2.76,76964,107389377.0,3.55,0.0,0.0,2.06
格林美,2012-08-24,2.82,2.63,2.82,2.62,98656,133369970.0,7.09,-6.74,-0.19,2.63
格林美,2012-08-27,2.63,2.61,2.72,2.59,73455,98005722.0,4.94,-0.76,-0.02,1.96
格林美,2012-08-28,2.58,2.59,2.65,2.54,76066,98728899.0,4.21,-0.77,-0.02,2.03
格林美,2012-08-29,2.61,2.59,2.65,2.57,54905,72053293.0,3.09,0.0,0.0,1.47
格林美,2012-08-30,2.58,2.43,2.61,2.41,88200,110493779.0,7.72,-6.18,-0.16,2.36
格林美,2012-08-31,2.42,2.41,2.45,2.37,57052,69673518.0,3.29,-0.82,-0.02,1.52
格林美,2012-09-03,2.41,2.49,2.51,2.4,52626,65634012.0,4.56,3.32,0.08,1.41
格林美,2012-09-04,2.52,2.48,2.61,2.47,88908,114280298.0,5.62,-0.4,-0.01,2.37
格林美,2012-09-05,2.45,2.51,2.58,2.45,55730,70904082.0,5.24,1.21,0.03,1.49
格林美,2012-09-06,2.55,2.58,2.6,2.52,56524,72950736.0,3.19,2.79,0.07,1.51
格林美,2012-09-07,2.61,2.7,2.76,2.61,121855,163788155.0,5.81,4.65,0.12,3.25
格林美,2012-09-10,2.7,2.72,2.78,2.66,111728,151695662.0,4.44,0.74,0.02,2.98
格林美,2012-09-11,2.72,2.66,2.72,2.64,83171,110804310.0,2.94,-2.21,-0.06,2.22
格林美,2012-09-12,2.67,2.71,2.75,2.66,77242,104495751.0,3.38,1.88,0.05,2.06
格林美,2012-09-13,2.72,2.62,2.74,2.61,66309,88676951.0,4.8,-3.32,-0.09,1.77
格林美,2012-09-14,2.69,2.68,2.74,2.64,93930,126645251.0,3.82,2.29,0.06,2.51
格林美,2012-09-17,2.7,2.52,2.7,2.51,76219,99688039.0,7.09,-5.97,-0.16,2.04
格林美,2012-09-18,2.53,2.46,2.54,2.45,48619,61170278.0,3.57,-2.38,-0.06,1.3
格林美,2012-09-19,2.48,2.53,2.53,2.46,35822,45175908.0,2.85,2.85,0.07,0.96
格林美,2012-09-20,2.53,2.41,2.53,2.4,45259,56247594.0,5.14,-4.74,-0.12,1.21
格林美,2012-09-21,2.43,2.41,2.48,2.38,40187,49530774.0,4.15,0.0,0.0,1.07
格林美,2012-09-24,2.39,2.38,2.42,2.27,61875,73656938.0,6.22,-1.24,-0.03,1.65
格林美,2012-09-25,2.36,2.32,2.4,2.32,31559,37831929.0,3.36,-2.52,-0.06,0.84
格林美,2012-09-26,2.31,2.16,2.36,2.1,80571,90655103.0,11.21,-6.9,-0.16,2.15
格林美,2012-09-27,2.16,2.23,2.27,2.14,58847,66673600.0,6.02,3.24,0.07,1.57
格林美,2012-09-28,2.19,2.27,2.28,2.19,40796,47025377.0,4.04,1.79,0.04,1.09
格林美,2012-10-08,2.29,2.27,2.33,2.25,41847,48940921.0,3.52,0.0,0.0,1.12
格林美,2012-10-09,2.28,2.39,2.44,2.28,59518,71911274.0,7.05,5.29,0.12,1.59
格林美,2012-10-10,2.38,2.42,2.43,2.34,47469,57682586.0,3.77,1.26,0.03,1.27
格林美,2012-10-11,2.38,2.33,2.4,2.33,46461,55783174.0,2.89,-3.72,-0.09,1.24
格林美,2012-10-12,2.33,2.34,2.39,2.31,29629,35471882.0,3.43,0.43,0.01,0.79
格林美,2012-10-15,2.33,2.29,2.35,2.25,30909,36116051.0,4.27,-2.14,-0.05,0.83
格林美,2012-10-16,2.3,2.28,2.32,2.26,25003,29282434.0,2.62,-0.44,-0.01,0.67
格林美,2012-10-17,2.28,2.3,2.36,2.28,23514,27726274.0,3.51,0.88,0.02,0.63
格林美,2012-10-18,2.33,2.37,2.38,2.31,49017,58667668.0,3.04,3.04,0.07,1.31
格林美,2012-10-19,2.37,2.38,2.43,2.37,50707,61764644.0,2.53,0.42,0.01,1.35
格林美,2012-10-22,2.35,2.39,2.41,2.33,30559,36671029.0,3.36,0.42,0.01,0.82
格林美,2012-10-23,2.38,2.35,2.41,2.35,32952,39798412.0,2.51,-1.67,-0.04,0.88
格林美,2012-10-24,2.33,2.37,2.4,2.33,38403,46282380.0,2.98,0.85,0.02,1.03
格林美,2012-10-25,2.37,2.28,2.37,2.27,35156,41579085.0,4.22,-3.8,-0.09,0.94
格林美,2012-10-26,2.28,2.21,2.3,2.18,35820,40935385.0,5.26,-3.07,-0.07,0.96
格林美,2012-10-29,2.18,2.21,2.24,2.18,16967,19257832.0,2.71,0.0,0.0,0.45
格林美,2012-10-30,2.21,2.21,2.23,2.18,13894,15753731.0,2.26,0.0,0.0,0.37
格林美,2012-10-31,2.22,2.23,2.25,2.2,20441,23363967.0,2.26,0.9,0.02,0.55
格林美,2012-11-01,2.24,2.29,2.3,2.23,31691,36938219.0,3.14,2.69,0.06,0.85
格林美,2012-11-02,2.3,2.28,2.32,2.25,26113,30359248.0,3.06,-0.44,-0.01,0.7
格林美,2012-11-05,2.26,2.2,2.28,2.19,40270,45933939.0,3.95,-3.51,-0.08,1.08
格林美,2012-11-06,2.2,2.17,2.22,2.13,33464,37297047.0,4.09,-1.36,-0.03,0.89
格林美,2012-11-07,2.18,2.25,2.32,2.18,75506,87344904.0,6.45,3.69,0.08,2.02
格林美,2012-11-08,2.22,2.15,2.23,2.15,43321,48772589.0,3.56,-4.44,-0.1,1.16
格林美,2012-11-09,2.15,2.11,2.19,2.08,50338,55170461.0,5.12,-1.86,-0.04,1.34
格林美,2012-11-12,2.18,2.18,2.24,2.15,53761,60607326.0,4.27,3.32,0.07,1.44
格林美,2012-11-13,2.23,2.3,2.44,2.23,164693,195989438.0,9.63,5.5,0.12,4.4
格林美,2012-11-14,2.29,2.41,2.46,2.2,195435,233380806.0,11.3,4.78,0.11,5.22
格林美,2012-11-15,2.34,2.34,2.45,2.32,140439,169913953.0,5.39,-2.9,-0.07,3.75
格林美,2012-11-16,2.33,2.35,2.41,2.33,87675,105354915.0,3.42,0.43,0.01,2.34
格林美,2012-11-19,2.32,2.45,2.47,2.29,136829,166761098.0,7.66,4.26,0.1,3.65
格林美,2012-11-20,2.45,2.38,2.46,2.36,103604,126452997.0,4.08,-2.86,-0.07,2.77
格林美,2012-11-21,2.36,2.36,2.39,2.31,78327,93372007.0,3.36,-0.84,-0.02,2.09
格林美,2012-11-22,2.52,2.4,2.58,2.4,147529,183771028.0,7.63,1.69,0.04,3.94
格林美,2012-11-23,2.36,2.38,2.46,2.36,87726,107395959.0,4.17,-0.83,-0.02,2.34
格林美,2012-11-26,2.38,2.34,2.39,2.3,70369,83881607.0,3.78,-1.68,-0.04,1.88
格林美,2012-11-27,2.31,2.08,2.33,2.07,136064,151502175.0,11.11,-11.11,-0.26,3.63
格林美,2012-11-28,2.06,1.98,2.06,1.93,64254,66813091.0,6.25,-4.81,-0.1,1.72
格林美,2012-11-29,2.03,1.96,2.05,1.95,54605,57133282.0,5.05,-1.01,-0.02,1.46
格林美,2012-11-30,1.95,1.97,2.01,1.93,40831,42097697.0,4.08,0.51,0.01,1.09
格林美,2012-12-03,2.0,1.92,2.06,1.9,84378,87313753.0,8.12,-2.54,-0.05,1.8
格林美,2012-12-04,1.88,1.81,1.88,1.69,147152,138082896.0,9.9,-5.73,-0.11,3.14
格林美,2012-12-05,1.79,1.9,1.96,1.77,113624,112632735.0,10.5,4.97,0.09,2.42
格林美,2012-12-06,1.9,1.92,1.96,1.88,74810,75666930.0,4.21,1.05,0.02,1.6
格林美,2012-12-07,1.92,1.98,2.01,1.88,111582,114260308.0,6.77,3.13,0.06,2.38
格林美,2012-12-10,1.98,2.07,2.12,1.96,140456,149778256.0,8.08,4.55,0.09,3.0
格林美,2012-12-11,2.06,2.17,2.19,2.03,206660,228748985.0,7.73,4.83,0.1,4.41
格林美,2012-12-12,2.15,2.25,2.26,2.12,181549,204578154.0,6.45,3.69,0.08,3.87
格林美,2012-12-13,2.21,2.11,2.22,2.09,225495,250170984.0,5.78,-6.22,-0.14,4.81
格林美,2012-12-14,2.09,2.19,2.22,2.08,213014,238122685.0,6.64,3.79,0.08,4.54
格林美,2012-12-17,2.19,2.19,2.23,2.16,144550,162960340.0,3.2,0.0,0.0,3.08
格林美,2012-12-18,2.19,2.15,2.21,2.13,112763,125952303.0,3.65,-1.83,-0.04,2.41
格林美,2012-12-19,2.15,2.17,2.23,2.15,119608,134341024.0,3.72,0.93,0.02,2.55
格林美,2012-12-20,2.15,2.19,2.2,2.1,120481,133457897.0,4.61,0.92,0.02,2.57
格林美,2012-12-21,2.18,2.19,2.25,2.15,137228,155390666.0,4.57,0.0,0.0,2.93
格林美,2012-12-24,2.18,2.23,2.26,2.16,115285,131531272.0,4.57,1.83,0.04,2.46
格林美,2012-12-25,2.24,2.29,2.33,2.21,158575,184295761.0,5.38,2.69,0.06,3.38
格林美,2012-12-26,2.29,2.31,2.35,2.28,132289,156090341.0,3.06,0.87,0.02,2.82
格林美,2012-12-27,2.31,2.24,2.35,2.23,130334,151365849.0,5.19,-3.03,-0.07,2.78
格林美,2012-12-28,2.23,2.23,2.26,2.21,111622,127815047.0,2.23,-0.45,-0.01,2.38
格林美,2012-12-31,2.25,2.3,2.31,2.23,120850,140725704.0,3.59,3.14,0.07,2.58
格林美,2013-01-04,2.33,2.25,2.34,2.25,116440,136003330.0,3.91,-2.17,-0.05,2.48
格林美,2013-01-07,2.24,2.28,2.29,2.2,91554,104532336.0,4.0,1.33,0.03,1.95
格林美,2013-01-08,2.28,2.35,2.38,2.26,159513,189305860.0,5.26,3.07,0.07,3.4
格林美,2013-01-09,2.35,2.38,2.43,2.31,179976,217075197.0,5.11,1.28,0.03,3.84
格林美,2013-01-10,2.37,2.36,2.39,2.33,98101,117322678.0,2.52,-0.84,-0.02,2.09
格林美,2013-01-11,2.35,2.26,2.37,2.24,106430,124839702.0,5.51,-4.24,-0.1,2.27
格林美,2013-01-14,2.28,2.36,2.37,2.27,117668,139564105.0,4.42,4.42,0.1,2.51
格林美,2013-01-15,2.37,2.47,2.57,2.36,226026,283537456.0,8.9,4.66,0.11,4.82
格林美,2013-01-16,2.49,2.48,2.54,2.43,158277,198548415.0,4.45,0.4,0.01,3.38
格林美,2013-01-17,2.44,2.41,2.47,2.4,88788,109426706.0,2.82,-2.82,-0.07,1.89
格林美,2013-01-18,2.43,2.4,2.46,2.35,112527,136893291.0,4.56,-0.41,-0.01,2.4
格林美,2013-01-21,2.4,2.49,2.5,2.38,138390,171934826.0,5.0,3.75,0.09,2.95
格林美,2013-01-22,2.48,2.38,2.48,2.36,97617,119804594.0,4.82,-4.42,-0.11,1.68
格林美,2013-01-23,2.37,2.39,2.45,2.35,80595,98076203.0,4.2,0.42,0.01,1.39
格林美,2013-01-24,2.39,2.27,2.43,2.25,114111,135621717.0,7.53,-5.02,-0.12,1.97
格林美,2013-01-25,2.27,2.25,2.3,2.25,51568,59797100.0,2.2,-0.88,-0.02,0.89
格林美,2013-01-28,2.25,2.33,2.33,2.25,61947,72797813.0,3.56,3.56,0.08,1.07
格林美,2013-01-29,2.33,2.39,2.45,2.33,84768,103252558.0,5.15,2.58,0.06,1.46
格林美,2013-01-30,2.41,2.38,2.42,2.35,62906,76132738.0,2.93,-0.42,-0.01,1.09
格林美,2013-01-31,2.41,2.49,2.5,2.4,181075,224288678.0,4.2,4.62,0.11,3.12
格林美,2013-02-01,2.48,2.46,2.49,2.41,156015,193446649.0,3.21,-1.2,-0.03,2.69
格林美,2013-02-04,2.47,2.48,2.5,2.34,198468,244121663.0,6.5,0.81,0.02,3.42
格林美,2013-02-05,2.46,2.46,2.49,2.4,122600,151821777.0,3.63,-0.81,-0.02,2.12
格林美,2013-02-06,2.45,2.45,2.5,2.41,159372,197816060.0,3.66,-0.41,-0.01,2.75
格林美,2013-02-07,2.48,2.54,2.61,2.47,264794,340565712.0,5.71,3.67,0.09,4.57
格林美,2013-02-08,2.52,2.57,2.58,2.51,150507,193696923.0,2.76,1.18,0.03,2.6
格林美,2013-02-18,2.6,2.56,2.6,2.52,136559,176021252.0,3.11,-0.39,-0.01,2.36
格林美,2013-02-19,2.58,2.52,2.65,2.51,174739,225753772.0,5.47,-1.56,-0.04,3.01
格林美,2013-02-20,2.56,2.68,2.69,2.54,237747,315064880.0,5.95,6.35,0.16,4.1
格林美,2013-02-21,2.64,2.63,2.72,2.59,241020,320273280.0,4.85,-1.87,-0.05,4.16
格林美,2013-02-22,2.61,2.57,2.65,2.56,136273,177485724.0,3.42,-2.28,-0.06,2.35
格林美,2013-02-25,2.56,2.66,2.7,2.56,164668,218797805.0,5.45,3.5,0.09,2.84
格林美,2013-02-26,2.66,2.53,2.66,2.52,178411,232289227.0,5.26,-4.89,-0.13,3.08
格林美,2013-02-27,2.56,2.54,2.59,2.49,105864,135137941.0,3.95,0.4,0.01,1.83
格林美,2013-02-28,2.52,2.59,2.64,2.51,181105,236010033.0,5.12,1.97,0.05,3.12
格林美,2013-03-01,2.58,2.68,2.71,2.57,267298,354460352.0,5.41,3.47,0.09,4.61
格林美,2013-03-04,2.75,2.7,2.85,2.64,456155,625634800.0,7.84,0.75,0.02,7.87
格林美,2013-03-05,2.68,2.75,2.76,2.63,239218,323476512.0,4.81,1.85,0.05,4.13
格林美,2013-03-06,2.76,2.76,2.87,2.73,265675,370184080.0,5.09,0.36,0.01,4.58
格林美,2013-03-07,2.74,2.66,2.78,2.64,180771,243511200.0,5.07,-3.62,-0.1,3.12
格林美,2013-03-08,2.66,2.66,2.74,2.65,114291,153756053.0,3.38,0.0,0.0,1.97
格林美,2013-03-11,2.65,2.66,2.71,2.61,92823,123657459.0,3.76,0.0,0.0,1.6
格林美,2013-03-12,2.66,2.48,2.67,2.41,249440,315860016.0,9.77,-6.77,-0.18,4.3
格林美,2013-03-13,2.46,2.41,2.46,2.38,110047,134761816.0,3.23,-2.82,-0.07,1.9
格林美,2013-03-14,2.41,2.42,2.46,2.4,77313,94885909.0,2.49,0.41,0.01,1.33
格林美,2013-03-15,2.42,2.39,2.47,2.36,101306,124650527.0,4.55,-1.24,-0.03,1.75
格林美,2013-03-18,2.4,2.37,2.43,2.37,76424,93126990.0,2.51,-0.84,-0.02,1.32
格林美,2013-03-19,2.38,2.37,2.41,2.29,85486,102315983.0,5.06,0.0,0.0,1.47
格林美,2013-03-20,2.39,2.47,2.47,2.38,109728,135699760.0,3.8,4.22,0.1,1.89
格林美,2013-03-21,2.48,2.51,2.55,2.45,134184,170015838.0,4.05,1.62,0.04,2.32
格林美,2013-03-22,2.5,2.61,2.68,2.48,180487,234969979.0,7.97,3.98,0.1,3.11
格林美,2013-03-25,2.61,2.59,2.64,2.57,112858,147400445.0,2.68,-0.77,-0.02,1.95
格林美,2013-03-26,2.57,2.51,2.58,2.48,92140,117229337.0,3.86,-3.09,-0.08,1.59
格林美,2013-03-27,2.52,2.54,2.57,2.51,75738,96749190.0,2.39,1.2,0.03,1.31
格林美,2013-03-28,2.5,2.42,2.5,2.41,95190,117495649.0,3.54,-4.72,-0.12,1.64
格林美,2013-03-29,2.44,2.41,2.46,2.41,53315,65657228.0,2.07,-0.41,-0.01,0.92
格林美,2013-04-01,2.41,2.48,2.51,2.4,67966,84321035.0,4.56,2.9,0.07,1.17
格林美,2013-04-02,2.49,2.43,2.53,2.42,85180,106475603.0,4.44,-2.02,-0.05,1.47
格林美,2013-04-03,2.41,2.38,2.46,2.36,60940,74149307.0,4.12,-2.06,-0.05,1.05
格林美,2013-04-08,2.3,2.37,2.37,2.25,68643,80760313.0,5.04,-0.42,-0.01,1.18
格林美,2013-04-09,2.36,2.39,2.42,2.36,46122,56074076.0,2.53,0.84,0.02,0.8
格林美,2013-04-10,2.39,2.37,2.42,2.34,44260,53589768.0,3.35,-0.84,-0.02,0.76
格林美,2013-04-11,2.39,2.31,2.4,2.31,55789,66947651.0,3.8,-2.53,-0.06,0.96
格林美,2013-04-12,2.31,2.21,2.33,2.2,87657,101468161.0,5.63,-4.33,-0.1,1.51
格林美,2013-04-15,2.18,2.11,2.19,2.1,77123,85099555.0,4.07,-4.52,-0.1,1.33
格林美,2013-04-16,2.05,2.12,2.14,2.03,64043,69280614.0,5.21,0.47,0.01,1.1
格林美,2013-04-17,2.14,2.15,2.15,2.12,48755,53743611.0,1.42,1.42,0.03,0.84
格林美,2013-04-18,2.18,2.2,2.2,2.16,64645,72579378.0,1.86,2.33,0.05,1.12
格林美,2013-04-19,2.2,2.26,2.27,2.2,66455,76252830.0,3.18,2.73,0.06,1.15
格林美,2013-04-22,2.23,2.24,2.26,2.2,68566,78218429.0,2.65,-0.88,-0.02,1.18
格林美,2013-04-23,2.25,2.13,2.25,2.12,74525,83076980.0,5.8,-4.91,-0.11,1.29
格林美,2013-04-24,2.14,2.19,2.2,2.1,60007,66804652.0,4.69,2.82,0.06,1.04
格林美,2013-04-25,2.2,2.14,2.21,2.13,57257,63877600.0,3.65,-2.28,-0.05,0.99
格林美,2013-04-26,2.15,2.14,2.2,2.12,54592,60971634.0,3.74,0.0,0.0,0.94
格林美,2013-05-02,2.11,2.11,2.12,2.06,65301,70506338.0,2.8,-1.4,-0.03,1.13
格林美,2013-05-03,2.13,2.25,2.28,2.12,131163,149192789.0,7.58,6.64,0.14,2.26
格林美,2013-05-06,2.31,2.3,2.33,2.28,156996,184522083.0,2.22,2.22,0.05,2.71
格林美,2013-05-07,2.3,2.34,2.41,2.28,135377,162475089.0,5.65,1.74,0.04,2.34
格林美,2013-05-08,2.35,2.36,2.4,2.33,89415,107140816.0,2.99,0.85,0.02,1.54
格林美,2013-05-09,2.36,2.48,2.52,2.35,240689,298417760.0,7.2,5.08,0.12,4.15
格林美,2013-05-10,2.58,2.66,2.76,2.55,460635,608728416.0,8.47,7.26,0.18,7.95
格林美,2013-05-13,2.64,2.62,2.71,2.59,232969,307911600.0,4.51,-1.5,-0.04,4.02
格林美,2013-05-14,2.6,2.56,2.69,2.56,175277,230355462.0,4.96,-2.29,-0.06,3.02
格林美,2013-05-15,2.56,2.56,2.6,2.52,133287,171617607.0,3.13,0.0,0.0,2.3
格林美,2013-05-16,2.56,2.57,2.66,2.53,189815,248139235.0,5.08,0.39,0.01,3.28
格林美,2013-05-17,2.69,2.77,2.83,2.66,379477,520340864.0,6.61,7.78,0.2,6.55
格林美,2013-05-20,2.78,2.86,2.88,2.75,308227,433239520.0,4.69,3.25,0.09,5.32
格林美,2013-05-21,2.88,2.81,2.88,2.78,225847,316473664.0,3.5,-1.75,-0.05,3.9
格林美,2013-05-22,2.81,2.82,2.92,2.77,318437,451648112.0,5.34,0.36,0.01,5.49
格林美,2013-05-23,2.82,2.89,2.91,2.78,271537,384613680.0,4.61,2.48,0.07,4.69
格林美,2013-05-24,2.88,2.92,2.98,2.87,226322,328338288.0,3.81,1.04,0.03,3.9
格林美,2013-05-27,2.95,2.94,3.02,2.92,226602,331682864.0,3.42,0.68,0.02,3.91
格林美,2013-05-28,2.98,3.0,3.04,2.93,246690,364181920.0,3.74,2.04,0.06,4.26
格林美,2013-05-29,3.01,2.93,3.02,2.89,247427,359090944.0,4.33,-2.33,-0.07,4.27
格林美,2013-05-30,2.94,2.94,2.98,2.88,231531,335730048.0,3.41,0.34,0.01,3.99
格林美,2013-05-31,2.96,2.94,2.99,2.93,191847,280589424.0,2.04,0.0,0.0,3.31
格林美,2013-06-03,2.94,2.78,2.94,2.77,262403,369905104.0,5.78,-5.44,-0.16,4.53
格林美,2013-06-04,2.78,2.79,2.87,2.76,188032,262880801.0,3.96,0.36,0.01,3.24
格林美,2013-06-05,2.8,2.8,2.83,2.69,146017,199687832.0,5.02,0.36,0.01,2.52
格林美,2013-06-06,2.79,2.73,2.84,2.72,120180,166848228.0,4.29,-2.5,-0.07,2.07
格林美,2013-06-07,2.76,2.82,2.85,2.71,183216,254550586.0,5.13,3.3,0.09,3.16
格林美,2013-06-13,2.77,2.69,2.77,2.61,124553,167043523.0,5.67,-4.61,-0.13,2.15
格林美,2013-06-14,2.71,2.85,2.86,2.69,150355,207727252.0,6.32,5.95,0.16,2.59
格林美,2013-06-17,2.86,2.97,3.01,2.85,254380,369587104.0,5.61,4.21,0.12,4.39
格林美,2013-06-18,2.96,2.89,2.96,2.85,162024,232363321.0,3.7,-2.69,-0.08,2.8
格林美,2013-06-19,2.86,2.86,2.88,2.76,144856,203146099.0,4.15,-1.04,-0.03,2.5
格林美,2013-06-20,2.84,2.66,2.86,2.66,144285,198562193.0,6.99,-6.99,-0.2,2.49
格林美,2013-06-21,2.55,2.57,2.62,2.5,142522,140986041.0,4.51,-3.38,-0.09,1.89
格林美,2013-06-24,2.6,2.33,2.61,2.3,198064,187139795.0,12.06,-9.34,-0.24,2.63
格林美,2013-06-25,2.32,2.37,2.39,2.1,257262,229468222.0,12.45,1.72,0.04,3.41
格林美,2013-06-26,2.37,2.39,2.42,2.31,190372,175643754.0,4.64,0.84,0.02,2.53
格林美,2013-06-27,2.41,2.31,2.47,2.31,197141,183138560.0,6.69,-3.35,-0.08,2.62
格林美,2013-06-28,2.27,2.37,2.41,2.24,157161,144272260.0,7.36,2.6,0.06,2.09
格林美,2013-07-01,2.37,2.42,2.43,2.34,129107,120504172.0,3.8,2.11,0.05,1.71
格林美,2013-07-02,2.43,2.47,2.52,2.41,177073,169506851.0,4.55,2.07,0.05,2.35
格林美,2013-07-03,2.45,2.48,2.49,2.38,174917,165223411.0,4.45,0.4,0.01,2.32
格林美,2013-07-04,2.45,2.53,2.58,2.42,211818,206381685.0,6.45,2.02,0.05,2.81
格林美,2013-07-05,2.57,2.5,2.64,2.49,206753,204118410.0,5.93,-1.19,-0.03,2.74
格林美,2013-07-08,2.42,2.37,2.48,2.34,148048,138736102.0,5.6,-5.2,-0.13,1.96
格林美,2013-07-09,2.35,2.36,2.39,2.32,102467,94034258.0,2.95,-0.42,-0.01,1.36
格林美,2013-07-10,2.36,2.48,2.49,2.36,150124,141513310.0,5.51,5.08,0.12,1.99
格林美,2013-07-11,2.51,2.57,2.62,2.5,269605,266216716.0,4.84,3.63,0.09,3.58
格林美,2013-07-12,2.6,2.58,2.7,2.56,299660,303183360.0,5.45,0.39,0.01,3.98
格林美,2013-07-15,2.63,2.72,2.72,2.61,290398,296686496.0,4.26,5.43,0.14,3.85
格林美,2013-07-16,2.7,2.69,2.7,2.64,211602,217008759.0,2.21,-1.1,-0.03,2.81
格林美,2013-07-17,2.7,2.61,2.75,2.58,224486,230004576.0,6.32,-2.97,-0.08,2.98
格林美,2013-07-18,2.57,2.59,2.65,2.55,168499,168559248.0,3.83,-0.77,-0.02,2.24
格林美,2013-07-19,2.61,2.57,2.7,2.55,228513,231660383.0,5.79,-0.77,-0.02,3.03
格林美,2013-07-22,2.53,2.86,2.86,2.5,505994,530937168.0,14.01,11.28,0.29,6.72
格林美,2013-07-23,3.01,3.04,3.12,2.96,907538,1038249072.0,5.59,6.29,0.18,12.05
格林美,2013-07-24,3.01,3.2,3.24,3.0,815131,960120480.0,7.89,5.26,0.16,10.82
格林美,2013-07-25,3.15,3.0,3.17,2.99,472658,549229904.0,5.63,-6.25,-0.2,6.27
格林美,2013-07-26,3.0,3.05,3.13,2.94,409058,471711008.0,6.33,1.67,0.05,5.43
格林美,2013-07-29,2.99,2.94,3.09,2.94,263992,299719584.0,4.92,-3.61,-0.11,3.5
格林美,2013-07-30,2.95,3.06,3.12,2.88,415657,474741488.0,8.16,4.08,0.12,5.52
格林美,2013-07-31,3.06,3.01,3.15,2.99,364594,422658064.0,5.23,-1.63,-0.05,4.84
格林美,2013-08-01,3.03,3.3,3.34,3.02,743584,904173248.0,10.63,9.63,0.29,9.87
格林美,2013-08-02,3.25,3.24,3.34,3.22,422286,519330144.0,3.64,-1.82,-0.06,5.6
格林美,2013-08-05,3.22,3.29,3.39,3.22,349942,434698784.0,5.25,1.54,0.05,4.64
格林美,2013-08-06,3.29,3.29,3.32,3.23,285520,351152320.0,2.74,0.0,0.0,3.79
格林美,2013-08-07,3.3,3.23,3.32,3.15,333809,402033584.0,5.17,-1.82,-0.06,4.43
格林美,2013-08-08,3.2,3.18,3.26,3.12,236318,283500368.0,4.33,-1.55,-0.05,3.14
格林美,2013-08-09,3.19,3.2,3.28,3.14,262440,316441488.0,4.4,0.63,0.02,3.48
格林美,2013-08-12,3.3,3.25,3.33,3.18,347994,424010640.0,4.69,1.56,0.05,4.62
格林美,2013-08-13,3.26,3.21,3.27,3.18,189401,229035300.0,2.77,-1.23,-0.04,2.51
格林美,2013-08-14,3.21,3.18,3.25,3.15,181334,217608359.0,3.12,-0.93,-0.03,2.41
格林美,2013-08-15,3.15,3.14,3.22,3.12,173342,206266500.0,3.14,-1.26,-0.04,2.3
格林美,2013-08-16,3.1,2.95,3.21,2.93,278970,324092096.0,8.92,-6.05,-0.19,3.7
格林美,2013-08-19,2.95,3.0,3.02,2.94,171373,193824325.0,2.71,1.69,0.05,2.27
格林美,2013-08-20,3.0,2.92,3.0,2.89,244582,273734464.0,3.67,-2.67,-0.08,3.25
格林美,2013-08-21,2.94,2.98,3.01,2.91,168969,190275450.0,3.42,2.05,0.06,2.24
格林美,2013-08-22,2.95,2.92,2.98,2.91,174016,194044937.0,2.35,-2.01,-0.06,2.31
格林美,2013-08-23,2.95,3.07,3.13,2.87,306534,347397872.0,8.9,5.14,0.15,4.07
格林美,2013-08-26,3.07,3.2,3.21,3.05,354401,419631600.0,5.21,4.23,0.13,4.7
格林美,2013-08-27,3.21,3.18,3.22,3.15,200200,239620638.0,2.19,-0.63,-0.02,2.66
格林美,2013-08-28,3.15,3.1,3.19,3.1,194626,230362376.0,2.83,-2.52,-0.08,2.58
格林美,2013-08-29,3.12,3.09,3.21,3.09,200993,237546409.0,3.87,-0.32,-0.01,2.67
格林美,2013-08-30,3.1,2.97,3.12,2.93,241458,274269792.0,6.15,-3.88,-0.12,3.2
格林美,2013-09-02,2.96,3.01,3.04,2.9,130494,147821829.0,4.71,1.35,0.04,1.73
格林美,2013-09-03,3.02,3.13,3.13,2.98,201738,232801005.0,4.98,3.99,0.12,2.68
格林美,2013-09-04,3.1,3.05,3.15,3.03,184565,214994532.0,3.83,-2.56,-0.08,2.45
格林美,2013-09-05,3.06,3.16,3.22,3.03,354079,421490640.0,6.23,3.61,0.11,4.7
格林美,2013-09-06,3.16,3.13,3.19,3.09,184590,217696369.0,3.16,-0.95,-0.03,2.45
格林美,2013-09-09,3.15,3.18,3.21,3.09,259654,307326240.0,3.83,1.6,0.05,3.45
格林美,2013-09-10,3.19,3.15,3.2,3.1,235040,278796864.0,3.14,-0.94,-0.03,3.12
格林美,2013-09-11,3.13,3.02,3.14,2.98,257937,296800576.0,5.08,-4.13,-0.13,3.42
格林美,2013-09-12,3.01,2.96,3.04,2.95,184344,208597775.0,2.98,-1.99,-0.06,2.45
格林美,2013-09-13,3.0,3.0,3.03,2.97,103252,117272810.0,2.03,1.35,0.04,1.37
格林美,2013-09-16,3.01,2.98,3.02,2.94,125765,141907877.0,2.67,-0.67,-0.02,1.67
格林美,2013-09-17,2.98,2.97,3.02,2.95,118275,133782183.0,2.35,-0.34,-0.01,1.57
格林美,2013-09-18,2.96,3.01,3.01,2.96,92796,105048782.0,1.68,1.35,0.04,1.23
格林美,2013-09-23,3.02,3.09,3.11,3.0,184014,213361499.0,3.65,2.66,0.08,2.44
格林美,2013-09-24,3.08,3.1,3.16,3.08,205819,242069388.0,2.59,0.32,0.01,2.73
格林美,2013-09-25,3.11,3.04,3.15,3.01,150531,174884164.0,4.52,-1.94,-0.06,2.0
格林美,2013-09-26,3.01,2.95,3.02,2.94,133971,150667872.0,2.63,-2.96,-0.09,1.78
格林美,2013-09-27,2.98,3.01,3.02,2.93,123223,139032637.0,3.05,2.03,0.06,1.64
格林美,2013-09-30,3.0,2.95,3.06,2.93,158235,178738047.0,4.32,-1.99,-0.06,2.1
格林美,2013-10-08,2.92,2.96,3.03,2.9,169658,191038605.0,4.41,0.34,0.01,2.25
格林美,2013-10-09,2.95,2.98,3.0,2.94,158435,178619662.0,2.03,0.68,0.02,2.1
格林美,2013-10-10,2.98,2.93,3.01,2.92,130463,146091943.0,3.02,-1.68,-0.05,1.73
格林美,2013-10-11,2.94,2.94,2.98,2.93,150697,168282842.0,1.71,0.34,0.01,2.0
格林美,2013-10-14,2.94,3.05,3.05,2.86,290933,327126304.0,6.46,3.74,0.11,3.86
格林美,2013-10-15,3.04,3.02,3.08,3.0,242467,278854720.0,2.62,-0.98,-0.03,3.22
格林美,2013-10-16,3.02,3.11,3.19,2.98,448235,524388256.0,6.95,2.98,0.09,5.95
格林美,2013-10-17,3.1,3.17,3.26,3.07,463498,555740560.0,6.11,1.93,0.06,6.15
格林美,2013-10-25,3.25,3.07,3.38,3.04,548011,666337088.0,10.73,-3.15,-0.1,7.27
格林美,2013-10-28,3.07,2.79,3.07,2.76,331315,361074784.0,10.1,-9.12,-0.28,4.4
格林美,2013-10-29,2.78,2.7,2.85,2.63,222325,231825172.0,7.89,-3.23,-0.09,2.95
格林美,2013-10-30,2.7,2.73,2.76,2.69,103387,107716429.0,2.59,1.11,0.03,1.37
格林美,2013-10-31,2.73,2.65,2.73,2.64,116353,119124209.0,3.3,-2.93,-0.08,1.54
格林美,2013-11-01,2.65,2.65,2.7,2.62,83785,85475389.0,3.02,0.0,0.0,1.11
格林美,2013-11-04,2.67,2.7,2.74,2.66,107790,111475166.0,3.02,1.89,0.05,1.43
格林美,2013-11-05,2.7,2.72,2.73,2.64,97892,101082265.0,3.33,0.74,0.02,1.3
格林美,2013-11-06,2.72,2.67,2.77,2.67,115757,120715249.0,3.68,-1.84,-0.05,1.54
格林美,2013-11-07,2.67,2.7,2.73,2.66,75441,77930295.0,2.62,1.12,0.03,1.0
格林美,2013-11-08,2.71,2.54,2.71,2.52,222305,221521696.0,7.04,-5.93,-0.16,2.95
格林美,2013-11-11,2.55,2.54,2.58,2.52,77323,75919001.0,2.36,0.0,0.0,1.03
格林美,2013-11-12,2.57,2.57,2.59,2.54,94382,93435125.0,1.97,1.18,0.03,1.25
格林美,2013-11-13,2.58,2.45,2.58,2.44,116113,112365275.0,5.45,-4.67,-0.12,1.54
格林美,2013-11-14,2.45,2.49,2.49,2.4,84978,80810307.0,3.67,1.63,0.04,1.13
格林美,2013-11-15,2.49,2.57,2.62,2.49,159787,158012015.0,5.22,3.21,0.08,2.12
格林美,2013-11-18,2.58,2.64,2.64,2.57,131086,131675121.0,2.72,2.72,0.07,1.74
格林美,2013-11-19,2.65,2.63,2.65,2.6,99979,101116114.0,1.89,-0.38,-0.01,1.33
格林美,2013-11-20,2.64,2.67,2.68,2.63,109372,111543828.0,1.9,1.52,0.04,1.45
格林美,2013-11-21,2.65,2.64,2.66,2.61,102552,103706054.0,1.87,-1.12,-0.03,1.36
格林美,2013-11-22,2.65,2.64,2.7,2.63,100603,102775623.0,2.65,0.0,0.0,1.34
格林美,2013-11-25,2.64,2.61,2.69,2.59,96481,97982497.0,3.79,-1.14,-0.03,1.28
格林美,2013-11-26,2.62,2.55,2.63,2.53,126620,125376753.0,3.83,-2.3,-0.06,1.68
格林美,2013-11-27,2.53,2.62,2.64,2.53,116122,115720359.0,4.31,2.75,0.07,1.54
格林美,2013-11-28,2.63,2.66,2.69,2.61,138181,140989123.0,3.05,1.53,0.04,1.83
格林美,2013-11-29,2.67,2.64,2.68,2.63,114375,116050794.0,1.88,-0.75,-0.02,1.52
格林美,2013-12-02,2.54,2.46,2.61,2.43,175158,170308062.0,6.82,-6.82,-0.18,2.32
格林美,2013-12-03,2.45,2.59,2.6,2.42,105750,103487461.0,7.32,5.28,0.13,1.4
格林美,2013-12-04,2.59,2.6,2.64,2.57,127965,128639674.0,2.7,0.39,0.01,1.7
格林美,2013-12-05,2.6,2.63,2.67,2.59,114225,115669240.0,3.08,1.15,0.03,1.52
格林美,2013-12-06,2.63,2.71,2.76,2.63,224494,232825182.0,4.94,3.04,0.08,2.98
格林美,2013-12-09,2.73,2.72,2.74,2.68,134290,139319285.0,2.21,0.37,0.01,1.78
格林美,2013-12-10,2.72,2.72,2.76,2.69,105496,109833922.0,2.57,0.0,0.0,1.4
格林美,2013-12-11,2.72,2.67,2.72,2.63,103491,105715813.0,3.31,-1.84,-0.05,1.37
格林美,2013-12-12,2.66,2.65,2.7,2.65,80937,83038608.0,1.87,-0.75,-0.02,1.07
格林美,2013-12-13,2.64,2.72,2.74,2.63,118921,123380773.0,4.15,2.64,0.07,1.58
格林美,2013-12-16,2.73,2.65,2.74,2.65,105206,108557751.0,3.31,-2.57,-0.07,1.4
格林美,2013-12-17,2.65,2.6,2.67,2.59,94012,94644470.0,3.02,-1.89,-0.05,1.25
格林美,2013-12-18,2.61,2.65,2.67,2.6,62816,63617199.0,2.69,1.92,0.05,0.83
格林美,2013-12-19,2.65,2.62,2.69,2.61,66349,67562900.0,3.02,-1.13,-0.03,0.88
格林美,2013-12-20,2.61,2.55,2.63,2.53,87315,86363366.0,3.82,-2.67,-0.07,1.16
格林美,2013-12-23,2.54,2.54,2.58,2.49,65508,64138747.0,3.53,-0.39,-0.01,0.87
格林美,2013-12-24,2.54,2.55,2.6,2.52,55303,54603686.0,3.15,0.39,0.01,0.73
格林美,2013-12-25,2.57,2.66,2.67,2.55,105317,105674871.0,4.71,4.31,0.11,1.4
格林美,2013-12-26,2.65,2.59,2.67,2.59,87704,88689608.0,3.01,-2.63,-0.07,1.16
格林美,2013-12-27,2.62,2.67,2.69,2.62,114411,117096974.0,2.7,3.09,0.08,1.52
格林美,2013-12-30,2.71,2.65,2.71,2.65,70517,72127894.0,2.25,-0.75,-0.02,0.94
格林美,2013-12-31,2.65,2.67,2.68,2.6,62969,64020010.0,3.02,0.75,0.02,0.84
格林美,2014-01-02,2.67,2.67,2.69,2.64,73405,75109929.0,1.87,0.0,0.0,0.97
格林美,2014-01-03,2.67,2.68,2.71,2.66,94351,97068874.0,1.87,0.37,0.01,1.25
格林美,2014-01-06,2.68,2.59,2.68,2.58,81930,82535330.0,3.73,-3.36,-0.09,1.09
格林美,2014-01-07,2.57,2.61,2.64,2.57,55554,55908207.0,2.7,0.77,0.02,0.74
格林美,2014-01-08,2.63,2.57,2.64,2.55,95668,95747737.0,3.45,-1.53,-0.04,1.27
格林美,2014-01-09,2.6,2.51,2.62,2.5,107739,106765493.0,4.67,-2.33,-0.06,1.43
格林美,2014-01-10,2.48,2.44,2.55,2.44,78818,75787230.0,4.38,-2.79,-0.07,1.05
格林美,2014-01-13,2.47,2.45,2.5,2.42,80893,76914581.0,3.28,0.41,0.01,1.07
格林美,2014-01-14,2.46,2.52,2.52,2.44,69570,66972742.0,3.27,2.86,0.07,0.92
格林美,2014-01-15,2.52,2.54,2.56,2.5,82231,80649799.0,2.38,0.79,0.02,1.09
格林美,2014-01-16,2.54,2.56,2.6,2.52,64810,64008552.0,3.15,0.79,0.02,0.86
格林美,2014-01-17,2.55,2.57,2.58,2.52,53687,52959099.0,2.34,0.39,0.01,0.71
格林美,2014-01-20,2.57,2.48,2.58,2.48,51539,50229710.0,3.89,-3.5,-0.09,0.68
格林美,2014-01-21,2.5,2.5,2.53,2.48,49615,48063217.0,2.02,0.81,0.02,0.66
格林美,2014-01-22,2.51,2.57,2.59,2.51,86056,85015698.0,3.2,2.8,0.07,1.14
格林美,2014-01-23,2.58,2.6,2.63,2.57,84402,84667426.0,2.33,1.17,0.03,1.12
格林美,2014-01-24,2.59,2.65,2.69,2.58,136138,138685086.0,4.23,1.92,0.05,1.81
格林美,2014-01-27,2.63,2.66,2.7,2.62,99253,101365400.0,3.02,0.38,0.01,1.32
格林美,2014-01-28,2.69,2.66,2.69,2.63,74615,76068899.0,2.26,0.0,0.0,0.99
格林美,2014-01-29,2.66,2.69,2.72,2.65,92057,94901049.0,2.63,1.13,0.03,1.22
格林美,2014-01-30,2.68,2.61,2.69,2.6,105891,106844450.0,3.35,-2.97,-0.08,1.41
格林美,2014-02-07,2.61,2.73,2.73,2.6,116830,120165226.0,4.98,4.6,0.12,1.55
格林美,2014-02-10,2.73,2.84,2.88,2.72,244008,262244623.0,5.86,4.03,0.11,3.24
格林美,2014-02-11,2.84,2.88,2.97,2.82,270249,297999760.0,5.28,1.41,0.04,3.59
格林美,2014-02-12,2.91,2.93,2.97,2.87,214898,238282278.0,3.47,1.74,0.05,2.85
格林美,2014-02-13,2.93,2.91,3.04,2.86,289023,326440096.0,6.14,-0.68,-0.02,3.84
格林美,2014-02-14,2.91,2.92,2.93,2.86,162052,178521814.0,2.41,0.34,0.01,2.15
格林美,2014-02-17,2.96,3.07,3.09,2.92,258067,294491568.0,5.82,5.14,0.15,3.43
格林美,2014-02-18,3.1,3.16,3.23,3.07,386799,460936784.0,5.21,2.93,0.09,5.13
格林美,2014-02-19,3.15,3.12,3.2,3.08,220276,260625186.0,3.8,-1.27,-0.04,2.92
格林美,2014-02-20,3.13,2.97,3.15,2.97,225578,258428921.0,5.77,-4.81,-0.15,2.99
格林美,2014-02-21,2.99,3.0,3.06,2.94,145022,164574216.0,4.04,1.01,0.03,1.92
格林美,2014-02-24,3.0,3.05,3.06,2.92,155196,175110250.0,4.67,1.67,0.05,2.06
格林美,2014-02-25,3.03,2.88,3.11,2.83,221280,249865394.0,9.18,-5.57,-0.17,2.94
格林美,2014-02-26,2.85,2.88,2.92,2.81,178694,194710273.0,3.82,0.0,0.0,2.37
格林美,2014-02-27,2.88,2.84,2.99,2.84,164789,182715069.0,5.21,-1.39,-0.04,2.19
格林美,2014-02-28,2.85,2.98,3.0,2.81,139434,153865865.0,6.69,4.93,0.14,1.85
格林美,2014-03-03,2.98,3.07,3.1,2.97,211798,244216626.0,4.36,3.02,0.09,2.81
格林美,2014-03-04,3.04,3.03,3.07,3.0,122058,140076621.0,2.28,-1.3,-0.04,1.62
格林美,2014-03-05,3.06,3.07,3.12,2.99,184889,213971954.0,4.29,1.32,0.04,2.45
格林美,2014-03-06,3.09,3.07,3.17,3.01,182255,212084621.0,5.21,0.0,0.0,2.42
格林美,2014-03-07,3.1,2.93,3.12,2.92,177165,201520281.0,6.51,-4.56,-0.14,2.35
格林美,2014-03-10,2.9,2.81,2.92,2.79,139344,151274023.0,4.44,-4.1,-0.12,1.85
格林美,2014-03-11,2.81,2.82,2.86,2.75,118424,126676582.0,3.91,0.36,0.01,1.57
格林美,2014-03-12,2.82,2.77,2.83,2.72,104553,110769516.0,3.9,-1.77,-0.05,1.39
格林美,2014-03-13,2.79,2.78,2.81,2.74,88593,93766586.0,2.53,0.36,0.01,1.18
格林美,2014-03-14,2.77,2.76,2.8,2.73,69348,73176035.0,2.52,-0.72,-0.02,0.92
格林美,2014-03-17,2.78,2.84,2.86,2.76,119733,128615003.0,3.62,2.9,0.08,1.59
格林美,2014-03-18,2.84,2.83,2.91,2.82,109414,119186986.0,3.17,-0.35,-0.01,1.45
格林美,2014-03-19,2.81,2.84,2.84,2.77,90978,97322511.0,2.47,0.35,0.01,1.21
格林美,2014-03-20,2.84,2.71,2.84,2.71,96708,102613657.0,4.58,-4.58,-0.13,1.28
格林美,2014-03-21,2.69,2.78,2.79,2.66,95409,99501127.0,4.8,2.58,0.07,1.27
格林美,2014-03-24,2.81,2.78,2.82,2.77,75030,79920103.0,1.8,0.0,0.0,1.0
格林美,2014-03-25,2.78,2.8,2.84,2.76,74374,79586815.0,2.88,0.72,0.02,0.99
格林美,2014-03-26,2.79,2.8,2.81,2.77,66379,70686037.0,1.43,0.0,0.0,0.88
格林美,2014-03-27,2.8,2.67,2.8,2.67,136640,142503001.0,4.64,-4.64,-0.13,1.81
格林美,2014-03-28,2.67,2.58,2.69,2.58,135764,136387947.0,4.12,-3.37,-0.09,1.8
格林美,2014-03-31,2.59,2.62,2.65,2.59,70321,70695553.0,2.33,1.55,0.04,0.93
格林美,2014-04-01,2.62,2.69,2.71,2.61,67451,69181657.0,3.82,2.67,0.07,0.9
格林美,2014-04-02,2.69,2.68,2.72,2.66,46445,47851356.0,2.23,-0.37,-0.01,0.62
格林美,2014-04-03,2.69,2.69,2.71,2.65,49306,50741494.0,2.24,0.37,0.01,0.65
格林美,2014-04-04,2.68,2.7,2.71,2.66,51793,53537598.0,1.86,0.37,0.01,0.69
格林美,2014-04-08,2.67,2.87,2.88,2.66,169786,181210325.0,8.15,6.3,0.17,2.25
格林美,2014-04-09,2.84,2.86,2.92,2.83,159123,174142021.0,3.14,-0.35,-0.01,2.11
格林美,2014-04-10,2.87,2.86,2.9,2.85,125185,137010274.0,1.75,0.0,0.0,1.66
格林美,2014-04-11,2.93,2.92,3.07,2.91,278278,314196592.0,5.59,2.1,0.06,3.69
格林美,2014-04-14,2.89,2.95,3.0,2.88,207580,231525490.0,4.11,1.03,0.03,2.76
格林美,2014-04-15,2.94,2.87,2.94,2.87,133983,147671062.0,2.37,-2.71,-0.08,1.78
格林美,2014-04-16,2.85,2.89,2.91,2.83,100138,109290578.0,2.79,0.7,0.02,1.33
格林美,2014-04-17,2.91,2.88,2.95,2.87,126823,140590827.0,2.77,-0.35,-0.01,1.68
格林美,2014-04-18,2.89,2.97,3.0,2.86,224865,252605715.0,4.86,3.13,0.09,2.98
格林美,2014-04-21,2.95,2.93,3.02,2.91,165789,186689329.0,3.7,-1.35,-0.04,2.2
格林美,2014-04-22,2.92,2.99,3.02,2.87,220216,246157094.0,5.12,2.05,0.06,2.92
格林美,2014-04-23,2.99,2.99,3.04,2.97,231660,263802738.0,2.34,0.0,0.0,3.07
格林美,2014-04-24,2.97,2.88,3.0,2.88,178263,197519730.0,4.01,-3.68,-0.11,2.37
格林美,2014-04-25,2.88,2.79,2.92,2.79,137446,149989075.0,4.51,-3.13,-0.09,1.82
格林美,2014-04-28,2.81,2.73,2.82,2.71,129549,136305934.0,3.94,-2.15,-0.06,1.72
格林美,2014-04-29,2.71,2.77,2.78,2.71,72247,76089230.0,2.56,1.47,0.04,0.96
格林美,2014-04-30,2.77,2.78,2.8,2.76,63735,67604066.0,1.44,0.36,0.01,0.85
格林美,2014-05-05,2.77,2.85,2.85,2.76,86184,92461095.0,3.24,2.52,0.07,1.14
格林美,2014-05-06,2.87,2.9,2.94,2.87,125183,137968547.0,2.46,1.75,0.05,1.66
格林美,2014-05-07,2.89,2.94,3.0,2.87,218558,243959261.0,4.48,1.38,0.04,2.9
格林美,2014-05-08,2.92,3.02,3.06,2.91,328368,372488704.0,5.1,2.72,0.08,4.36
格林美,2014-05-09,3.08,3.02,3.18,2.99,504551,587409776.0,6.29,0.0,0.0,6.7
格林美,2014-05-12,3.04,3.35,3.35,3.04,1021794,1245282912.0,10.26,10.93,0.33,13.56
格林美,2014-05-13,3.38,3.15,3.39,3.13,821494,1002334624.0,7.76,-5.97,-0.2,10.9
格林美,2014-05-14,3.1,3.07,3.13,3.04,370704,430727728.0,2.86,-2.54,-0.08,4.92
格林美,2014-05-15,2.97,2.95,3.0,2.94,348981,392537488.0,1.95,-3.91,-0.12,4.63
格林美,2014-05-16,2.94,2.96,3.0,2.9,201304,225985943.0,3.39,0.34,0.01,2.67
格林美,2014-05-19,2.97,2.94,2.98,2.88,177055,196681082.0,3.38,-0.68,-0.02,2.35
格林美,2014-05-20,2.97,2.86,2.99,2.85,211933,234193488.0,4.76,-2.72,-0.08,2.81
格林美,2014-05-21,2.83,2.95,2.95,2.82,158374,174528563.0,4.55,3.15,0.09,2.1
格林美,2014-05-22,2.93,2.91,2.97,2.9,135492,151221055.0,2.37,-1.36,-0.04,1.8
格林美,2014-05-23,2.91,2.92,2.94,2.87,107988,119066484.0,2.41,0.34,0.01,1.43
格林美,2014-05-26,2.94,2.99,3.02,2.92,173673,195798771.0,3.42,2.4,0.07,2.31
格林美,2014-05-27,2.99,2.96,3.02,2.96,115637,130652684.0,2.01,-1.0,-0.03,1.53
格林美,2014-05-28,2.97,2.97,3.0,2.9,153481,171857744.0,3.38,0.34,0.01,2.04
格林美,2014-05-29,2.97,2.96,3.03,2.95,157314,178139956.0,2.69,-0.34,-0.01,2.09
格林美,2014-05-30,2.94,3.03,3.07,2.94,256791,293862000.0,4.39,2.36,0.07,3.41
格林美,2014-06-03,3.01,3.02,3.13,3.01,307174,357103024.0,3.96,-0.33,-0.01,4.08
格林美,2014-06-04,3.0,2.9,3.0,2.87,235347,261538436.0,4.3,-3.97,-0.12,3.12
格林美,2014-06-05,2.92,2.98,2.99,2.9,133563,148977675.0,3.1,2.76,0.08,1.77
格林美,2014-06-06,2.98,3.08,3.12,2.95,346003,399052704.0,5.7,3.36,0.1,4.59
格林美,2014-06-09,3.06,3.1,3.1,3.03,159364,184372316.0,2.27,0.65,0.02,2.12
格林美,2014-06-10,3.1,3.09,3.13,3.05,195322,227619496.0,2.58,-0.32,-0.01,2.59
格林美,2014-06-11,3.08,3.1,3.15,3.07,221245,259808624.0,2.59,0.32,0.01,2.94
格林美,2014-06-12,3.1,3.06,3.13,3.04,173453,201485723.0,2.9,-1.29,-0.04,2.3
格林美,2014-06-13,3.13,3.1,3.18,3.09,257266,303789040.0,2.94,1.31,0.04,3.41
格林美,2014-06-16,3.1,3.1,3.14,3.07,174317,204475739.0,2.26,0.0,0.0,2.31
格林美,2014-06-17,3.1,3.04,3.16,3.02,222851,260469731.0,4.52,-1.94,-0.06,2.96
格林美,2014-06-18,3.03,3.07,3.13,2.98,233638,269203600.0,4.93,0.99,0.03,3.1
格林美,2014-06-19,3.04,2.95,3.04,2.92,232940,262994809.0,3.91,-3.91,-0.12,3.09
格林美,2014-06-20,2.95,2.98,3.0,2.94,85051,95815080.0,2.03,1.02,0.03,1.13
格林美,2014-06-23,2.99,3.0,3.04,2.96,112587,127813877.0,2.68,0.67,0.02,1.49
格林美,2014-06-24,3.0,3.0,3.02,2.97,108927,123697555.0,1.67,0.0,0.0,1.45
格林美,2014-06-25,2.98,2.95,2.99,2.94,102748,115164112.0,1.67,-1.67,-0.05,1.36
格林美,2014-07-24,3.12,3.1,3.23,3.06,484835,573611232.0,5.76,5.08,0.15,6.43
格林美,2014-07-25,3.12,3.2,3.31,3.07,395198,477262352.0,7.74,3.23,0.1,5.25
格林美,2014-07-28,3.18,3.28,3.32,3.13,444783,541828272.0,5.94,2.5,0.08,5.9
格林美,2014-07-29,3.26,3.31,3.35,3.23,445770,549852576.0,3.66,0.91,0.03,5.92
格林美,2014-07-30,3.27,3.24,3.29,3.23,268837,327972048.0,1.81,-2.11,-0.07,3.57
格林美,2014-07-31,3.24,3.28,3.3,3.23,215382,264219867.0,2.16,1.23,0.04,2.86
格林美,2014-08-01,3.24,3.17,3.26,3.16,280833,338423856.0,3.05,-3.35,-0.11,3.73
格林美,2014-08-04,3.17,3.29,3.31,3.17,285102,348501200.0,4.42,3.79,0.12,3.78
格林美,2014-08-05,3.29,3.29,3.34,3.25,199036,244849482.0,2.74,0.0,0.0,2.64
格林美,2014-08-06,3.28,3.43,3.47,3.26,474964,602934864.0,6.38,4.26,0.14,6.3
格林美,2014-08-07,3.42,3.47,3.54,3.38,355260,456888560.0,4.66,1.17,0.04,4.72
格林美,2014-08-08,3.43,3.42,3.51,3.4,287361,369168672.0,3.17,-1.44,-0.05,3.81
格林美,2014-08-11,3.45,3.47,3.52,3.43,275598,358242672.0,2.63,1.46,0.05,3.66
格林美,2014-08-12,3.47,3.43,3.57,3.42,339629,441857424.0,4.32,-1.15,-0.04,4.51
格林美,2014-08-13,3.41,3.56,3.59,3.39,433849,562716016.0,5.83,3.79,0.13,5.76
格林美,2014-08-14,3.55,3.34,3.58,3.31,522134,672371312.0,7.58,-6.18,-0.22,6.93
格林美,2014-08-15,3.32,3.34,3.4,3.32,276534,347216224.0,2.4,0.0,0.0,3.67
格林美,2014-08-18,3.35,3.39,3.42,3.35,174715,221384109.0,2.1,1.5,0.05,2.32
格林美,2014-08-19,3.43,3.43,3.48,3.41,247780,318115360.0,2.06,1.18,0.04,3.29
格林美,2014-08-20,3.4,3.37,3.42,3.35,280029,353783728.0,2.04,-1.75,-0.06,3.72
格林美,2014-08-21,3.39,3.41,3.44,3.36,201664,255948123.0,2.37,1.19,0.04,2.68
格林美,2014-08-22,3.41,3.38,3.44,3.37,190155,241617497.0,2.05,-0.88,-0.03,2.52
格林美,2014-08-25,3.39,3.44,3.46,3.37,258302,330823312.0,2.66,1.78,0.06,3.43
格林美,2014-08-26,3.44,3.26,3.44,3.24,343879,427090176.0,5.81,-5.23,-0.18,4.56
格林美,2014-08-27,3.26,3.28,3.3,3.24,142564,175174407.0,1.84,0.61,0.02,1.89
格林美,2014-08-28,3.28,3.23,3.3,3.23,111512,136390883.0,2.13,-1.52,-0.05,1.48
格林美,2014-08-29,3.25,3.28,3.29,3.22,88156,107958894.0,2.17,1.55,0.05,1.17
格林美,2014-09-01,3.28,3.37,3.37,3.27,173149,215650021.0,3.05,2.74,0.09,2.3
格林美,2014-09-02,3.35,3.41,3.42,3.35,202324,256413693.0,2.08,1.19,0.04,2.69
格林美,2014-09-03,3.4,3.39,3.44,3.38,206574,262945412.0,1.76,-0.59,-0.02,2.74
格林美,2014-09-04,3.4,3.44,3.46,3.39,231595,296314544.0,2.06,1.47,0.05,3.07
格林美,2014-09-05,3.47,3.46,3.5,3.41,234438,302386976.0,2.62,0.58,0.02,3.11
格林美,2014-09-09,3.47,3.5,3.51,3.44,206074,267505718.0,2.02,1.16,0.04,2.74
格林美,2014-09-10,3.45,3.44,3.47,3.41,216892,278356336.0,1.71,-1.71,-0.06,2.88
格林美,2014-09-11,3.43,3.55,3.66,3.42,527576,700907376.0,6.98,3.2,0.11,7.0
格林美,2014-09-12,3.55,3.61,3.63,3.52,319344,425905792.0,3.1,1.69,0.06,4.24
格林美,2014-09-15,3.65,3.6,3.75,3.59,385621,523702496.0,4.43,-0.28,-0.01,5.12
格林美,2014-09-16,3.61,3.56,3.7,3.52,403277,541732304.0,5.0,-1.11,-0.04,5.35
格林美,2014-09-17,3.69,3.78,3.91,3.61,554475,771416192.0,8.43,6.18,0.22,7.36
格林美,2014-09-18,3.69,3.72,3.77,3.66,284871,390824384.0,2.91,-1.59,-0.06,3.78
格林美,2014-09-19,3.75,3.76,3.83,3.71,280392,391623616.0,3.23,1.08,0.04,3.72
格林美,2014-09-22,3.76,3.67,3.78,3.65,225054,308074048.0,3.46,-2.39,-0.09,2.99
格林美,2014-09-23,3.66,3.78,3.78,3.64,244965,337138112.0,3.81,3.0,0.11,3.25
格林美,2014-09-24,3.77,3.81,3.84,3.72,284829,399413632.0,3.17,0.79,0.03,3.78
格林美,2014-09-25,3.84,3.77,3.88,3.74,266601,376056432.0,3.67,-1.05,-0.04,3.54
格林美,2014-09-26,3.74,3.75,3.78,3.71,164476,227770288.0,1.86,-0.53,-0.02,2.18
格林美,2014-09-29,3.75,3.81,3.86,3.75,224774,316763776.0,2.93,1.6,0.06,2.98
格林美,2014-09-30,3.82,3.83,3.89,3.8,180978,257055402.0,2.36,0.52,0.02,2.4
格林美,2014-10-08,3.84,3.91,3.92,3.8,262631,374900288.0,3.13,2.09,0.08,3.49
格林美,2014-10-09,3.91,3.87,3.98,3.84,259587,374572672.0,3.58,-1.02,-0.04,3.45
格林美,2014-10-10,3.85,3.76,3.85,3.75,277048,389480720.0,2.58,-2.84,-0.11,3.68
格林美,2014-10-13,3.74,3.84,3.84,3.73,211355,296769280.0,2.93,2.13,0.08,2.81
格林美,2014-10-14,3.83,3.88,4.0,3.81,312104,452591568.0,4.95,1.04,0.04,4.14
格林美,2014-10-15,3.88,3.86,3.91,3.78,163477,232507473.0,3.35,-0.52,-0.02,2.17
格林美,2014-10-16,3.86,3.86,3.93,3.83,178995,256182156.0,2.59,0.0,0.0,2.38
格林美,2014-10-17,3.85,3.71,3.85,3.66,257400,356320128.0,4.92,-3.89,-0.15,3.42
格林美,2014-10-20,3.74,3.76,3.8,3.66,113026,157270467.0,3.77,1.35,0.05,1.5
格林美,2014-10-21,3.77,3.75,3.83,3.73,130162,181862639.0,2.66,-0.27,-0.01,1.73
格林美,2014-10-22,3.74,3.61,3.79,3.59,202765,277287424.0,5.33,-3.73,-0.14,2.69
格林美,2014-10-23,3.67,3.63,3.68,3.61,148172,200521020.0,1.94,0.55,0.02,1.97
格林美,2014-10-24,3.65,3.67,3.69,3.63,104200,141614932.0,1.65,1.1,0.04,1.38
格林美,2014-10-27,3.66,3.75,3.78,3.62,128649,177560135.0,4.36,2.18,0.08,1.71
格林美,2014-10-28,3.77,3.83,3.83,3.74,152212,213830979.0,2.4,2.13,0.08,2.02
格林美,2014-10-29,3.83,3.84,3.88,3.81,200403,284286688.0,1.83,0.26,0.01,2.66
格林美,2014-10-30,3.83,3.76,3.83,3.74,236676,331810640.0,2.34,-2.08,-0.08,3.14
格林美,2014-10-31,3.75,3.72,3.79,3.69,216072,299101936.0,2.66,-1.06,-0.04,2.87
格林美,2014-11-03,3.72,3.73,3.77,3.71,130314,180366623.0,1.61,0.27,0.01,1.73
格林美,2014-11-04,3.73,3.63,3.76,3.63,185863,253710246.0,3.49,-2.68,-0.1,2.47
格林美,2014-11-05,3.63,3.68,3.72,3.6,147753,200944337.0,3.31,1.38,0.05,1.96
格林美,2014-11-06,3.65,3.72,3.72,3.64,93761,128143654.0,2.17,1.09,0.04,1.24
格林美,2014-11-07,3.76,3.65,3.8,3.64,178831,247075770.0,4.3,-1.88,-0.07,2.37
格林美,2014-11-10,3.66,3.67,3.68,3.62,117823,159615805.0,1.64,0.55,0.02,1.56
格林美,2014-11-11,3.69,3.48,3.7,3.43,257015,338659008.0,7.36,-5.18,-0.19,3.41
格林美,2014-11-12,3.49,3.5,3.53,3.44,138432,179497311.0,2.59,0.57,0.02,1.84
格林美,2014-11-13,3.51,3.42,3.52,3.36,199649,255434188.0,4.57,-2.29,-0.08,2.65
格林美,2014-11-14,3.42,3.43,3.45,3.37,94694,120972390.0,2.34,0.29,0.01,1.26
格林美,2014-11-17,3.44,3.46,3.49,3.41,106999,138040374.0,2.33,0.87,0.03,1.42
格林美,2014-11-18,3.46,3.47,3.48,3.42,86342,111409489.0,1.73,0.29,0.01,1.15
格林美,2014-11-19,3.47,3.5,3.5,3.41,131315,169665553.0,2.59,0.86,0.03,1.74
格林美,2014-11-20,3.49,3.46,3.51,3.45,81116,105111374.0,1.71,-1.14,-0.04,1.08
格林美,2014-11-21,3.46,3.48,3.5,3.43,111354,143819413.0,2.02,0.58,0.02,1.48
格林美,2014-11-24,3.53,3.55,3.58,3.49,187042,246226445.0,2.59,2.01,0.07,2.48
格林美,2014-11-25,3.55,3.63,3.63,3.52,182195,242975535.0,3.1,2.25,0.08,2.42
格林美,2014-11-26,3.63,3.63,3.66,3.55,145340,194583209.0,3.03,0.0,0.0,1.93
格林美,2014-11-27,3.65,3.61,3.69,3.58,193026,260033672.0,3.03,-0.55,-0.02,2.56
格林美,2014-11-28,3.6,3.52,3.61,3.49,228589,301258752.0,3.32,-2.49,-0.09,3.03
格林美,2014-12-01,3.52,3.65,3.65,3.48,272804,362671728.0,4.83,3.69,0.13,3.62
格林美,2014-12-02,3.65,3.7,3.76,3.62,316845,435390928.0,3.84,1.37,0.05,4.21
格林美,2014-12-03,3.71,3.83,3.84,3.64,488953,683244976.0,5.41,3.51,0.13,6.49
格林美,2014-12-04,3.83,3.83,3.86,3.78,346091,488938336.0,2.09,0.0,0.0,4.59
格林美,2014-12-05,3.86,3.71,3.86,3.63,318748,440174112.0,6.01,-3.13,-0.12,4.23
格林美,2014-12-08,3.7,3.7,3.76,3.65,265927,366270704.0,2.96,-0.27,-0.01,3.53
格林美,2014-12-09,3.69,3.54,3.77,3.52,336706,458118864.0,6.76,-4.32,-0.16,4.47
格林美,2014-12-10,3.55,3.78,3.8,3.55,375564,514457840.0,7.06,6.78,0.24,4.98
格林美,2014-12-11,3.78,3.86,3.92,3.73,552067,780997920.0,5.03,2.12,0.08,7.33
格林美,2014-12-12,3.86,3.84,3.91,3.8,343295,490083792.0,2.85,-0.52,-0.02,4.56
格林美,2014-12-15,3.83,4.01,4.07,3.8,505487,742179216.0,7.03,4.43,0.17,6.71
格林美,2014-12-16,4.03,4.06,4.13,3.96,428931,638553824.0,4.24,1.25,0.05,5.69
格林美,2014-12-17,4.05,3.91,4.05,3.87,350571,511238992.0,4.43,-3.69,-0.15,4.65
格林美,2014-12-18,3.87,3.97,4.02,3.86,270081,394620816.0,4.09,1.53,0.06,3.58
格林美,2014-12-19,3.96,3.79,3.97,3.75,348310,491226496.0,5.54,-4.53,-0.18,4.62
格林美,2014-12-22,3.75,3.54,3.75,3.5,338102,452166672.0,6.6,-6.6,-0.25,4.49
格林美,2014-12-23,3.56,3.45,3.63,3.43,217826,285413056.0,5.65,-2.54,-0.09,2.89
格林美,2014-12-24,3.49,3.54,3.55,3.47,146821,192348896.0,2.32,2.61,0.09,1.95
格林美,2014-12-25,3.55,3.57,3.6,3.53,137100,181617617.0,1.98,0.85,0.03,1.82
格林美,2014-12-26,3.57,3.6,3.63,3.57,124658,166897757.0,1.68,0.84,0.03,1.65
格林美,2014-12-29,3.62,3.47,3.62,3.45,162204,212679770.0,4.72,-3.61,-0.13,2.15
格林美,2014-12-30,3.47,3.42,3.52,3.38,174307,224381104.0,4.03,-1.44,-0.05,2.31
格林美,2014-12-31,3.41,3.46,3.5,3.4,107537,138604745.0,2.92,1.17,0.04,1.43
格林美,2015-01-05,3.46,3.56,3.57,3.4,188663,246596662.0,4.91,2.89,0.1,2.5
格林美,2015-01-06,3.52,3.59,3.6,3.46,216477,285180128.0,3.93,0.84,0.03,2.87
格林美,2015-01-07,3.63,3.58,3.66,3.55,159151,213392580.0,3.06,-0.28,-0.01,2.11
格林美,2015-01-08,3.58,3.52,3.61,3.5,114209,150721015.0,3.07,-1.68,-0.06,1.52
格林美,2015-01-09,3.52,3.49,3.59,3.49,107610,141847539.0,2.84,-0.85,-0.03,1.43
格林美,2015-01-12,3.46,3.42,3.53,3.41,106036,136875657.0,3.44,-2.01,-0.07,1.41
格林美,2015-01-13,3.42,3.52,3.52,3.42,101723,132281617.0,2.92,2.92,0.1,1.35
格林美,2015-01-14,3.52,3.48,3.55,3.46,83722,109139413.0,2.56,-1.14,-0.04,1.11
格林美,2015-01-15,3.47,3.49,3.51,3.44,83331,108222565.0,2.01,0.29,0.01,1.11
格林美,2015-01-16,3.5,3.6,3.6,3.48,171973,227667914.0,3.44,3.15,0.11,2.28
格林美,2015-01-19,3.52,3.55,3.71,3.49,288228,386750704.0,6.11,-1.39,-0.05,3.83
格林美,2015-01-20,3.55,3.71,3.72,3.55,259942,354644272.0,4.79,4.51,0.16,3.45
格林美,2015-01-21,3.73,3.78,3.88,3.69,319800,450858736.0,5.12,1.89,0.07,4.24
格林美,2015-01-22,3.79,3.78,3.86,3.76,222778,313363696.0,2.65,0.0,0.0,2.96
格林美,2015-01-23,3.81,3.85,3.96,3.79,318595,456894384.0,4.5,1.85,0.07,4.23
格林美,2015-01-26,3.87,3.96,4.02,3.86,272851,395086416.0,4.16,2.86,0.11,3.62
格林美,2015-01-27,3.98,3.98,4.09,3.9,289584,424937312.0,4.8,0.51,0.02,3.84
格林美,2015-01-28,4.0,4.1,4.14,3.98,214703,321440688.0,4.02,3.02,0.12,2.85
格林美,2015-02-17,4.39,4.54,4.54,4.18,167995,274051136.0,8.78,10.73,0.44,2.23
格林美,2015-02-25,4.69,4.47,4.77,4.39,442428,732563040.0,8.37,-1.54,-0.07,5.87
格林美,2015-02-26,4.47,4.44,4.58,4.38,245402,397882784.0,4.47,-0.67,-0.03,3.26
格林美,2015-02-27,4.45,4.48,4.52,4.4,205996,335717216.0,2.7,0.9,0.04,2.73
格林美,2015-03-02,4.59,4.84,4.95,4.59,501119,874559904.0,8.04,8.04,0.36,6.65
格林美,2015-03-03,4.83,4.79,4.95,4.72,377230,658669584.0,4.75,-1.03,-0.05,5.01
格林美,2015-03-04,4.79,4.76,4.79,4.67,193627,331218928.0,2.51,-0.63,-0.03,2.57
格林美,2015-03-05,4.77,4.69,4.88,4.67,206922,357665840.0,4.41,-1.47,-0.07,2.75
格林美,2015-03-06,4.77,4.57,4.77,4.51,247128,413341712.0,5.54,-2.56,-0.12,3.28
格林美,2015-03-09,4.57,4.54,4.57,4.46,166402,272658912.0,2.41,-0.66,-0.03,2.21
格林美,2015-03-10,4.54,4.58,4.64,4.5,141521,236220309.0,3.08,0.88,0.04,1.88
格林美,2015-03-11,4.58,4.69,4.74,4.58,171684,292088528.0,3.49,2.4,0.11,2.28
格林美,2015-03-12,4.69,4.47,4.73,4.41,258793,424469232.0,6.82,-4.69,-0.22,3.43
格林美,2015-03-13,4.48,4.49,4.52,4.43,126196,205689831.0,2.01,0.45,0.02,1.67
格林美,2015-03-16,4.52,4.61,4.68,4.52,178469,298847952.0,3.56,2.67,0.12,2.37
格林美,2015-03-17,4.67,4.64,4.74,4.56,187485,317250528.0,3.9,0.65,0.03,2.49
格林美,2015-03-18,4.66,4.75,4.77,4.65,224434,384383616.0,2.59,2.37,0.11,2.98
格林美,2015-03-19,4.75,4.7,4.77,4.66,240426,410741120.0,2.32,-1.05,-0.05,3.19
格林美,2015-03-20,4.71,4.67,4.75,4.63,274147,465078064.0,2.55,-0.64,-0.03,3.64
格林美,2015-03-23,4.69,4.83,4.85,4.65,370888,638071008.0,4.28,3.43,0.16,4.92
格林美,2015-03-24,4.85,4.8,4.91,4.66,357074,621293952.0,5.18,-0.62,-0.03,4.74
格林美,2015-03-25,4.83,5.07,5.13,4.81,425494,766291328.0,6.67,5.63,0.27,5.65
格林美,2015-03-26,5.04,4.97,5.21,4.9,345926,628776912.0,6.11,-1.97,-0.1,4.59
格林美,2015-03-27,4.98,4.99,5.06,4.91,185188,334350288.0,3.02,0.4,0.02,2.46
格林美,2015-03-30,5.03,5.25,5.31,5.01,352544,660095456.0,6.01,5.21,0.26,4.68
格林美,2015-03-31,5.34,5.28,5.42,5.18,435397,831921296.0,4.57,0.57,0.03,5.78
格林美,2015-04-01,5.3,5.33,5.4,5.22,324701,621019456.0,3.41,0.95,0.05,4.31
格林美,2015-04-02,5.33,5.53,5.63,5.24,518723,1009203696.0,7.32,3.75,0.2,6.88
格林美,2015-04-03,5.53,5.59,5.65,5.44,359064,717638288.0,3.8,1.08,0.06,4.77
格林美,2015-04-07,5.59,5.6,5.81,5.51,445161,896529024.0,5.37,0.18,0.01,5.91
格林美,2015-04-08,5.64,5.42,5.72,5.33,433445,860904064.0,6.96,-3.21,-0.18,5.75
格林美,2015-04-09,5.43,5.26,5.48,5.0,428495,804921840.0,8.86,-2.95,-0.16,5.69
格林美,2015-04-10,5.24,5.3,5.35,5.16,223709,426720416.0,3.61,0.76,0.04,2.97
格林美,2015-04-13,5.31,5.87,5.87,5.26,548980,1116113008.0,11.51,10.75,0.57,7.29
格林美,2015-04-14,5.96,5.84,6.13,5.76,520609,1103180512.0,6.3,-0.51,-0.03,6.91
格林美,2015-04-15,5.78,5.48,5.78,5.45,314196,630988224.0,5.65,-6.16,-0.36,4.17
格林美,2015-04-16,5.38,5.69,5.74,5.31,325477,656326160.0,7.85,3.83,0.21,4.32
格林美,2015-04-17,5.82,5.64,5.93,5.59,351023,720470336.0,5.98,-0.88,-0.05,4.66
格林美,2015-04-20,5.54,5.46,5.72,5.44,341550,678692448.0,4.96,-3.19,-0.18,4.53
格林美,2015-04-21,5.51,5.72,5.75,5.51,345922,701841120.0,4.4,4.76,0.26,4.59
格林美,2015-04-22,5.72,5.91,6.04,5.66,456099,950007936.0,6.64,3.32,0.19,6.05
格林美,2015-04-23,5.97,5.94,6.1,5.81,465446,986660320.0,4.91,0.51,0.03,6.18
格林美,2015-04-24,5.8,5.77,5.92,5.63,368089,764061456.0,4.88,-2.86,-0.17,4.89
格林美,2015-04-27,5.83,5.71,5.93,5.64,322365,664288400.0,5.03,-1.04,-0.06,4.28
格林美,2015-04-28,5.71,5.4,5.74,5.37,360265,714778352.0,6.48,-5.43,-0.31,4.78
格林美,2015-04-29,5.32,5.48,5.56,5.32,209716,411367920.0,4.44,1.48,0.08,2.78
格林美,2015-04-30,5.5,5.53,5.76,5.46,215172,430453888.0,5.47,0.91,0.05,2.86
格林美,2015-05-04,5.46,5.52,5.6,5.46,157517,312965152.0,2.53,-0.18,-0.01,2.09
格林美,2015-05-05,5.53,5.2,5.57,5.16,292558,561143984.0,7.43,-5.8,-0.32,3.88
格林美,2015-05-06,5.2,5.04,5.29,4.99,207897,388311152.0,5.77,-3.08,-0.16,2.76
格林美,2015-05-07,5.07,5.07,5.18,5.01,178104,325829600.0,3.37,0.6,0.03,2.36
格林美,2015-05-08,5.15,5.26,5.27,5.08,186080,346728528.0,3.75,3.75,0.19,2.47
格林美,2015-05-11,5.35,5.6,5.75,5.26,332091,656421760.0,9.32,6.46,0.34,4.41
格林美,2015-05-12,5.6,5.64,5.71,5.54,308340,620776976.0,3.04,0.71,0.04,4.09
格林美,2015-05-13,5.64,5.8,5.83,5.53,390471,797850448.0,5.32,2.84,0.16,5.18
格林美,2015-05-14,5.9,5.83,6.0,5.73,380222,795548016.0,4.66,0.52,0.03,5.05
格林美,2015-05-15,5.86,5.64,5.86,5.56,286841,448326224.0,5.15,-3.26,-0.19,2.93
格林美,2015-05-18,5.61,5.84,5.89,5.58,423636,673969824.0,5.5,3.55,0.2,4.33
格林美,2015-05-19,5.84,5.87,5.93,5.7,461031,738554592.0,3.94,0.51,0.03,4.71
格林美,2015-05-20,6.01,6.11,6.35,5.91,658490,1103722064.0,7.5,4.09,0.24,6.72
格林美,2015-05-21,6.11,6.36,6.45,6.05,469834,810818960.0,6.55,4.09,0.25,4.8
格林美,2015-05-22,6.39,6.66,6.84,6.16,657247,1168600672.0,10.69,4.72,0.3,6.71
格林美,2015-05-25,6.51,6.61,6.69,6.42,546043,982043600.0,4.05,-0.75,-0.05,5.57
格林美,2015-05-26,6.63,6.7,6.82,6.49,637970,1161323072.0,4.99,1.36,0.09,6.51
格林美,2015-05-27,6.69,6.56,6.69,6.43,569097,1017029392.0,3.88,-2.09,-0.14,5.81
格林美,2015-05-28,6.52,6.01,6.77,5.99,635494,1128461904.0,11.89,-8.38,-0.55,6.49
格林美,2015-05-29,6.01,6.18,6.31,5.81,516384,870111904.0,8.32,2.83,0.17,4.42
格林美,2015-06-01,6.19,6.44,6.46,6.08,452333,787131600.0,6.15,4.21,0.26,3.87
格林美,2015-06-02,6.44,7.08,7.12,6.44,783440,1444859808.0,10.56,9.94,0.64,6.7
格林美,2015-06-03,7.1,6.93,7.35,6.85,680258,1310555936.0,7.06,-2.12,-0.15,5.82
格林美,2015-06-04,6.96,6.78,7.08,6.39,589669,1097115568.0,9.96,-2.16,-0.15,5.05
格林美,2015-06-05,6.89,7.12,7.35,6.89,713365,1383120512.0,6.78,5.01,0.34,6.1
格林美,2015-06-08,7.17,6.82,7.23,6.78,800191,1512141216.0,6.32,-4.21,-0.3,6.85
格林美,2015-06-09,6.78,6.69,6.84,6.55,544835,996382416.0,4.25,-1.91,-0.13,4.66
格林美,2015-06-10,6.69,6.82,6.96,6.58,508587,946896976.0,5.68,1.94,0.13,4.35
格林美,2015-06-11,6.97,6.85,7.08,6.84,542297,1024833264.0,3.52,0.44,0.03,4.64
格林美,2015-06-12,6.87,6.85,6.92,6.78,603217,1126914336.0,2.04,0.0,0.0,5.16
格林美,2015-06-15,6.89,7.22,7.27,6.77,1088759,2074508128.0,7.3,5.4,0.37,9.32
格林美,2015-06-16,7.07,6.77,7.07,6.66,668674,1255947376.0,5.68,-6.23,-0.45,5.72
格林美,2015-06-17,6.72,6.76,6.84,6.34,487899,875578592.0,7.39,-0.15,-0.01,4.18
格林美,2015-06-18,6.65,6.36,6.74,6.34,406551,728864864.0,5.92,-5.92,-0.4,3.48
格林美,2015-06-19,6.19,5.82,6.31,5.76,363346,607988944.0,8.65,-8.49,-0.54,3.11
格林美,2015-06-23,5.92,6.03,6.11,5.26,523410,834571632.0,14.6,3.61,0.21,4.48
格林美,2015-06-24,6.12,6.16,6.26,5.97,414266,696306320.0,4.81,2.16,0.13,3.54
格林美,2015-06-25,6.18,5.83,6.24,5.64,358407,592877104.0,9.74,-5.36,-0.33,3.07
格林美,2015-06-26,5.51,5.21,5.72,5.21,528071,793824464.0,8.75,-10.63,-0.62,4.52
格林美,2015-06-29,5.45,4.98,5.48,4.66,687329,968103200.0,15.74,-4.41,-0.23,5.88
格林美,2015-06-30,5.04,5.51,5.51,4.66,604024,855569376.0,17.07,10.64,0.53,5.17
格林美,2015-07-01,5.52,5.41,5.86,5.29,679019,1056138928.0,10.34,-1.81,-0.1,5.81
格林美,2015-07-02,5.44,4.97,5.56,4.85,540486,785803088.0,13.12,-8.13,-0.44,4.63
格林美,2015-07-03,4.84,4.47,5.22,4.44,697467,902589744.0,15.69,-10.06,-0.5,5.97
格林美,2015-07-06,4.95,4.55,4.95,4.36,439677,583195760.0,13.2,1.79,0.08,3.76
格林美,2015-07-10,4.66,5.04,5.04,4.66,484682,670659936.0,8.35,10.77,0.49,4.15
格林美,2015-07-13,5.49,5.57,5.57,5.21,851872,1279062768.0,7.14,10.52,0.53,7.29
格林美,2015-07-14,5.56,5.61,5.99,5.37,1069231,1685201936.0,11.13,0.72,0.04,9.15
格林美,2015-07-15,5.43,5.02,5.57,5.02,630056,911323760.0,9.8,-10.52,-0.59,5.39
格林美,2015-07-16,5.02,5.16,5.31,4.69,525957,741464432.0,12.35,2.79,0.14,4.5
格林美,2015-07-17,5.19,5.43,5.54,5.16,495188,733227680.0,7.36,5.23,0.27,4.24
格林美,2015-07-20,5.44,5.44,5.63,5.33,527043,795073024.0,5.52,0.18,0.01,4.51
格林美,2015-07-21,5.29,5.42,5.49,5.21,427663,637124208.0,5.15,-0.37,-0.02,3.66
格林美,2015-07-22,5.43,5.49,5.59,5.37,426571,645256512.0,4.06,1.29,0.07,3.65
格林美,2015-07-23,5.49,5.61,5.67,5.42,554731,849546848.0,4.55,2.19,0.12,4.75
格林美,2015-07-24,5.58,5.85,6.02,5.54,1070113,1701905776.0,8.56,4.28,0.24,9.16
格林美,2015-07-27,5.7,5.27,6.04,5.23,1068679,1703253824.0,13.85,-9.91,-0.58,9.14
格林美,2015-07-28,5.04,5.43,5.52,4.89,828530,1196973600.0,11.95,3.04,0.16,7.09
格林美,2015-07-29,5.51,5.76,5.76,5.31,567885,865066272.0,8.29,6.08,0.33,4.86
格林美,2015-07-30,5.74,5.45,5.89,5.43,668885,1055372464.0,7.99,-5.38,-0.31,5.72
格林美,2015-07-31,5.33,5.47,5.56,5.33,489927,735676496.0,4.22,0.37,0.02,4.19
格林美,2015-08-03,5.43,5.55,5.66,5.14,554032,834511376.0,9.51,1.46,0.08,4.74
格林美,2015-08-04,5.57,5.79,5.8,5.51,515527,805219776.0,5.23,4.32,0.24,4.41
格林美,2015-08-05,5.74,5.62,5.87,5.62,500536,787589552.0,4.32,-2.94,-0.17,4.28
格林美,2015-08-06,5.47,5.56,5.74,5.43,311074,480880432.0,5.52,-1.07,-0.06,2.66
格林美,2015-08-07,5.62,5.68,5.74,5.58,354139,552800400.0,2.88,2.16,0.12,3.03
格林美,2015-08-10,5.71,5.91,5.95,5.67,631581,1013711504.0,4.93,4.05,0.23,5.4
格林美,2015-08-11,5.82,5.85,5.95,5.77,547210,881587104.0,3.05,-1.02,-0.06,4.68
格林美,2015-08-12,5.76,5.64,5.83,5.62,367698,580118304.0,3.59,-3.59,-0.21,3.15
格林美,2015-08-13,5.6,5.74,5.74,5.52,278766,433677712.0,3.9,1.77,0.1,2.39
格林美,2015-08-14,5.76,5.74,5.91,5.72,349767,559910976.0,3.31,0.0,0.0,2.99
格林美,2015-08-17,5.73,5.69,5.73,5.57,300692,468351424.0,2.79,-0.87,-0.05,2.57
格林美,2015-08-18,5.71,5.09,5.74,5.09,491981,739546496.0,11.42,-10.54,-0.6,4.21
格林美,2015-08-19,4.98,5.08,5.14,4.56,510527,700076912.0,11.39,-0.2,-0.01,4.37
格林美,2015-08-20,5.01,4.98,5.22,4.96,365505,515609168.0,5.12,-1.97,-0.1,3.13
格林美,2015-08-21,4.86,4.45,4.96,4.45,456274,593713872.0,10.24,-10.64,-0.53,3.9
格林美,2015-08-24,4.27,3.97,4.33,3.97,361063,409806288.0,8.09,-10.79,-0.48,3.09
格林美,2015-08-25,3.54,3.54,3.69,3.54,589822,598908416.0,3.78,-10.83,-0.43,5.05
格林美,2015-08-26,3.57,3.22,3.72,3.2,530039,528772976.0,14.69,-9.04,-0.32,4.54
格林美,2015-08-27,3.37,3.42,3.45,3.15,377345,360709216.0,9.32,6.21,0.2,3.23
格林美,2015-08-28,3.54,3.7,3.71,3.47,447560,456903568.0,7.02,8.19,0.28,3.83
格林美,2015-08-31,3.7,3.51,3.7,3.51,317914,325404432.0,5.14,-5.14,-0.19,2.72
格林美,2015-09-01,3.51,3.34,3.6,3.25,405300,400598112.0,9.97,-4.84,-0.17,3.47
格林美,2015-09-02,3.16,3.43,3.47,3.09,414393,395533472.0,11.38,2.69,0.09,3.55
格林美,2015-09-07,3.5,3.52,3.66,3.46,312417,317717424.0,5.83,2.62,0.09,2.67
格林美,2015-09-08,3.49,3.67,3.7,3.46,268622,274225440.0,6.82,4.26,0.15,2.3
格林美,2015-09-09,3.71,4.01,4.07,3.7,591718,656358784.0,10.08,9.26,0.34,5.06
格林美,2015-09-10,3.89,3.84,3.99,3.82,291586,322174096.0,4.24,-4.24,-0.17,2.5
格林美,2015-09-11,4.01,3.93,4.07,3.88,336017,375891488.0,4.95,2.34,0.09,2.88
格林美,2015-09-14,3.95,3.51,3.95,3.51,386213,402490720.0,11.2,-10.69,-0.42,3.3
格林美,2015-09-15,3.35,3.27,3.57,3.21,296214,288709632.0,10.26,-6.84,-0.24,2.53
格林美,2015-09-16,3.35,3.63,3.64,3.29,305815,301983056.0,10.7,11.01,0.36,2.62
格林美,2015-09-17,3.61,3.62,3.88,3.52,455576,482517280.0,9.92,-0.28,-0.01,3.9
格林美,2015-09-18,3.66,3.79,3.84,3.64,296840,315002432.0,5.52,4.7,0.17,2.54
格林美,2015-09-21,3.7,3.94,3.96,3.68,308130,337009648.0,7.39,3.96,0.15,2.64
格林美,2015-09-22,3.97,3.88,3.99,3.82,297623,328968208.0,4.31,-1.52,-0.06,2.55
格林美,2015-09-23,3.8,3.91,4.02,3.77,314971,348683344.0,6.44,0.77,0.03,2.7
格林美,2015-09-24,3.95,3.88,3.99,3.82,234422,257646407.0,4.35,-0.77,-0.03,2.01
格林美,2015-09-25,3.88,3.66,3.88,3.63,261305,278015904.0,6.44,-5.67,-0.22,2.24
格林美,2015-09-28,3.62,3.75,3.77,3.62,148315,156257070.0,4.1,2.46,0.09,1.27
格林美,2015-09-29,3.67,3.6,3.72,3.56,190980,197126342.0,4.27,-4.0,-0.15,1.63
格林美,2015-09-30,3.66,3.64,3.71,3.62,120278,125318922.0,2.5,1.11,0.04,1.03
格林美,2015-10-08,3.81,3.89,3.94,3.75,284653,310835152.0,5.22,6.87,0.25,2.44
格林美,2015-10-09,3.89,4.14,4.27,3.86,410058,471899344.0,10.54,6.43,0.25,3.51
格林美,2015-10-12,4.18,4.36,4.42,4.16,426402,514952720.0,6.28,5.31,0.22,3.65
格林美,2015-10-13,4.29,4.42,4.46,4.28,359374,442911136.0,4.13,1.38,0.06,3.08
格林美,2015-10-14,4.39,4.29,4.49,4.28,350237,429284352.0,4.75,-2.94,-0.13,3.0
格林美,2015-10-15,4.29,4.41,4.44,4.28,270597,331484672.0,3.73,2.8,0.12,2.32
格林美,2015-10-16,4.45,4.73,4.87,4.34,567440,729462064.0,12.02,7.26,0.32,4.86
格林美,2015-10-19,4.75,4.62,4.79,4.57,431625,563910864.0,4.65,-2.33,-0.11,3.69
格林美,2015-10-20,4.7,4.69,4.72,4.6,281773,366703088.0,2.6,1.52,0.07,2.41
格林美,2015-10-21,4.71,4.38,4.82,4.28,496069,635474320.0,11.51,-6.61,-0.31,4.24
格林美,2015-10-22,4.42,4.56,4.58,4.27,324567,404225776.0,7.08,4.11,0.18,2.78
格林美,2015-10-23,4.62,4.79,4.83,4.51,423625,551764816.0,7.02,5.04,0.23,3.63
格林美,2015-10-26,4.91,4.83,4.91,4.74,411726,553735072.0,3.55,0.84,0.04,3.52
格林美,2015-10-27,4.76,4.79,4.82,4.46,502816,652102272.0,7.45,-0.83,-0.04,4.3
格林美,2015-10-28,4.77,4.55,4.81,4.52,417065,542386496.0,6.05,-5.01,-0.24,3.57
格林美,2015-10-29,4.61,4.61,4.66,4.53,212636,273367424.0,2.86,1.32,0.06,1.82
格林美,2015-10-30,4.72,4.75,5.02,4.7,561039,756379056.0,6.94,3.04,0.14,4.8
格林美,2015-11-02,4.67,4.7,4.93,4.65,400212,535628688.0,5.89,-1.05,-0.05,3.42
格林美,2015-11-03,4.71,4.84,4.95,4.56,465168,619851984.0,8.3,2.98,0.14,3.98
格林美,2015-11-04,4.84,5.12,5.12,4.81,560824,784152624.0,6.4,5.79,0.28,4.8
格林美,2015-11-05,5.04,5.02,5.28,5.01,596165,844860960.0,5.27,-1.95,-0.1,5.1
格林美,2015-11-06,5.02,5.09,5.14,4.99,395818,557766496.0,2.99,1.39,0.07,3.39
格林美,2015-11-09,5.09,5.14,5.19,4.97,443557,629102432.0,4.32,0.98,0.05,3.8
格林美,2015-11-10,5.09,5.25,5.36,4.99,603599,860304176.0,7.2,2.14,0.11,5.17
格林美,2015-11-11,5.2,5.55,5.81,5.14,749712,1133784528.0,12.76,5.71,0.3,6.43
格林美,2015-11-12,5.62,5.68,5.93,5.51,791835,1252415904.0,7.57,2.34,0.13,6.79
格林美,2015-11-13,5.56,5.48,5.73,5.36,541836,829731200.0,6.51,-3.52,-0.2,4.64
格林美,2015-11-16,5.3,5.51,5.53,5.27,310615,465224432.0,4.74,0.55,0.03,2.66
格林美,2015-11-17,5.65,5.36,5.71,5.34,482216,734054016.0,6.72,-2.72,-0.15,4.13
格林美,2015-11-18,5.34,5.12,5.42,5.09,381778,553866608.0,6.16,-4.48,-0.24,3.27
格林美,2015-11-19,5.16,5.66,5.66,5.12,798024,1215494480.0,10.55,10.55,0.54,6.84
格林美,2015-11-20,5.65,5.82,5.95,5.54,1198230,1893478576.0,7.24,2.83,0.16,10.27
格林美,2015-11-23,5.73,5.6,5.81,5.55,487006,762764960.0,4.47,-3.78,-0.22,4.17
格林美,2015-11-24,5.66,5.67,5.69,5.54,282061,438226512.0,2.68,1.25,0.07,2.42
格林美,2015-11-25,5.67,5.7,5.76,5.59,333329,521604784.0,3.0,0.53,0.03,2.86
格林美,2015-11-26,5.7,5.72,5.95,5.64,570320,911620816.0,5.44,0.35,0.02,4.89
格林美,2015-11-27,5.62,5.3,5.86,5.2,657257,1020651120.0,11.54,-7.34,-0.42,5.63
格林美,2015-11-30,5.37,5.8,5.81,5.06,675452,1010281376.0,14.15,9.43,0.5,5.79
格林美,2015-12-01,5.7,5.63,5.95,5.49,602357,952587056.0,7.93,-2.93,-0.17,5.16
格林美,2015-12-02,5.59,5.49,5.61,5.24,381940,571453456.0,6.57,-2.49,-0.14,3.27
格林美,2015-12-03,5.49,5.63,5.69,5.47,323955,499150416.0,4.01,2.55,0.14,2.78
格林美,2015-12-04,5.56,5.47,5.62,5.38,404468,614564736.0,4.26,-2.84,-0.16,3.47
格林美,2015-12-07,5.47,5.46,5.54,5.38,272172,409929136.0,2.93,-0.18,-0.01,2.33
格林美,2015-12-08,5.39,5.15,5.41,5.13,386698,562017904.0,5.13,-5.68,-0.31,3.31
格林美,2015-12-09,5.15,5.22,5.34,5.09,244773,354893872.0,4.85,1.36,0.07,2.1
格林美,2015-12-10,5.2,5.07,5.21,5.07,320321,455017696.0,2.68,-2.87,-0.15,2.75
格林美,2015-12-11,5.07,5.07,5.14,5.01,187716,264663726.0,2.56,0.0,0.0,1.61
格林美,2015-12-14,5.0,5.26,5.28,5.0,276078,396823936.0,5.52,3.75,0.19,2.37
格林美,2015-12-15,5.26,5.22,5.29,5.19,239610,347132048.0,1.9,-0.76,-0.04,2.05
格林美,2015-12-16,5.27,5.23,5.34,5.21,195776,285350672.0,2.49,0.19,0.01,1.68
格林美,2015-12-17,5.27,5.34,5.41,5.27,307106,453010832.0,2.68,2.1,0.11,2.63
格林美,2015-12-18,5.34,5.43,5.54,5.18,481360,716468656.0,6.74,1.69,0.09,4.13
格林美,2015-12-21,5.36,5.4,5.47,5.3,304692,454087952.0,3.13,-0.55,-0.03,2.61
格林美,2015-12-22,5.41,5.49,5.5,5.39,286586,430874336.0,2.04,1.67,0.09,2.46
格林美,2015-12-23,5.49,5.48,5.52,5.36,341272,511954896.0,2.91,-0.18,-0.01,2.93
格林美,2015-12-24,5.49,5.4,5.49,5.32,212524,317233280.0,3.1,-1.46,-0.08,1.82
格林美,2015-12-25,5.4,5.57,5.6,5.35,331688,499950480.0,4.63,3.15,0.17,2.84
格林美,2015-12-28,5.61,5.51,5.73,5.47,573321,887527152.0,4.67,-1.08,-0.06,4.91
格林美,2016-01-06,5.18,5.35,5.37,5.16,454060,662300288.0,3.81,-2.9,-0.16,3.89
格林美,2016-01-07,5.2,4.78,5.22,4.78,107540,147310323.0,8.22,-10.65,-0.57,0.92
格林美,2016-01-08,4.66,4.63,4.87,4.32,423888,548456448.0,11.51,-3.14,-0.15,3.63
格林美,2016-01-11,4.47,4.13,4.59,4.13,293732,356037824.0,9.94,-10.8,-0.5,2.52
格林美,2016-01-12,4.04,3.96,4.14,3.79,332956,373000800.0,8.47,-4.12,-0.17,2.85
格林美,2016-01-13,4.07,3.88,4.14,3.86,269500,306650432.0,7.07,-2.02,-0.08,2.31
格林美,2016-01-14,3.7,4.04,4.08,3.69,280494,312983008.0,10.05,4.12,0.16,2.4
格林美,2016-01-15,4.02,4.09,4.27,3.97,424036,490859088.0,7.43,1.24,0.05,3.63
格林美,2016-01-18,3.89,4.09,4.2,3.89,279775,321329872.0,7.58,0.0,0.0,2.4
格林美,2016-01-19,4.14,4.26,4.31,4.1,344940,409588048.0,5.13,4.16,0.17,2.96
格林美,2016-01-20,4.27,4.15,4.31,4.12,290473,343645632.0,4.46,-2.58,-0.11,2.49
格林美,2016-01-21,4.07,3.86,4.15,3.86,321069,363302800.0,6.99,-6.99,-0.29,2.75
格林美,2016-01-22,3.94,3.96,3.97,3.74,226954,249370205.0,5.96,2.59,0.1,1.95
格林美,2016-01-25,3.99,3.95,4.02,3.91,203533,227509286.0,2.78,-0.25,-0.01,1.74
格林美,2016-01-26,3.87,3.52,3.89,3.52,322747,337722448.0,9.37,-10.89,-0.43,2.77
格林美,2016-01-27,3.53,3.43,3.56,3.26,288992,281269760.0,8.52,-2.56,-0.09,2.48
格林美,2016-01-28,3.4,3.31,3.51,3.27,225776,221407714.0,7.0,-3.5,-0.12,1.94
格林美,2016-01-29,3.34,3.51,3.57,3.31,199542,196724673.0,7.85,6.04,0.2,1.71
格林美,2016-02-01,3.39,3.33,3.49,3.24,323860,310916416.0,7.12,-5.13,-0.18,2.78
格林美,2016-02-02,3.36,3.46,3.48,3.34,238394,233874321.0,4.2,3.9,0.13,2.04
格林美,2016-02-03,3.39,3.56,3.6,3.36,281981,279780752.0,6.94,2.89,0.1,2.42
格林美,2016-02-04,3.57,3.66,3.71,3.54,281617,291933856.0,4.78,2.81,0.1,2.41
格林美,2016-02-05,3.68,3.57,3.71,3.55,171782,177582610.0,4.37,-2.46,-0.09,1.47
格林美,2016-02-15,3.44,3.64,3.69,3.42,182863,185902357.0,7.56,1.96,0.07,1.57
格林美,2016-02-16,3.66,3.76,3.78,3.62,249957,264266918.0,4.4,3.3,0.12,2.14
格林美,2016-02-17,3.72,3.77,3.81,3.66,215399,228472682.0,3.99,0.27,0.01,1.85
格林美,2016-02-18,3.78,3.69,3.81,3.68,256153,271968736.0,3.45,-2.12,-0.08,2.2
格林美,2016-02-19,3.69,3.67,3.73,3.63,171532,179601368.0,2.71,-0.54,-0.02,1.47
格林美,2016-02-22,3.74,3.78,3.81,3.7,259270,276526064.0,3.0,3.0,0.11,2.22
格林美,2016-02-23,3.77,3.77,3.86,3.71,279430,299894800.0,3.97,-0.26,-0.01,2.4
格林美,2016-02-24,3.76,3.74,3.79,3.64,234441,246990808.0,3.98,-0.8,-0.03,2.01
格林美,2016-02-25,3.79,3.34,3.83,3.34,443727,454509616.0,13.1,-10.7,-0.4,3.8
格林美,2016-02-26,3.4,3.34,3.43,3.26,246638,236915804.0,5.09,0.0,0.0,2.11
格林美,2016-02-29,3.35,3.04,3.37,2.97,372494,332985888.0,11.98,-8.98,-0.3,3.19
格林美,2016-03-01,3.06,3.17,3.21,3.02,271302,245918646.0,6.25,4.28,0.13,2.33
格林美,2016-03-02,3.15,3.38,3.41,3.15,347640,328793200.0,8.2,6.62,0.21,2.98
格林美,2016-03-03,3.47,3.52,3.75,3.44,547623,558127728.0,9.17,4.14,0.14,4.69
格林美,2016-03-04,3.51,3.48,3.69,3.39,421294,425991424.0,8.52,-1.14,-0.04,3.61
格林美,2016-03-07,3.57,3.61,3.67,3.53,319022,326777216.0,4.02,3.74,0.13,2.73
格林美,2016-03-08,3.66,3.59,3.66,3.44,315241,318225792.0,6.09,-0.55,-0.02,2.7
格林美,2016-03-09,3.46,3.39,3.5,3.38,269422,264533050.0,3.34,-5.57,-0.2,2.31
格林美,2016-03-10,3.42,3.31,3.44,3.29,198580,191621066.0,4.42,-2.36,-0.08,1.7
格林美,2016-03-11,3.23,3.29,3.33,3.23,142105,133816156.0,3.02,-0.6,-0.02,1.22
格林美,2016-03-14,3.36,3.43,3.49,3.36,232123,228222231.0,3.95,4.26,0.14,1.99
格林美,2016-03-15,3.42,3.41,3.51,3.4,210165,206879060.0,3.21,-0.58,-0.02,1.8
格林美,2016-03-16,3.45,3.36,3.47,3.32,180881,175231723.0,4.4,-1.47,-0.05,1.55
格林美,2016-03-17,3.4,3.57,3.57,3.37,350694,349862720.0,5.95,6.25,0.21,3.01
格林美,2016-03-18,3.58,3.69,3.76,3.58,410382,428076800.0,5.04,3.36,0.12,3.52
格林美,2016-03-21,3.73,3.76,3.76,3.67,389507,410583920.0,2.44,1.9,0.07,3.34
格林美,2016-03-22,3.7,3.72,3.81,3.68,332823,353167072.0,3.46,-1.06,-0.04,2.85
格林美,2016-03-23,3.7,3.74,3.76,3.66,269452,283759616.0,2.69,0.54,0.02,2.31
格林美,2016-03-24,3.69,3.61,3.69,3.61,280280,290459504.0,2.14,-3.48,-0.13,2.4
格林美,2016-03-25,3.6,3.64,3.64,3.58,192790,198069372.0,1.66,0.83,0.03,1.65
格林美,2016-03-28,3.66,3.61,3.74,3.59,259019,270678416.0,4.12,-0.82,-0.03,2.22
格林美,2016-03-29,3.62,3.57,3.67,3.54,212894,217846273.0,3.6,-1.11,-0.04,1.82
格林美,2016-03-30,3.62,3.72,3.72,3.6,284941,297446544.0,3.36,4.2,0.15,2.44
格林美,2016-03-31,3.75,3.73,3.8,3.7,294864,313561904.0,2.69,0.27,0.01,2.53
格林美,2016-04-01,3.72,3.68,3.76,3.61,201144,209925301.0,4.02,-1.34,-0.05,1.72
格林美,2016-04-05,3.7,3.93,3.94,3.69,489327,533718176.0,6.79,6.79,0.25,4.19
格林美,2016-04-06,3.91,4.01,4.21,3.88,639368,730882256.0,8.4,2.04,0.08,5.48
格林美,2016-04-07,4.03,3.93,4.1,3.87,545721,611914032.0,5.74,-2.0,-0.08,4.68
格林美,2016-04-08,3.89,3.99,4.06,3.86,436928,490762368.0,5.09,1.53,0.06,3.74
格林美,2016-04-11,4.03,4.04,4.11,4.0,363881,416635504.0,2.76,1.25,0.05,3.12
格林美,2016-04-12,4.04,3.94,4.05,3.87,304461,339109632.0,4.46,-2.48,-0.1,2.61
格林美,2016-04-13,4.0,4.03,4.15,3.98,444352,510129616.0,4.31,2.28,0.09,3.81
格林美,2016-04-14,4.05,4.08,4.09,4.01,255288,291186288.0,1.99,1.24,0.05,2.19
格林美,2016-04-15,4.09,4.07,4.11,4.0,275635,314438992.0,2.7,-0.25,-0.01,2.36
格林美,2016-04-18,4.02,3.94,4.02,3.91,238939,267094487.0,2.7,-3.19,-0.13,2.05
格林美,2016-04-19,3.97,3.94,4.0,3.91,184354,205547618.0,2.28,0.0,0.0,1.58
格林美,2016-04-20,3.98,3.67,4.06,3.57,485657,524474176.0,12.44,-6.85,-0.27,4.16
格林美,2016-04-21,3.69,3.64,3.79,3.61,318251,334563424.0,4.9,-0.82,-0.03,2.73
格林美,2016-04-22,3.61,3.65,3.66,3.54,229692,235494005.0,3.3,0.27,0.01,1.97
格林美,2016-04-25,3.73,3.76,3.79,3.65,291589,308530160.0,3.84,3.01,0.11,2.5
格林美,2016-04-26,3.79,3.8,3.87,3.74,263209,283862720.0,3.46,1.06,0.04,2.26
格林美,2016-04-27,3.89,3.87,3.99,3.85,353051,392139104.0,3.68,1.84,0.07,3.03
格林美,2016-04-28,3.84,3.84,3.89,3.72,233532,252139682.0,4.39,-0.78,-0.03,2.0
格林美,2016-04-29,3.83,3.88,3.95,3.82,200518,221080435.0,3.39,1.04,0.04,1.72
格林美,2016-05-03,3.91,4.07,4.1,3.88,375881,426603296.0,5.67,4.9,0.19,3.22
格林美,2016-05-04,4.04,4.04,4.12,4.02,334326,384163120.0,2.46,-0.74,-0.03,2.87
格林美,2016-05-05,4.04,4.32,4.37,4.01,678959,806949824.0,8.91,6.93,0.28,5.82
格林美,2016-05-06,4.27,4.08,4.38,4.07,656865,778219328.0,7.18,-5.56,-0.24,5.63
格林美,2016-05-09,4.01,4.26,4.4,3.91,841447,1001376112.0,12.01,4.41,0.18,7.21
格林美,2016-05-10,4.2,4.37,4.45,4.04,729769,875242880.0,9.62,2.58,0.11,6.25
格林美,2016-05-11,4.41,4.26,4.47,4.24,578228,705047904.0,5.26,-2.52,-0.11,4.96
格林美,2016-05-12,4.12,4.52,4.52,4.07,726777,886950624.0,10.56,6.1,0.26,6.23
格林美,2016-05-13,4.51,4.76,4.98,4.47,1180615,1575805520.0,11.28,5.31,0.24,10.12
格林美,2016-05-16,4.7,5.27,5.27,4.67,1399150,1974617568.0,12.61,10.71,0.51,11.99
格林美,2016-05-17,5.31,4.96,5.37,4.94,1367966,1965563904.0,8.16,-5.88,-0.31,11.72
格林美,2016-05-18,4.85,4.75,4.98,4.59,922927,1234302384.0,7.86,-4.23,-0.21,7.91
格林美,2016-05-19,4.76,5.04,5.07,4.72,915351,1249988720.0,7.37,6.11,0.29,7.85
格林美,2016-05-20,4.92,4.88,5.14,4.76,788903,1082541888.0,7.54,-3.17,-0.16,6.76
格林美,2016-05-23,4.88,4.98,5.06,4.82,723583,990989888.0,4.92,2.05,0.1,6.2
格林美,2016-05-24,4.98,5.16,5.26,4.88,1101304,1549204768.0,7.63,3.61,0.18,9.44
格林美,2016-05-25,5.15,5.03,5.26,4.99,937566,1334303728.0,5.23,-2.52,-0.13,8.04
格林美,2016-05-26,5.02,5.02,5.12,4.74,663439,906180352.0,7.55,-0.2,-0.01,5.69
格林美,2016-05-27,4.97,4.81,5.01,4.78,591281,802416992.0,4.58,-4.18,-0.21,5.07
格林美,2016-05-30,4.81,4.73,4.84,4.66,430247,570768736.0,3.74,-1.66,-0.08,3.69
格林美,2016-05-31,4.84,5.09,5.11,4.79,737045,1024134496.0,6.77,7.61,0.36,6.32
格林美,2016-06-01,5.1,5.35,5.64,5.1,2570533,1907122304.0,10.61,5.11,0.26,11.02
格林美,2016-06-02,5.28,5.32,5.54,5.21,1915765,1419290016.0,6.17,-0.56,-0.03,8.21
格林美,2016-06-03,5.36,5.31,5.45,5.24,1416060,1043708016.0,3.95,-0.19,-0.01,6.07
格林美,2016-06-06,5.31,5.87,5.87,5.23,2627613,2010840688.0,12.05,10.55,0.56,11.26
格林美,2016-06-07,5.87,5.97,6.37,5.67,3625036,2980340752.0,11.93,1.7,0.1,15.54
格林美,2016-06-08,5.9,6.36,6.59,5.86,3195467,2724114032.0,12.23,6.53,0.39,13.7
格林美,2016-06-13,6.21,6.34,6.84,6.16,3633708,3222462432.0,10.69,-0.31,-0.02,15.58
格林美,2016-06-14,6.29,6.21,6.5,6.01,2369570,2033631280.0,7.73,-2.05,-0.13,10.16
格林美,2016-06-15,6.08,6.87,6.87,6.08,3984808,3625217568.0,12.72,10.63,0.66,17.08
格林美,2016-06-16,6.81,6.74,7.03,6.68,3568771,3316327856.0,5.09,-1.89,-0.13,15.3
格林美,2016-06-17,6.76,6.66,6.87,6.6,2333185,2135007744.0,4.01,-1.19,-0.08,10.0
格林美,2016-06-20,6.58,6.51,6.72,6.35,1883161,1676627136.0,5.56,-2.25,-0.15,8.07
格林美,2016-06-21,6.58,6.24,6.61,6.05,2280790,1975925200.0,8.6,-4.15,-0.27,9.78
格林美,2016-06-22,6.22,6.52,6.54,6.14,1996272,1736413776.0,6.41,4.49,0.28,8.56
格林美,2016-06-23,6.44,6.28,6.53,6.21,1335031,1156157392.0,4.91,-3.68,-0.24,5.72
格林美,2016-06-24,6.27,6.32,6.5,5.98,1788677,1546463168.0,8.28,0.64,0.04,7.67
格林美,2016-06-27,6.23,6.4,6.4,6.2,1298128,1121236608.0,3.16,1.27,0.08,5.56
格林美,2016-06-28,6.36,6.3,6.48,6.21,1375541,1187957472.0,4.22,-1.56,-0.1,5.9
格林美,2016-06-29,6.32,6.65,6.78,6.31,2896897,2599058704.0,7.46,5.56,0.35,12.42
格林美,2016-06-30,6.58,6.41,6.62,6.33,1781348,1568189072.0,4.36,-3.61,-0.24,7.64
格林美,2016-07-01,6.4,6.37,6.5,6.31,1126892,985883808.0,2.96,-0.62,-0.04,4.83
格林美,2016-07-04,6.32,6.44,6.57,6.28,1340871,1185788576.0,4.55,1.1,0.07,5.75
格林美,2016-07-05,6.51,6.44,6.54,6.33,1449253,1273835696.0,3.26,0.0,0.0,6.21
格林美,2016-07-06,6.34,6.61,6.72,6.32,2222580,1987287648.0,6.21,2.64,0.17,9.53
格林美,2016-07-07,6.63,7.05,7.23,6.63,3462839,3306892288.0,9.08,6.66,0.44,14.84
格林美,2016-07-08,6.9,6.73,7.03,6.72,1919352,1792877392.0,4.4,-4.54,-0.32,8.23
格林美,2016-07-11,6.71,6.64,6.85,6.61,1438462,1317113168.0,3.57,-1.34,-0.09,6.17
格林美,2016-07-12,6.65,6.57,6.73,6.32,1470931,1310003504.0,6.17,-1.05,-0.07,6.3
格林美,2016-07-13,6.66,6.59,6.69,6.47,1013694,908698080.0,3.35,0.3,0.02,4.35
格林美,2016-07-14,6.6,6.51,6.6,6.47,780398,694087712.0,1.97,-1.21,-0.08,3.35
格林美,2016-07-15,6.52,6.54,6.63,6.44,990281,882958576.0,2.92,0.46,0.03,4.24
格林美,2016-07-18,6.49,6.31,6.49,6.28,1183963,1031089568.0,3.21,-3.52,-0.23,5.07
格林美,2016-07-19,6.31,6.35,6.41,6.31,545356,473790816.0,1.58,0.63,0.04,2.34
格林美,2016-07-20,6.37,6.44,6.53,6.34,925399,816551728.0,2.99,1.42,0.09,3.97
格林美,2016-07-21,6.43,6.34,6.47,6.31,853800,743452224.0,2.48,-1.55,-0.1,3.66
格林美,2016-07-22,6.36,6.15,6.37,6.14,995156,848676352.0,3.63,-3.0,-0.19,4.27
格林美,2016-07-25,6.13,6.14,6.27,6.03,849533,715670160.0,3.9,-0.16,-0.01,3.64
格林美,2016-07-26,6.13,6.17,6.24,6.1,580072,490110512.0,2.28,0.49,0.03,2.49
格林美,2016-07-27,6.17,5.67,6.21,5.61,1343235,1081144576.0,9.72,-8.1,-0.5,5.76
格林美,2016-07-28,5.66,5.54,5.78,5.37,989855,758630864.0,7.23,-2.29,-0.13,4.24
格林美,2016-07-29,5.54,5.46,5.55,5.4,517547,390447248.0,2.71,-1.44,-0.08,2.22
格林美,2016-08-01,5.44,5.37,5.44,5.27,510278,376490352.0,3.11,-1.65,-0.09,2.19
格林美,2016-08-02,5.39,5.51,5.56,5.39,634394,480610816.0,3.17,2.61,0.14,2.72
格林美,2016-08-03,5.51,5.47,5.52,5.44,394663,297883936.0,1.45,-0.73,-0.04,1.69
格林美,2016-08-04,5.47,5.63,5.71,5.47,854150,658839504.0,4.39,2.93,0.16,3.66
格林美,2016-08-05,5.61,5.66,5.73,5.58,673498,523753136.0,2.66,0.53,0.03,2.89
格林美,2016-08-08,5.63,5.64,5.64,5.49,550886,423064080.0,2.65,-0.35,-0.02,2.36
格林美,2016-08-09,5.68,5.73,5.84,5.67,802610,635690160.0,3.01,1.6,0.09,3.44
格林美,2016-08-10,5.78,5.74,5.86,5.71,628338,499333184.0,2.62,0.17,0.01,2.69
格林美,2016-08-11,5.74,5.57,5.74,5.57,514995,398689072.0,2.96,-2.96,-0.17,2.21
格林美,2016-08-12,5.58,5.58,5.65,5.51,365299,280277792.0,2.51,0.18,0.01,1.57
格林美,2016-08-15,5.57,5.67,5.71,5.49,817839,634017248.0,3.94,1.61,0.09,3.51
格林美,2016-08-16,5.67,5.75,5.85,5.67,913882,725929824.0,3.17,1.41,0.08,3.92
格林美,2016-08-17,5.75,5.73,5.75,5.67,546650,428840704.0,1.39,-0.35,-0.02,2.34
格林美,2016-08-18,5.74,5.71,5.77,5.69,484533,380858480.0,1.4,-0.35,-0.02,2.08
格林美,2016-08-19,5.71,5.71,5.74,5.61,479744,375222384.0,2.28,0.0,0.0,2.06
格林美,2016-08-22,5.71,5.58,5.72,5.58,463077,359540080.0,2.45,-2.28,-0.13,1.98
格林美,2016-08-23,5.58,5.54,5.63,5.5,412553,315541664.0,2.33,-0.72,-0.04,1.77
格林美,2016-08-24,5.54,5.53,5.57,5.51,284341,217081395.0,1.08,-0.18,-0.01,1.22
格林美,2016-08-25,5.51,5.47,5.51,5.4,378482,284202880.0,1.99,-1.08,-0.06,1.62
格林美,2016-08-26,5.51,5.47,5.53,5.45,309026,233970045.0,1.46,0.0,0.0,1.32
格林美,2016-08-29,5.48,5.54,5.56,5.45,308595,234676601.0,2.01,1.28,0.07,1.32
格林美,2016-08-30,5.53,5.51,5.57,5.5,238167,181588092.0,1.26,-0.54,-0.03,1.02
格林美,2016-08-31,5.52,5.67,5.77,5.46,776142,602728720.0,5.63,2.9,0.16,3.33
格林美,2016-09-01,5.64,5.55,5.69,5.54,458812,354670352.0,2.65,-2.12,-0.12,1.97
格林美,2016-09-02,5.54,5.5,5.57,5.47,308587,234744355.0,1.8,-0.9,-0.05,1.32
格林美,2016-09-05,5.5,5.48,5.54,5.48,236116,179351752.0,1.09,-0.36,-0.02,1.01
格林美,2016-09-06,5.49,5.62,5.62,5.47,543724,417191760.0,2.74,2.55,0.14,2.33
格林美,2016-09-07,5.61,5.57,5.68,5.57,545368,423254192.0,1.96,-0.89,-0.05,2.34
格林美,2016-09-08,5.57,5.57,5.61,5.54,319598,245288383.0,1.26,0.0,0.0,1.37
格林美,2016-09-09,5.59,5.51,5.61,5.5,371433,284260640.0,1.97,-1.08,-0.06,1.59
格林美,2016-09-12,5.39,5.24,5.39,5.22,564556,414426576.0,3.09,-4.9,-0.27,2.42
格林美,2016-09-13,5.28,5.26,5.32,5.17,382525,277733744.0,2.86,0.38,0.02,1.64
格林美,2016-09-14,5.22,5.19,5.24,5.17,284496,204452013.0,1.33,-1.33,-0.07,1.22
格林美,2016-09-19,5.22,5.24,5.27,5.21,230931,167387489.0,1.16,0.96,0.05,0.99
格林美,2016-09-20,5.25,5.22,5.26,5.2,213144,153792969.0,1.15,-0.38,-0.02,0.91
格林美,2016-09-21,5.22,5.23,5.25,5.21,191015,138092890.0,0.77,0.19,0.01,0.82
格林美,2016-09-22,5.25,5.23,5.28,5.22,251517,182433418.0,1.15,0.0,0.0,1.08
格林美,2016-09-23,5.24,5.17,5.24,5.17,242493,174309574.0,1.34,-1.15,-0.06,1.04
格林美,2016-09-26,5.2,5.04,5.21,5.04,386625,274433920.0,3.29,-2.51,-0.13,1.66
格林美,2016-09-27,5.04,5.06,5.1,4.97,323070,225334646.0,2.58,0.4,0.02,1.38
格林美,2016-09-28,5.08,5.02,5.08,5.01,167068,116730605.0,1.38,-0.79,-0.04,0.72
格林美,2016-09-29,5.04,5.0,5.06,4.99,240959,167797268.0,1.39,-0.4,-0.02,1.03
格林美,2016-09-30,4.99,4.99,5.03,4.97,247302,171239946.0,1.2,-0.2,-0.01,1.06
格林美,2016-10-10,5.01,5.14,5.14,5.0,375085,264216012.0,2.81,3.01,0.15,1.61
格林美,2016-10-11,5.14,5.15,5.21,5.12,362371,259030696.0,1.75,0.19,0.01,1.55
格林美,2016-10-12,5.14,5.2,5.24,5.11,371452,267001353.0,2.52,0.97,0.05,1.59
格林美,2016-10-13,5.21,5.19,5.23,5.16,242436,173930642.0,1.35,-0.19,-0.01,1.04
格林美,2016-10-14,5.21,5.17,5.21,5.13,216067,154291728.0,1.54,-0.39,-0.02,0.93
格林美,2016-10-17,5.17,5.13,5.19,5.12,285075,203600502.0,1.35,-0.77,-0.04,1.22
格林美,2016-10-18,5.12,5.31,5.37,5.12,787176,572564864.0,4.87,3.51,0.18,3.37
格林美,2016-10-19,5.31,5.27,5.37,5.24,458077,334383712.0,2.45,-0.75,-0.04,1.96
格林美,2016-10-20,5.29,5.3,5.37,5.24,445528,327743696.0,2.47,0.57,0.03,1.91
格林美,2016-10-21,5.34,5.26,5.35,5.21,325810,236963871.0,2.64,-0.75,-0.04,1.4
格林美,2016-10-24,5.29,5.28,5.32,5.27,376738,275482896.0,0.95,0.38,0.02,1.61
格林美,2016-10-25,5.28,5.31,5.35,5.28,306180,224532563.0,1.33,0.57,0.03,1.31
格林美,2016-10-26,5.33,5.25,5.33,5.22,317025,230207592.0,2.07,-1.13,-0.06,1.36
格林美,2016-10-27,5.27,5.24,5.28,5.21,215449,156038726.0,1.33,-0.19,-0.01,0.92
格林美,2016-10-28,5.24,5.18,5.25,5.17,235671,169770555.0,1.53,-1.15,-0.06,1.01
格林美,2016-10-31,5.13,5.29,5.34,5.11,528846,383753008.0,4.44,2.12,0.11,2.27
格林美,2016-11-01,5.25,5.27,5.29,5.23,351117,255243937.0,1.13,-0.38,-0.02,1.51
格林美,2016-11-02,5.24,5.18,5.26,5.17,338771,244038632.0,1.71,-1.71,-0.09,1.45
格林美,2016-11-03,5.17,5.17,5.21,5.14,321919,230985852.0,1.35,-0.19,-0.01,1.38
格林美,2016-11-04,5.18,5.14,5.2,5.14,233504,166807540.0,1.16,-0.58,-0.03,1.0
格林美,2016-11-07,5.14,5.17,5.2,5.12,241281,172266979.0,1.56,0.58,0.03,1.03
格林美,2016-11-08,5.18,5.16,5.2,5.15,225738,161391148.0,0.97,-0.19,-0.01,0.97
格林美,2016-11-09,5.15,5.08,5.17,5.01,458460,323254304.0,3.1,-1.55,-0.08,1.97
格林美,2016-11-10,5.12,5.14,5.17,5.12,326649,232509611.0,0.98,1.18,0.06,1.4
格林美,2016-11-11,5.14,5.43,5.51,5.12,1418016,1041389520.0,7.59,5.64,0.29,6.08
格林美,2016-11-14,5.31,5.32,5.38,5.29,761751,560530896.0,1.66,-2.03,-0.11,3.27
格林美,2016-11-15,5.33,5.32,5.41,5.29,481477,354359168.0,2.26,0.0,0.0,2.06
格林美,2016-11-16,5.33,5.41,5.47,5.28,798976,593506560.0,3.57,1.69,0.09,3.42
格林美,2016-11-17,5.37,5.32,5.37,5.27,425547,312530192.0,1.85,-1.66,-0.09,1.82
格林美,2016-11-18,5.32,5.27,5.34,5.26,319566,233814192.0,1.5,-0.94,-0.05,1.37
格林美,2016-11-21,5.25,5.24,5.29,5.22,307320,223218688.0,1.33,-0.57,-0.03,1.32
格林美,2016-11-22,5.24,5.3,5.34,5.21,421732,307272208.0,2.48,1.15,0.06,1.81
格林美,2016-11-23,5.31,5.23,5.32,5.23,309625,225144161.0,1.7,-1.32,-0.07,1.33
格林美,2016-11-24,5.26,5.22,5.3,5.21,314434,228644295.0,1.72,-0.19,-0.01,1.35
格林美,2016-11-25,5.22,5.19,5.22,5.08,364835,260259909.0,2.68,-0.57,-0.03,1.56
格林美,2016-11-28,5.2,5.25,5.27,5.17,385890,278223840.0,1.93,1.16,0.06,1.65
格林美,2016-11-29,5.24,5.16,5.24,5.15,378303,271810944.0,1.71,-1.71,-0.09,1.62
格林美,2016-11-30,5.14,5.13,5.17,5.11,277484,197230279.0,1.16,-0.58,-0.03,1.19
格林美,2016-12-01,5.14,5.15,5.17,5.13,195409,139172602.0,0.78,0.39,0.02,0.84
格林美,2016-12-02,5.17,5.18,5.29,5.17,518014,374222176.0,2.33,0.58,0.03,2.22
格林美,2016-12-05,5.13,5.15,5.23,5.11,271325,193863683.0,2.32,-0.58,-0.03,1.16
格林美,2016-12-06,5.16,5.15,5.18,5.11,247711,176395184.0,1.36,0.0,0.0,1.06
格林美,2016-12-07,5.16,5.22,5.24,5.12,383546,275243008.0,2.33,1.36,0.07,1.64
格林美,2016-12-08,5.21,5.14,5.22,5.14,286316,204620980.0,1.53,-1.53,-0.08,1.23
格林美,2016-12-09,5.15,5.11,5.17,5.11,212779,151098834.0,1.17,-0.58,-0.03,0.91
格林美,2016-12-12,5.09,4.81,5.14,4.81,518861,358451872.0,6.46,-5.87,-0.3,2.22
格林美,2016-12-13,4.81,4.78,4.85,4.68,299524,198906462.0,3.53,-0.62,-0.03,1.28
格林美,2016-12-14,4.78,4.71,4.8,4.69,216388,142422472.0,2.3,-1.46,-0.07,0.93
格林美,2016-12-15,4.69,4.72,4.77,4.67,230903,151832352.0,2.12,0.21,0.01,0.99
格林美,2016-12-16,4.75,4.76,4.77,4.72,198558,131075686.0,1.06,0.85,0.04,0.85
格林美,2016-12-19,4.76,4.73,4.77,4.71,200339,132290147.0,1.26,-0.63,-0.03,0.86
格林美,2016-12-20,4.73,4.72,4.76,4.68,211480,138735976.0,1.69,-0.21,-0.01,0.91
格林美,2016-12-21,4.74,4.78,4.82,4.74,245997,163631837.0,1.69,1.27,0.06,1.05
格林美,2016-12-22,4.78,4.89,4.94,4.75,387047,261008203.0,3.97,2.3,0.11,1.66
格林美,2016-12-23,4.88,4.77,4.88,4.76,266020,177864019.0,2.45,-2.45,-0.12,1.14
格林美,2016-12-26,4.74,4.77,4.77,4.67,177651,116633916.0,2.1,0.0,0.0,0.76
格林美,2016-12-27,4.77,4.77,4.85,4.77,188351,125560403.0,1.68,0.0,0.0,0.81
格林美,2016-12-28,4.77,4.8,4.82,4.77,164633,109732098.0,1.05,0.63,0.03,0.71
格林美,2016-12-29,4.79,4.72,4.79,4.71,176399,116366873.0,1.67,-1.67,-0.08,0.76
格林美,2016-12-30,4.71,4.71,4.74,4.7,159681,104792655.0,0.85,-0.21,-0.01,0.68
格林美,2017-01-03,4.74,4.74,4.76,4.71,140477,92589057.0,1.06,0.64,0.03,0.6
格林美,2017-01-04,4.75,4.83,4.87,4.73,357033,238858628.0,2.95,1.9,0.09,1.53
格林美,2017-01-05,4.82,4.79,4.84,4.78,216609,144593515.0,1.24,-0.83,-0.04,0.93
格林美,2017-01-06,4.78,4.75,4.8,4.74,183050,121108376.0,1.25,-0.84,-0.04,0.78
格林美,2017-01-09,4.74,4.77,4.8,4.73,168087,111350638.0,1.47,0.42,0.02,0.72
格林美,2017-01-10,4.79,4.77,4.81,4.77,196919,131017794.0,0.84,0.0,0.0,0.84
格林美,2017-01-11,4.79,4.79,4.9,4.78,393447,264182163.0,2.52,0.42,0.02,1.69
格林美,2017-01-12,4.77,4.73,4.83,4.72,251675,166932113.0,2.3,-1.25,-0.06,1.08
格林美,2017-01-13,4.73,4.54,4.75,4.52,333560,215129735.0,4.86,-4.02,-0.19,1.43
格林美,2017-01-16,4.55,4.24,4.57,4.06,455321,275586704.0,11.23,-6.61,-0.3,1.95
格林美,2017-01-17,4.2,4.26,4.27,4.1,261240,154487233.0,4.01,0.47,0.02,1.12
格林美,2017-01-25,4.36,4.45,4.57,4.33,408456,255190480.0,5.63,4.46,0.19,1.75
格林美,2017-01-26,4.47,4.47,4.51,4.44,173915,108407607.0,1.57,0.45,0.02,0.75
格林美,2017-02-03,4.47,4.47,4.49,4.44,102116,63765399.0,1.12,0.0,0.0,0.44
格林美,2017-02-06,4.46,4.47,4.47,4.42,128321,79879812.0,1.12,0.0,0.0,0.55
格林美,2017-02-07,4.48,4.54,4.56,4.45,261637,164745871.0,2.46,1.57,0.07,1.12
格林美,2017-02-08,4.52,4.52,4.54,4.47,188355,118515494.0,1.54,-0.44,-0.02,0.81
格林美,2017-02-09,4.54,4.59,4.61,4.53,292533,186951324.0,1.77,1.55,0.07,1.25
格林美,2017-02-10,4.61,4.57,4.62,4.57,198971,127207765.0,1.09,-0.44,-0.02,0.85
格林美,2017-02-13,4.57,4.77,4.85,4.57,600493,393778848.0,6.13,4.38,0.2,2.57
格林美,2017-02-14,4.74,4.73,4.77,4.69,296272,194780733.0,1.68,-0.84,-0.04,1.27
格林美,2017-02-15,4.77,4.65,4.8,4.64,323052,212084430.0,3.38,-1.69,-0.08,1.38
格林美,2017-02-16,4.67,4.97,5.13,4.65,1049983,718848512.0,10.32,6.88,0.32,4.5
格林美,2017-02-17,4.97,4.87,4.97,4.83,474735,322133168.0,2.82,-2.01,-0.1,2.03
格林美,2017-02-20,4.86,4.94,5.0,4.83,422393,289855376.0,3.49,1.44,0.07,1.81
格林美,2017-02-21,4.93,5.19,5.21,4.9,1103022,777657904.0,6.28,5.06,0.25,4.73
格林美,2017-02-22,5.31,5.17,5.41,5.14,1214996,882783184.0,5.2,-0.39,-0.02,5.21
格林美,2017-02-23,5.36,5.72,5.72,5.32,2448948,1902169632.0,7.74,10.64,0.55,10.49
格林美,2017-02-24,5.97,5.82,6.09,5.77,4007650,3268681488.0,5.59,1.75,0.1,17.17
格林美,2017-02-27,5.87,5.89,6.04,5.74,2506111,2030813888.0,5.15,1.2,0.07,10.74
格林美,2017-02-28,5.93,6.01,6.23,5.83,2587639,2130580480.0,6.79,2.04,0.12,11.09
格林美,2017-03-01,5.89,5.88,6.07,5.83,1734327,1408250032.0,3.99,-2.16,-0.13,7.43
格林美,2017-03-02,5.87,5.94,6.06,5.84,1731194,1413893696.0,3.74,1.02,0.06,7.42
格林美,2017-03-03,6.01,5.71,6.02,5.7,2040973,1636467072.0,5.39,-3.87,-0.23,8.74
格林美,2017-03-06,5.69,6.13,6.28,5.67,2892296,2386120624.0,10.68,7.36,0.42,12.39
格林美,2017-03-07,5.98,5.94,6.09,5.86,1646367,1348183344.0,3.75,-3.1,-0.19,7.05
格林美,2017-03-08,5.94,5.88,6.01,5.86,876336,713160704.0,2.53,-1.01,-0.06,3.75
格林美,2017-03-09,5.97,6.09,6.27,5.94,2741098,2298222224.0,5.61,3.57,0.21,11.74
格林美,2017-03-10,6.04,6.16,6.33,6.01,2159480,1827145712.0,5.25,1.15,0.07,9.25
格林美,2017-03-13,6.13,6.19,6.24,6.01,1474944,1236827840.0,3.73,0.49,0.03,6.32
格林美,2017-03-14,6.15,6.37,6.64,6.11,2525771,2208422784.0,8.56,2.91,0.18,10.82
格林美,2017-03-15,6.31,6.44,6.52,6.27,1800850,1575575712.0,3.92,1.1,0.07,7.72
格林美,2017-03-16,6.45,6.45,6.53,6.29,1574719,1380893664.0,3.73,0.16,0.01,6.75
格林美,2017-03-17,6.41,6.2,6.44,6.18,1565000,1348143760.0,4.03,-3.88,-0.25,6.71
格林美,2017-03-20,6.15,6.06,6.36,5.94,1479193,1237992256.0,6.77,-2.26,-0.14,6.34
格林美,2017-03-21,6.05,6.17,6.22,6.0,1091103,914468336.0,3.63,1.82,0.11,4.68
格林美,2017-03-22,6.12,6.29,6.36,6.08,1481042,1267494096.0,4.54,1.94,0.12,6.35
格林美,2017-03-23,6.28,6.29,6.37,6.18,1106648,952481904.0,3.02,0.0,0.0,4.74
格林美,2017-03-24,6.37,6.09,6.38,6.05,1157582,977248992.0,5.25,-3.18,-0.2,4.96
格林美,2017-03-27,5.97,5.94,6.04,5.88,931366,761272288.0,2.63,-2.46,-0.15,3.99
格林美,2017-03-28,5.92,5.97,6.09,5.91,735447,606625504.0,3.03,0.51,0.03,3.15
格林美,2017-03-29,5.99,5.83,6.01,5.82,866450,701728160.0,3.18,-2.35,-0.14,3.71
格林美,2017-03-30,5.81,5.81,5.97,5.77,903497,728263536.0,3.43,-0.34,-0.02,3.87
格林美,2017-03-31,5.81,5.98,6.07,5.81,1219861,1001342928.0,4.48,2.93,0.17,5.23
格林美,2017-04-05,5.91,6.22,6.37,5.91,2698097,2290570704.0,7.69,4.01,0.24,11.56
格林美,2017-04-06,6.17,6.22,6.31,6.13,1112299,944650544.0,2.89,0.0,0.0,4.77
格林美,2017-04-07,6.24,6.08,6.29,6.04,979902,824716080.0,4.02,-2.25,-0.14,4.2
格林美,2017-04-10,6.11,5.84,6.16,5.74,1406337,1144783696.0,6.91,-3.95,-0.24,6.03
格林美,2017-04-11,5.81,5.81,5.95,5.52,1231763,976046384.0,7.36,-0.51,-0.03,5.28
格林美,2017-04-12,5.8,6.04,6.13,5.79,1586342,1307244480.0,5.85,3.96,0.23,6.8
格林美,2017-04-13,6.02,5.97,6.04,5.88,734749,601502832.0,2.65,-1.16,-0.07,3.15
格林美,2017-04-14,5.94,5.93,6.12,5.9,675984,557736560.0,3.69,-0.67,-0.04,2.9
格林美,2017-04-17,5.93,5.94,6.04,5.81,704169,575288080.0,3.88,0.17,0.01,3.02
格林美,2017-04-18,5.96,5.84,5.99,5.82,562431,454224224.0,2.86,-1.68,-0.1,2.41
格林美,2017-04-19,5.81,5.52,5.81,5.47,1099524,843718096.0,5.82,-5.48,-0.32,4.71
格林美,2017-04-20,5.53,5.42,5.6,5.38,552131,417258480.0,3.99,-1.81,-0.1,2.37
格林美,2017-04-21,5.47,5.19,5.52,5.17,740029,543841648.0,6.46,-4.24,-0.23,3.17
格林美,2017-04-24,5.17,4.87,5.17,4.81,747700,512977264.0,6.94,-6.17,-0.32,3.2
格林美,2017-04-25,4.8,4.8,4.89,4.67,864073,574522464.0,4.52,-1.44,-0.07,3.7
格林美,2017-04-26,4.82,4.93,5.01,4.79,790198,538273504.0,4.58,2.71,0.13,3.39
格林美,2017-04-27,4.88,4.98,5.07,4.81,832853,572693008.0,5.27,1.01,0.05,3.57
格林美,2017-04-28,4.98,5.0,5.04,4.95,386798,267535971.0,1.81,0.4,0.02,1.66
格林美,2017-05-02,5.0,5.11,5.19,4.97,560922,396893456.0,4.4,2.2,0.11,2.4
格林美,2017-05-03,5.11,5.07,5.14,5.02,434279,304686512.0,2.35,-0.78,-0.04,1.86
格林美,2017-05-04,5.04,4.97,5.09,4.96,360318,251166873.0,2.56,-1.97,-0.1,1.54
格林美,2017-05-05,4.93,4.79,4.95,4.77,546710,367358336.0,3.62,-3.62,-0.18,2.34
格林美,2017-05-08,4.79,4.76,4.86,4.75,360488,240695486.0,2.3,-0.63,-0.03,1.54
格林美,2017-05-09,4.75,4.8,4.81,4.47,533074,345531408.0,7.14,0.84,0.04,2.28
格林美,2017-05-10,4.91,4.83,4.97,4.81,633514,430396848.0,3.33,0.63,0.03,2.71
格林美,2017-05-11,4.79,4.95,4.95,4.73,520448,351727248.0,4.55,2.48,0.12,2.23
格林美,2017-05-12,4.95,4.92,5.0,4.88,385611,264087644.0,2.42,-0.61,-0.03,1.65
格林美,2017-05-15,4.97,4.89,4.99,4.89,310234,212521794.0,2.03,-0.61,-0.03,1.33
格林美,2017-05-16,4.88,5.14,5.14,4.79,783924,543474128.0,7.16,5.11,0.25,3.36
格林美,2017-05-17,5.15,5.13,5.23,5.11,655733,468040816.0,2.33,-0.19,-0.01,2.81
格林美,2017-05-18,5.06,5.08,5.14,5.03,358732,252642950.0,2.14,-0.97,-0.05,1.54
格林美,2017-05-19,5.23,5.1,5.31,5.08,900451,497215808.0,4.53,0.39,0.02,2.97
格林美,2017-05-22,5.0,4.93,5.09,4.91,537236,285853200.0,3.53,-3.33,-0.17,1.77
格林美,2017-05-23,4.95,4.77,4.97,4.76,446017,231794376.0,4.26,-3.25,-0.16,1.47
格林美,2017-05-24,4.72,4.9,4.91,4.69,450132,231861684.0,4.61,2.73,0.13,1.48
格林美,2017-05-25,4.86,4.89,4.93,4.76,471770,244839869.0,3.47,-0.2,-0.01,1.56
格林美,2017-05-26,4.89,4.82,4.93,4.81,343143,177912452.0,2.45,-1.43,-0.07,1.13
格林美,2017-05-31,4.92,4.81,4.95,4.81,302339,156811818.0,2.9,-0.21,-0.01,0.97
格林美,2017-06-01,4.81,4.59,4.83,4.58,525889,263671348.0,5.2,-4.57,-0.22,1.69
格林美,2017-06-02,4.58,4.63,4.69,4.38,628207,305129776.0,6.75,0.87,0.04,2.02
格林美,2017-06-05,4.63,4.66,4.69,4.62,330610,164895537.0,1.51,0.65,0.03,1.06
格林美,2017-06-06,4.64,4.67,4.7,4.6,218954,109285117.0,2.15,0.21,0.01,0.7
格林美,2017-06-07,4.65,4.81,4.82,4.65,472233,240323399.0,3.64,3.0,0.14,1.52
格林美,2017-06-08,4.79,4.81,4.91,4.77,570583,295752080.0,2.91,0.0,0.0,1.83
格林美,2017-06-09,4.82,4.87,4.9,4.78,424982,219868862.0,2.49,1.25,0.06,1.36
格林美,2017-06-12,4.86,4.93,5.02,4.81,761181,402705824.0,4.31,1.23,0.06,2.44
格林美,2017-06-13,4.93,5.34,5.41,4.93,1708072,948638912.0,9.74,8.32,0.41,5.48
格林美,2017-06-14,5.36,5.37,5.65,5.33,1942140,1129189264.0,5.99,0.56,0.03,6.23
格林美,2017-06-15,5.41,5.42,5.59,5.33,1288942,750285360.0,4.84,0.93,0.05,4.14
格林美,2017-06-16,5.48,5.67,5.81,5.36,2278631,1354322672.0,8.3,4.61,0.25,7.31
格林美,2017-06-19,5.62,5.63,5.66,5.53,1028468,609873408.0,2.29,-0.71,-0.04,3.3
格林美,2017-06-20,5.64,5.62,5.76,5.6,1401780,841705072.0,2.84,-0.18,-0.01,4.5
格林美,2017-06-21,5.62,5.57,5.65,5.47,896363,526381760.0,3.2,-0.89,-0.05,2.88
格林美,2017-06-22,5.55,5.38,5.61,5.38,960960,559189584.0,4.13,-3.41,-0.19,3.08
格林美,2017-06-23,5.38,5.48,5.5,5.33,844540,485677248.0,3.16,1.86,0.1,2.71
格林美,2017-06-26,5.6,5.56,5.62,5.46,910761,535721088.0,2.92,1.46,0.08,2.92
格林美,2017-06-27,5.54,5.55,5.66,5.51,862668,509509440.0,2.7,-0.18,-0.01,2.77
格林美,2017-06-28,5.52,5.37,5.54,5.32,985537,565111072.0,3.96,-3.24,-0.18,3.16
格林美,2017-06-29,5.39,5.41,5.48,5.38,575393,331040768.0,1.86,0.74,0.04,1.85
格林美,2017-06-30,5.4,5.72,5.73,5.33,1690392,999016080.0,7.39,5.73,0.31,5.43
格林美,2017-07-03,5.67,5.73,5.74,5.62,1187214,714765488.0,2.1,0.17,0.01,3.81
格林美,2017-07-04,5.7,5.6,5.83,5.55,1338124,802554928.0,4.89,-2.27,-0.13,4.3
格林美,2017-07-05,5.61,5.89,5.97,5.52,2344271,1435570448.0,8.04,5.18,0.29,7.53
格林美,2017-07-06,5.82,6.07,6.2,5.8,2824185,1790800160.0,6.79,3.06,0.18,9.07
格林美,2017-07-07,6.02,6.14,6.26,5.95,2122523,1363904336.0,5.11,1.15,0.07,6.82
格林美,2017-07-10,6.14,6.24,6.37,6.03,2327255,1521077056.0,5.54,1.63,0.1,7.47
格林美,2017-07-11,6.17,5.9,6.2,5.86,1972129,1250903552.0,5.45,-5.45,-0.34,6.33
格林美,2017-07-12,5.89,6.03,6.03,5.83,1287332,807731856.0,3.39,2.2,0.13,4.13
格林美,2017-07-13,6.04,5.9,6.23,5.83,1815600,1155943392.0,6.63,-2.16,-0.13,5.83
格林美,2017-07-14,5.84,6.14,6.25,5.77,2396491,1531741360.0,8.14,4.07,0.24,7.7
格林美,2017-07-17,6.13,5.91,6.26,5.56,2577591,1636185920.0,11.4,-3.75,-0.23,8.28
格林美,2017-07-18,5.85,6.06,6.06,5.8,1493156,934346080.0,4.4,2.54,0.15,4.79
格林美,2017-07-19,6.02,6.27,6.36,5.98,2783453,1812615008.0,6.27,3.47,0.21,8.94
格林美,2017-07-20,6.22,6.31,6.52,6.19,2956240,1983259312.0,5.26,0.64,0.04,9.49
格林美,2017-07-21,6.22,6.2,6.38,6.15,1853253,1216102192.0,3.65,-1.74,-0.11,5.95
格林美,2017-07-24,6.17,6.0,6.25,5.95,2107043,1345335040.0,4.84,-3.23,-0.2,6.77
格林美,2017-07-25,6.09,6.63,6.63,6.08,5149567,3491589904.0,9.17,10.5,0.63,16.54
格林美,2017-07-26,6.63,6.73,6.76,6.48,4277284,2975013328.0,4.22,1.51,0.1,13.73
格林美,2017-07-27,6.6,6.51,6.64,6.27,2991103,2039515280.0,5.5,-3.27,-0.22,9.6
格林美,2017-07-28,6.42,6.82,6.97,6.38,3764662,2652565216.0,9.06,4.76,0.31,12.09
格林美,2017-07-31,6.8,7.42,7.54,6.75,4831668,3629958128.0,11.58,8.8,0.6,15.51
格林美,2017-08-01,7.34,7.27,7.45,7.13,3046572,2310891552.0,4.31,-2.02,-0.15,9.78
格林美,2017-08-02,7.23,7.22,7.55,7.15,3314730,2546145392.0,5.5,-0.69,-0.05,10.64
格林美,2017-08-03,7.32,7.16,7.39,7.02,2376174,1785565184.0,5.12,-0.83,-0.06,7.63
格林美,2017-08-04,7.07,6.76,7.24,6.74,2933149,2149016112.0,6.98,-5.59,-0.4,9.42
格林美,2017-08-07,6.75,6.91,6.95,6.6,1858088,1327716032.0,5.18,2.22,0.15,5.97
格林美,2017-08-08,6.89,6.73,7.05,6.67,2368967,1701944960.0,5.5,-2.6,-0.18,7.61
格林美,2017-08-09,6.79,6.92,6.93,6.7,1867092,1336102400.0,3.42,2.82,0.19,6.0
格林美,2017-08-10,6.85,6.71,6.86,6.65,1723744,1217073424.0,3.03,-3.03,-0.21,5.54
格林美,2017-08-11,6.57,6.11,6.62,6.03,2385371,1593258208.0,8.79,-8.94,-0.6,7.66
格林美,2017-08-14,6.12,6.36,6.45,6.11,1440459,955059392.0,5.56,4.09,0.25,4.63
格林美,2017-08-15,6.35,6.36,6.47,6.28,1009814,676775264.0,2.99,0.0,0.0,3.24
格林美,2017-08-16,6.31,6.22,6.36,6.13,1002815,656916816.0,3.62,-2.2,-0.14,3.22
格林美,2017-08-17,6.37,6.33,6.46,6.28,1146773,767194208.0,2.89,1.77,0.11,3.68
格林美,2017-08-18,6.25,6.31,6.34,6.14,1132710,744039680.0,3.16,-0.32,-0.02,3.64
格林美,2017-08-21,6.36,6.58,6.62,6.3,1775283,1205793152.0,5.07,4.28,0.27,5.7
格林美,2017-08-22,6.5,6.87,7.02,6.49,3144636,2253390432.0,8.05,4.41,0.29,10.1
格林美,2017-08-23,6.77,6.65,6.88,6.61,1739609,1228205424.0,3.93,-3.2,-0.22,5.59
格林美,2017-08-24,6.77,6.75,6.87,6.65,1537783,1090024352.0,3.31,1.5,0.1,4.94
格林美,2017-08-25,6.69,6.83,6.96,6.61,2028460,1448140896.0,5.19,1.19,0.08,6.51
格林美,2017-08-28,6.8,6.82,6.95,6.77,1874845,1346155792.0,2.64,-0.15,-0.01,6.02
格林美,2017-08-29,6.83,6.83,6.99,6.74,1559862,1123913232.0,3.67,0.15,0.01,5.01
格林美,2017-08-30,6.89,6.84,6.92,6.71,2033443,1452130992.0,3.07,0.15,0.01,6.53
格林美,2017-08-31,6.81,7.14,7.21,6.78,3701073,2718495072.0,6.29,4.39,0.3,11.88
格林美,2017-09-01,7.07,7.11,7.34,6.97,3218927,2400762352.0,5.18,-0.42,-0.03,10.34
格林美,2017-09-04,7.16,7.1,7.33,7.02,2079201,1555765216.0,4.36,-0.14,-0.01,6.68
格林美,2017-09-05,7.07,7.02,7.11,6.85,1763807,1288375456.0,3.66,-1.13,-0.08,5.66
格林美,2017-09-06,6.96,7.27,7.47,6.89,3920357,2973253792.0,8.26,3.56,0.25,12.59
格林美,2017-09-07,7.21,7.03,7.31,7.0,2491103,1856921584.0,4.26,-3.3,-0.24,8.0
格林美,2017-09-08,6.97,7.07,7.2,6.95,1606437,1191188704.0,3.56,0.57,0.04,5.16
格林美,2017-09-11,7.08,7.5,7.55,7.07,3998861,3074923552.0,6.79,6.08,0.43,12.84
格林美,2017-09-12,7.72,7.81,8.28,7.58,7756371,6467310848.0,9.33,4.13,0.31,24.91
格林美,2017-09-13,7.78,8.15,8.15,7.59,5364894,4417872128.0,7.17,4.35,0.34,17.23
格林美,2017-09-14,8.06,7.95,8.19,7.81,3754276,3124466384.0,4.66,-2.45,-0.2,12.06
格林美,2017-09-15,7.9,7.57,7.95,7.57,2969900,2387353648.0,4.78,-4.78,-0.38,9.54
格林美,2017-09-18,7.62,8.18,8.26,7.6,3714351,3064642272.0,8.72,8.06,0.61,11.93
格林美,2017-09-19,8.1,8.0,8.14,7.92,2695390,2247434832.0,2.69,-2.2,-0.18,8.66
格林美,2017-09-20,8.03,8.23,8.55,8.01,4142435,3565646064.0,6.75,2.88,0.23,13.3
格林美,2017-09-21,8.15,7.94,8.36,7.89,2689623,2258391840.0,5.71,-3.52,-0.29,8.64
格林美,2017-09-22,7.94,7.91,8.1,7.68,1891394,1558965920.0,5.29,-0.38,-0.03,6.07
格林美,2017-09-25,7.87,7.69,8.02,7.67,1551081,1258460320.0,4.42,-2.78,-0.22,4.98
格林美,2017-09-26,7.72,7.81,7.96,7.67,1596774,1299866448.0,3.77,1.56,0.12,5.13
格林美,2017-09-27,7.84,8.13,8.24,7.72,3026604,2533235664.0,6.66,4.1,0.32,9.72
格林美,2017-09-28,8.05,8.04,8.24,8.01,2082407,1757932576.0,2.83,-1.11,-0.09,6.69
格林美,2017-09-29,8.05,8.33,8.34,8.01,2678711,2284869696.0,4.1,3.61,0.29,8.6
格林美,2017-10-09,8.47,8.39,8.7,8.33,2854237,2509463056.0,4.44,0.72,0.06,9.17
格林美,2017-10-10,8.35,8.23,8.35,8.09,1922672,1635901392.0,3.1,-1.91,-0.16,6.17
格林美,2017-10-11,8.12,7.94,8.23,7.71,2051197,1698034016.0,6.32,-3.52,-0.29,6.59
格林美,2017-10-12,7.92,7.87,8.0,7.75,1202989,985417600.0,3.15,-0.88,-0.07,3.86
格林美,2017-10-13,7.93,8.0,8.02,7.88,1254023,1039043168.0,1.78,1.65,0.13,4.03
格林美,2017-10-16,7.93,7.72,7.95,7.7,1759411,1428218640.0,3.13,-3.5,-0.28,5.65
格林美,2017-10-17,7.64,7.41,7.64,7.37,1776202,1383383440.0,3.5,-4.02,-0.31,5.7
格林美,2017-10-18,7.42,7.26,7.51,7.22,1201481,925030320.0,3.91,-2.02,-0.15,3.86
格林美,2017-10-19,7.27,7.35,7.5,7.25,1132602,873213744.0,3.44,1.24,0.09,3.64
格林美,2017-10-20,7.35,7.62,7.63,7.27,1450345,1143563728.0,4.9,3.67,0.27,4.66
格林美,2017-10-23,7.61,7.58,7.62,7.49,707205,557838496.0,1.71,-0.52,-0.04,2.27
格林美,2017-10-24,7.58,7.6,7.72,7.48,911975,723758336.0,3.17,0.26,0.02,2.93
格林美,2017-10-25,7.6,7.56,7.64,7.49,665309,523242080.0,1.97,-0.53,-0.04,2.14
格林美,2017-10-26,7.59,7.61,7.71,7.38,1316948,1038742448.0,4.37,0.66,0.05,4.23
格林美,2017-10-27,7.57,7.4,7.62,7.39,923236,721716160.0,3.02,-2.76,-0.21,2.96
格林美,2017-10-30,7.39,6.93,7.42,6.93,1604000,1181532608.0,6.62,-6.35,-0.47,5.15
格林美,2017-10-31,6.93,7.12,7.18,6.91,1035883,767578064.0,3.9,2.74,0.19,3.33
格林美,2017-11-01,7.35,7.41,7.54,7.3,1520461,1181323040.0,3.37,4.07,0.29,4.88
格林美,2017-11-02,7.48,7.17,7.5,7.15,1430315,1095768896.0,4.72,-3.24,-0.24,4.59
格林美,2017-11-03,7.1,7.05,7.27,6.94,1216519,901852528.0,4.6,-1.67,-0.12,3.91
格林美,2017-11-06,7.11,7.13,7.16,6.89,965954,712012464.0,3.83,1.13,0.08,3.1
格林美,2017-11-07,7.19,7.26,7.32,7.03,1191734,897409472.0,4.07,1.82,0.13,3.83
格林美,2017-11-08,7.26,7.47,7.62,7.2,1845329,1441047296.0,5.79,2.89,0.21,5.93
格林美,2017-11-09,7.47,7.44,7.56,7.33,1194191,925300880.0,3.08,-0.4,-0.03,3.83
格林美,2017-11-10,7.4,7.69,7.72,7.39,1978989,1572668368.0,4.44,3.36,0.25,6.35
格林美,2017-11-13,7.81,7.75,7.83,7.6,1538799,1236981088.0,2.99,0.78,0.06,4.94
格林美,2017-11-14,7.75,7.48,7.76,7.44,1571086,1241102016.0,4.13,-3.48,-0.27,5.04
格林美,2017-11-15,7.36,7.04,7.36,6.99,2083805,1549598160.0,4.95,-5.88,-0.44,6.69
格林美,2017-11-16,7.02,7.03,7.14,6.98,832141,614473280.0,2.27,-0.14,-0.01,2.67
格林美,2017-11-17,7.03,6.71,7.1,6.69,1261835,906936416.0,5.83,-4.55,-0.32,4.05
格林美,2017-11-20,6.71,6.93,6.93,6.49,878853,625134784.0,6.56,3.28,0.22,2.82
格林美,2017-11-21,6.93,6.84,6.94,6.77,715933,512876864.0,2.45,-1.3,-0.09,2.3
格林美,2017-11-22,6.86,6.87,6.91,6.77,736144,528347216.0,2.05,0.44,0.03,2.36
格林美,2017-11-23,6.82,6.76,7.03,6.73,1055954,763085552.0,4.37,-1.6,-0.11,3.39
格林美,2017-11-24,6.71,6.92,6.96,6.59,934620,669344688.0,5.47,2.37,0.16,3.0
格林美,2017-11-27,6.89,6.71,6.97,6.69,781002,559991184.0,4.05,-3.03,-0.21,2.51
格林美,2017-11-28,6.69,6.88,6.92,6.63,649006,463708736.0,4.32,2.53,0.17,2.08
格林美,2017-11-29,6.86,6.96,7.02,6.83,1050935,763692800.0,2.76,1.16,0.08,3.37
格林美,2017-11-30,6.94,6.85,7.01,6.82,715464,517520352.0,2.73,-1.58,-0.11,2.3
格林美,2017-12-01,6.83,6.84,6.9,6.67,728124,518653824.0,3.36,-0.15,-0.01,2.34
格林美,2017-12-04,6.79,6.76,6.89,6.73,546849,389457216.0,2.34,-1.17,-0.08,1.76
格林美,2017-12-05,6.77,6.42,6.82,6.25,1086566,747170928.0,8.43,-5.03,-0.34,3.49
格林美,2017-12-06,6.33,6.5,6.51,6.32,533925,361016048.0,2.96,1.25,0.08,1.71
格林美,2017-12-07,6.49,6.38,6.49,6.36,401037,270175920.0,2.0,-1.85,-0.12,1.29
格林美,2017-12-08,6.39,6.42,6.48,6.39,435702,294879760.0,1.41,0.63,0.04,1.4
格林美,2017-12-11,6.38,6.57,6.59,6.38,714197,489289168.0,3.27,2.34,0.15,2.29
格林美,2017-12-12,6.56,6.64,6.79,6.53,1068490,749356608.0,3.96,1.07,0.07,3.43
格林美,2017-12-13,6.66,6.63,6.67,6.53,537780,371981040.0,2.11,-0.15,-0.01,1.73
格林美,2017-12-14,6.64,6.64,6.7,6.56,540344,376412640.0,2.11,0.15,0.01,1.74
格林美,2017-12-15,6.62,6.52,6.67,6.5,448467,309662352.0,2.56,-1.81,-0.12,1.44
格林美,2017-12-18,6.58,6.48,6.6,6.43,340272,232834806.0,2.61,-0.61,-0.04,1.09
格林美,2017-12-19,6.55,6.58,6.67,6.54,461799,319709776.0,2.01,1.54,0.1,1.48
格林美,2017-12-20,6.53,6.47,6.61,6.46,359813,246484393.0,2.28,-1.67,-0.11,1.16
格林美,2017-12-21,6.5,6.55,6.59,6.43,418122,287367696.0,2.47,1.24,0.08,1.34
格林美,2017-12-22,6.56,6.61,6.71,6.51,580741,404153984.0,3.05,0.92,0.06,1.86
格林美,2017-12-25,6.7,6.65,6.76,6.62,526391,368995504.0,2.12,0.61,0.04,1.69
格林美,2017-12-26,6.61,6.63,6.65,6.53,394820,273151696.0,1.8,-0.3,-0.02,1.27
格林美,2017-12-27,6.65,6.7,6.8,6.64,850430,601439584.0,2.41,1.06,0.07,2.73
格林美,2017-12-28,6.7,6.93,7.0,6.65,1388204,997545904.0,5.22,3.43,0.23,4.46
格林美,2017-12-29,6.9,6.86,6.93,6.82,658879,473317232.0,1.59,-1.01,-0.07,2.12
格林美,2018-01-02,6.92,6.9,6.94,6.84,539046,388962672.0,1.46,0.58,0.04,1.73
格林美,2018-01-03,6.91,6.97,7.05,6.89,1022262,748701776.0,2.32,1.01,0.07,3.28
格林美,2018-01-04,6.93,6.94,6.95,6.84,764955,552213504.0,1.58,-0.43,-0.03,2.46
格林美,2018-01-05,6.93,6.96,6.98,6.83,802471,580514016.0,2.16,0.29,0.02,2.58
格林美,2018-01-08,6.97,7.08,7.16,6.92,1448020,1070767824.0,3.45,1.72,0.12,4.65
格林美,2018-01-09,7.12,6.96,7.14,6.94,817207,599522112.0,2.82,-1.69,-0.12,2.62
格林美,2018-01-10,6.95,6.84,6.96,6.77,821946,589895776.0,2.73,-1.72,-0.12,2.64
格林美,2018-01-11,6.93,6.96,7.05,6.88,867745,632592128.0,2.49,1.75,0.12,2.79
格林美,2018-01-12,6.91,6.82,6.91,6.81,611805,438636864.0,1.44,-2.01,-0.14,1.96
格林美,2018-01-15,6.81,6.51,6.86,6.48,1145143,798455024.0,5.57,-4.55,-0.31,3.68
格林美,2018-01-16,6.52,6.57,6.65,6.49,524175,361776496.0,2.46,0.92,0.06,1.68
格林美,2018-01-17,6.52,6.49,6.55,6.33,692943,468740336.0,3.35,-1.22,-0.08,2.23
格林美,2018-01-18,6.47,6.46,6.56,6.43,407327,277131184.0,2.0,-0.46,-0.03,1.31
格林美,2018-01-19,6.42,6.4,6.51,6.36,539368,363925232.0,2.32,-0.93,-0.06,1.73
格林美,2018-01-22,6.4,6.57,6.59,6.31,767883,520597616.0,4.38,2.66,0.17,2.47
格林美,2018-01-23,6.65,6.58,6.7,6.53,721078,500323408.0,2.59,0.15,0.01,2.32
格林美,2018-01-24,6.54,6.57,6.6,6.46,519091,355846864.0,2.13,-0.15,-0.01,1.67
格林美,2018-01-25,6.62,6.7,6.84,6.62,1035269,733312032.0,3.35,1.98,0.13,3.32
格林美,2018-01-26,6.64,6.61,6.72,6.6,478962,334104432.0,1.79,-1.34,-0.09,1.54
格林美,2018-01-29,6.62,6.48,6.69,6.46,580783,400191984.0,3.48,-1.97,-0.13,1.87
格林美,2018-01-30,6.47,6.44,6.56,6.37,412537,280142064.0,2.93,-0.62,-0.04,1.32
格林美,2018-01-31,6.42,6.42,6.51,6.37,469503,316955568.0,2.17,-0.31,-0.02,1.51
格林美,2018-02-01,6.44,6.0,6.48,5.89,825022,538614352.0,9.19,-6.54,-0.42,2.65
格林美,2018-02-02,6.0,6.03,6.12,5.63,575369,359807264.0,8.17,0.5,0.03,1.85
格林美,2018-02-05,5.92,5.95,6.03,5.86,341404,215045724.0,2.82,-1.33,-0.08,1.1
格林美,2018-02-06,5.85,5.68,5.91,5.67,647677,395049312.0,4.03,-4.54,-0.27,2.08
格林美,2018-02-07,5.79,5.71,5.85,5.55,452556,274559856.0,5.28,0.53,0.03,1.45
格林美,2018-02-08,5.72,5.77,5.83,5.69,289004,176388421.0,2.45,1.05,0.06,0.93
格林美,2018-02-09,5.66,5.5,5.73,5.36,634889,374646944.0,6.41,-4.68,-0.27,2.04
格林美,2018-02-12,5.53,5.79,5.82,5.53,574241,346621520.0,5.27,5.27,0.29,1.84
格林美,2018-02-13,5.85,5.82,5.94,5.79,447904,276618960.0,2.59,0.52,0.03,1.44
格林美,2018-02-14,5.91,5.91,5.92,5.76,368598,228196100.0,2.75,1.55,0.09,1.18
格林美,2018-02-22,6.03,6.53,6.53,6.01,1865591,1265466176.0,8.8,10.49,0.62,5.99
格林美,2018-02-23,6.57,6.52,6.57,6.38,1558347,1058984960.0,2.91,-0.15,-0.01,5.0
格林美,2018-02-26,6.57,6.76,6.92,6.48,2109852,1486772416.0,6.75,3.68,0.24,6.78
格林美,2018-02-27,6.75,6.73,6.89,6.67,1258413,892268592.0,3.25,-0.44,-0.03,4.04
格林美,2018-02-28,6.87,7.04,7.07,6.77,2227799,1626852928.0,4.46,4.61,0.31,7.15
格林美,2018-03-01,7.0,7.02,7.11,6.91,1593402,1168120224.0,2.84,-0.28,-0.02,5.12
格林美,2018-03-02,6.91,6.97,7.21,6.91,1808199,1338250192.0,4.27,-0.71,-0.05,5.81
格林美,2018-03-05,7.06,7.04,7.16,6.89,1453135,1071086944.0,3.87,1.0,0.07,4.67
格林美,2018-03-06,7.04,6.93,7.1,6.74,1514177,1095883072.0,5.11,-1.56,-0.11,4.86
格林美,2018-03-07,6.95,6.82,6.96,6.79,862065,620522864.0,2.45,-1.59,-0.11,2.77
格林美,2018-03-08,6.87,6.98,7.17,6.81,1809670,1328791024.0,5.28,2.35,0.16,5.81
格林美,2018-03-09,6.92,6.95,7.01,6.84,1172774,850216608.0,2.44,-0.43,-0.03,3.77
格林美,2018-03-12,7.02,7.28,7.41,7.0,2587141,1947562816.0,5.9,4.75,0.33,8.31
格林美,2018-03-13,7.3,7.38,7.49,7.21,2120363,1630768960.0,3.85,1.37,0.1,6.81
格林美,2018-03-14,7.32,7.26,7.69,7.25,2563237,2002742320.0,5.96,-1.63,-0.12,8.23
格林美,2018-03-15,7.55,7.79,7.96,7.44,4065838,3274257536.0,7.16,7.3,0.53,13.06
格林美,2018-03-16,7.77,7.85,7.95,7.67,2874161,2334058448.0,3.59,0.77,0.06,9.23
格林美,2018-03-19,7.84,7.79,7.91,7.57,2498290,2016380464.0,4.33,-0.76,-0.06,8.02
格林美,2018-03-20,7.67,7.59,7.78,7.44,2012331,1593437632.0,4.36,-2.57,-0.2,6.46
格林美,2018-03-21,7.54,7.47,7.76,7.43,1618131,1281261728.0,4.35,-1.58,-0.12,5.2
格林美,2018-03-22,7.52,7.37,7.59,7.23,1711887,1323527120.0,4.82,-1.34,-0.1,5.5
格林美,2018-03-23,7.07,6.83,7.16,6.68,2308728,1678299152.0,6.51,-7.33,-0.54,7.41
格林美,2018-03-26,6.72,7.11,7.12,6.72,1733970,1263166080.0,5.86,4.1,0.28,5.57
格林美,2018-03-27,7.23,7.27,7.31,7.07,1876352,1410841424.0,3.38,2.25,0.16,6.03
格林美,2018-03-28,7.11,7.0,7.16,6.97,1237188,913139712.0,2.61,-3.71,-0.27,3.97
格林美,2018-03-29,7.02,7.05,7.11,6.88,973390,713642160.0,3.29,0.71,0.05,3.13
格林美,2018-03-30,7.07,7.09,7.15,7.05,941968,698860544.0,1.42,0.57,0.04,3.03
格林美,2018-04-02,7.19,6.95,7.22,6.9,1343916,989850992.0,4.51,-1.97,-0.14,4.32
格林美,2018-04-03,6.85,6.82,6.86,6.7,931661,663652144.0,2.3,-1.87,-0.13,2.99
格林美,2018-04-04,6.89,6.76,6.91,6.75,696117,498729440.0,2.35,-0.88,-0.06,2.24
格林美,2018-04-09,6.7,6.78,6.85,6.64,709046,502898176.0,3.11,0.3,0.02,2.28
格林美,2018-04-10,6.83,7.02,7.04,6.77,1153664,840273568.0,3.98,3.54,0.24,3.7
格林美,2018-04-11,7.02,6.95,7.03,6.91,762613,555939936.0,1.71,-1.0,-0.07,2.45
格林美,2018-04-12,6.92,6.81,6.94,6.77,658173,472054656.0,2.45,-2.01,-0.14,2.11
格林美,2018-04-13,6.85,6.84,6.9,6.76,491352,351821872.0,2.06,0.44,0.03,1.58
格林美,2018-04-16,6.85,6.75,6.85,6.72,543660,385489600.0,1.9,-1.32,-0.09,1.75
格林美,2018-04-17,6.76,6.36,6.8,6.33,1255322,859700144.0,6.96,-5.78,-0.39,4.03
格林美,2018-04-18,6.44,6.44,6.47,6.19,755770,503602720.0,4.4,1.26,0.08,2.43
格林美,2018-04-19,6.58,6.78,6.79,6.57,1279166,898159408.0,3.42,5.28,0.34,4.11
格林美,2018-04-20,6.57,6.49,6.68,6.47,884089,610317104.0,3.1,-4.28,-0.29,2.84
格林美,2018-04-23,6.47,6.48,6.53,6.34,501277,338906816.0,2.93,-0.15,-0.01,1.61
格林美,2018-04-24,6.47,6.62,6.66,6.45,786825,544078352.0,3.24,2.16,0.14,2.53
格林美,2018-04-25,6.53,6.54,6.62,6.49,488188,335454080.0,1.96,-1.21,-0.08,1.57
格林美,2018-04-26,6.54,6.33,6.55,6.32,537922,361784816.0,3.52,-3.21,-0.21,1.73
格林美,2018-04-27,6.42,6.35,6.44,6.32,347076,232486225.0,1.9,0.32,0.02,1.11
格林美,2018-05-02,6.42,6.39,6.47,6.35,339762,228538975.0,1.89,0.63,0.04,1.09
格林美,2018-05-03,6.36,6.38,6.4,6.15,586979,387459904.0,3.91,-0.16,-0.01,1.89
格林美,2018-05-04,6.37,6.27,6.41,6.25,399793,266253605.0,2.51,-1.72,-0.11,1.28
格林美,2018-05-07,6.29,6.45,6.53,6.27,743455,502352192.0,4.15,2.87,0.18,2.39
格林美,2018-05-08,6.43,6.49,6.54,6.43,646114,440615968.0,1.71,0.62,0.04,2.07
格林美,2018-05-09,6.54,6.55,6.63,6.51,702745,484833968.0,1.85,0.92,0.06,2.26
格林美,2018-05-10,6.6,6.55,6.63,6.5,532101,367170592.0,1.98,0.0,0.0,1.71
格林美,2018-05-11,6.55,6.84,7.0,6.55,1931190,1379756560.0,6.87,4.43,0.29,6.2
格林美,2018-05-14,6.88,6.91,7.06,6.78,1493816,1086793136.0,4.09,1.02,0.07,4.8
格林美,2018-05-15,6.92,6.92,7.02,6.79,937463,676597472.0,3.33,0.14,0.01,3.01
格林美,2018-05-16,6.87,6.8,6.94,6.8,741356,532618912.0,2.02,-1.73,-0.12,2.38
格林美,2018-05-17,6.84,6.73,6.87,6.7,613285,435308224.0,2.5,-1.03,-0.07,1.97
格林美,2018-05-18,6.72,6.9,6.9,6.72,754366,539783936.0,2.67,2.53,0.17,2.42
格林美,2018-05-21,7.07,6.93,7.12,6.91,1118534,820111456.0,3.04,0.43,0.03,3.59
格林美,2018-05-22,6.91,6.89,6.92,6.75,907517,649156640.0,2.45,-0.58,-0.04,2.91
格林美,2018-05-23,6.83,6.75,6.85,6.74,553168,393459280.0,1.6,-2.03,-0.14,1.78
格林美,2018-05-24,6.75,6.76,6.81,6.73,422393,299892048.0,1.19,0.15,0.01,1.36
格林美,2018-05-25,6.75,6.53,6.79,6.53,762552,531902256.0,3.85,-3.4,-0.23,2.45
格林美,2018-05-28,6.56,6.48,6.61,6.48,455859,313305136.0,1.99,-0.77,-0.05,1.46
格林美,2018-05-29,6.51,6.58,6.67,6.51,475828,328253408.0,2.47,1.54,0.1,1.53
格林美,2018-05-30,6.55,6.39,6.55,6.34,634326,427288288.0,3.19,-2.89,-0.19,2.04
格林美,2018-05-31,6.48,6.46,6.51,6.37,418596,282260448.0,2.19,1.1,0.07,1.34
格林美,2018-06-01,6.51,6.56,6.66,6.47,587341,403834960.0,2.94,1.55,0.1,1.89
格林美,2018-06-04,6.59,6.38,6.61,6.3,676953,453142432.0,4.73,-2.74,-0.18,2.17
格林美,2018-06-05,6.38,6.53,6.53,6.31,536514,362790112.0,3.45,2.35,0.15,1.72
格林美,2018-06-06,6.51,6.56,6.64,6.5,561105,386029552.0,2.14,0.46,0.03,1.8
格林美,2018-06-07,6.6,6.51,6.62,6.5,360030,246397054.0,1.83,-0.76,-0.05,1.16
格林美,2018-06-08,6.5,6.41,6.51,6.34,451707,302009728.0,2.61,-1.54,-0.1,1.45
格林美,2018-06-11,6.41,6.38,6.48,6.35,333446,223916674.0,2.03,-0.47,-0.03,1.07
格林美,2018-06-12,6.4,6.4,6.42,6.21,429452,284149824.0,3.29,0.31,0.02,1.38
格林美,2018-06-13,6.4,6.36,6.48,6.29,461388,308652944.0,2.97,-0.63,-0.04,1.48
格林美,2018-06-14,6.32,6.31,6.43,6.29,295335,196617347.0,2.2,-0.79,-0.05,0.95
格林美,2018-06-15,6.32,6.12,6.37,6.0,538499,348407504.0,5.86,-3.01,-0.19,1.73
格林美,2018-06-19,5.9,5.52,5.97,5.48,909482,545261888.0,8.01,-9.8,-0.6,2.92
格林美,2018-06-20,5.52,5.62,5.68,5.4,549142,322403584.0,5.07,1.81,0.1,1.76
格林美,2018-06-21,5.63,5.44,5.67,5.44,464905,272270240.0,4.09,-3.2,-0.18,1.49
格林美,2018-06-22,5.4,5.62,5.7,5.28,558545,326733744.0,7.72,3.31,0.18,1.79
格林美,2018-06-25,5.68,5.6,5.72,5.59,438020,261195581.0,2.31,-0.36,-0.02,1.41
格林美,2018-06-26,5.45,5.74,5.74,5.41,504351,301050240.0,5.89,2.5,0.14,1.62
格林美,2018-06-27,5.75,5.63,5.76,5.57,392324,233504470.0,3.31,-1.92,-0.11,1.26
格林美,2018-06-28,5.64,5.56,5.71,5.52,305773,180982915.0,3.37,-1.24,-0.07,0.98
格林美,2018-06-29,5.59,5.75,5.77,5.58,468988,281316432.0,3.42,3.42,0.19,1.51
格林美,2018-07-02,5.78,5.65,5.8,5.6,445184,267019480.0,3.48,-1.74,-0.1,1.43
格林美,2018-07-03,5.67,5.75,5.77,5.59,478612,286349584.0,3.19,1.77,0.1,1.54
格林美,2018-07-04,5.7,5.61,5.74,5.59,359194,213659274.0,2.61,-2.43,-0.14,1.15
格林美,2018-07-05,5.61,5.36,5.65,5.35,440063,255212837.0,5.35,-4.46,-0.25,1.41
格林美,2018-07-06,5.36,5.48,5.58,5.29,473168,272249312.0,5.41,2.24,0.12,1.52
格林美,2018-07-09,5.47,5.59,5.6,5.47,324516,190240734.0,2.37,2.01,0.11,1.04
格林美,2018-07-10,5.63,5.73,5.78,5.6,652627,392429248.0,3.22,2.5,0.14,2.1
格林美,2018-07-11,5.6,5.75,5.88,5.52,945970,570668064.0,6.28,0.35,0.02,3.04
格林美,2018-07-12,5.71,5.82,5.86,5.66,689366,420805456.0,3.48,1.22,0.07,2.21
格林美,2018-07-13,5.81,5.88,5.99,5.74,776558,478475280.0,4.3,1.03,0.06,2.49
格林美,2018-07-16,5.86,5.79,5.87,5.74,439914,267987446.0,2.21,-1.53,-0.09,1.41
格林美,2018-07-17,5.78,5.82,5.83,5.74,384365,233695962.0,1.55,0.52,0.03,1.23
格林美,2018-07-18,5.82,5.72,5.83,5.71,353370,214517207.0,2.06,-1.72,-0.1,1.13
格林美,2018-07-19,5.72,5.69,5.78,5.64,340155,204089738.0,2.45,-0.52,-0.03,1.09
格林美,2018-07-20,5.66,5.76,5.79,5.62,374727,225661933.0,2.99,1.23,0.07,1.2
格林美,2018-07-23,5.74,5.91,5.92,5.72,625998,384400768.0,3.47,2.6,0.15,2.01
格林美,2018-07-24,5.9,5.94,5.99,5.84,636393,396707856.0,2.54,0.51,0.03,2.04
格林美,2018-07-25,5.92,5.84,5.97,5.83,430343,265980401.0,2.36,-1.68,-0.1,1.38
格林美,2018-07-26,6.03,5.92,6.14,5.91,1154874,731256544.0,3.94,1.37,0.08,3.71
格林美,2018-07-27,5.9,5.82,5.9,5.77,512864,314743456.0,2.2,-1.69,-0.1,1.65
格林美,2018-07-30,5.88,5.8,5.9,5.77,357721,219193739.0,2.23,-0.34,-0.02,1.15
格林美,2018-07-31,5.8,5.76,5.8,5.73,292588,177417092.0,1.21,-0.69,-0.04,0.94
格林美,2018-08-01,5.82,5.7,5.82,5.69,385342,233703086.0,2.26,-1.04,-0.06,1.24
格林美,2018-08-02,5.7,5.49,5.7,5.34,540713,313782080.0,6.32,-3.68,-0.21,1.74
格林美,2018-08-03,5.5,5.42,5.53,5.41,246744,142288683.0,2.19,-1.28,-0.07,0.79
格林美,2018-08-06,5.44,5.18,5.46,5.13,512418,285275152.0,6.09,-4.43,-0.24,1.65
格林美,2018-08-07,5.22,5.37,5.38,5.18,410215,229517037.0,3.86,3.67,0.19,1.32
格林美,2018-08-08,5.36,5.27,5.41,5.26,279384,157257340.0,2.79,-1.86,-0.1,0.9
格林美,2018-08-09,5.29,5.43,5.47,5.28,383383,219350271.0,3.61,3.04,0.16,1.23
格林美,2018-08-10,5.41,5.52,5.6,5.4,381095,222214810.0,3.68,1.66,0.09,1.22
格林美,2018-08-13,5.45,5.55,5.58,5.41,325095,188441224.0,3.08,0.54,0.03,1.04
格林美,2018-08-14,5.52,5.56,5.6,5.51,227775,133360288.0,1.62,0.18,0.01,0.73
格林美,2018-08-15,5.53,5.4,5.58,5.39,304897,176110976.0,3.42,-2.88,-0.16,0.98
格林美,2018-08-16,5.32,5.36,5.44,5.29,245901,139659684.0,2.78,-0.74,-0.04,0.79
格林美,2018-08-17,5.39,5.28,5.45,5.28,209260,118481492.0,3.17,-1.49,-0.08,0.67
格林美,2018-08-20,5.32,5.33,5.36,5.21,250822,140057867.0,2.84,0.95,0.05,0.81
格林美,2018-08-21,5.33,5.36,5.42,5.27,237377,134304517.0,2.81,0.56,0.03,0.76
格林美,2018-08-22,5.35,5.26,5.35,5.23,218662,122076643.0,2.24,-1.87,-0.1,0.7
格林美,2018-08-23,5.26,5.29,5.32,5.24,198538,110717701.0,1.52,0.57,0.03,0.64
格林美,2018-08-24,5.3,5.27,5.35,5.27,175570,98403317.0,1.51,-0.38,-0.02,0.56
格林美,2018-08-27,5.27,5.39,5.41,5.27,276215,156178460.0,2.66,2.28,0.12,0.89
格林美,2018-08-28,5.4,5.42,5.48,5.37,251420,143763721.0,2.04,0.56,0.03,0.81
格林美,2018-08-29,5.4,5.37,5.42,5.35,156983,89021904.0,1.29,-0.92,-0.05,0.5
格林美,2018-08-30,5.39,5.28,5.41,5.28,188977,106398710.0,2.42,-1.68,-0.09,0.61
格林美,2018-08-31,5.34,5.24,5.35,5.23,190833,106497426.0,2.27,-0.76,-0.04,0.61
格林美,2018-09-03,5.26,5.28,5.28,5.21,171100,94892859.0,1.34,0.76,0.04,0.55
格林美,2018-09-04,5.28,5.31,5.34,5.26,186695,104562663.0,1.52,0.57,0.03,0.6
格林美,2018-09-05,5.31,5.19,5.31,5.19,206484,114660852.0,2.26,-2.26,-0.12,0.66
格林美,2018-09-06,5.21,5.08,5.24,5.08,270594,147509545.0,3.08,-2.12,-0.11,0.87
格林美,2018-09-07,5.08,5.05,5.17,5.02,243667,131468930.0,2.95,-0.59,-0.03,0.78
格林美,2018-09-10,5.05,4.79,5.07,4.78,488791,252257130.0,5.74,-5.15,-0.26,1.57
格林美,2018-09-11,4.79,4.78,4.82,4.71,252712,127784703.0,2.3,-0.21,-0.01,0.81
格林美,2018-09-12,4.79,4.85,4.88,4.78,233964,120225649.0,2.09,1.46,0.07,0.75
格林美,2018-09-13,4.89,4.88,4.92,4.82,223069,115270159.0,2.06,0.62,0.03,0.72
格林美,2018-09-14,4.91,4.87,4.96,4.87,257848,134548671.0,1.84,-0.2,-0.01,0.83
格林美,2018-09-17,4.87,4.76,4.87,4.75,191533,97244805.0,2.46,-2.26,-0.11,0.62
格林美,2018-09-18,4.74,4.83,4.84,4.72,249550,126989792.0,2.52,1.47,0.07,0.8
格林美,2018-09-19,4.83,4.86,4.9,4.78,288060,148478603.0,2.48,0.62,0.03,0.92
格林美,2018-09-20,4.89,4.9,5.01,4.89,350248,183737270.0,2.47,0.82,0.04,1.12
格林美,2018-09-21,4.95,5.03,5.06,4.9,492663,261036181.0,3.27,2.65,0.13,1.58
格林美,2018-09-25,4.96,5.02,5.11,4.95,349682,186618395.0,3.18,-0.2,-0.01,1.12
格林美,2018-09-26,5.02,5.01,5.06,4.98,250576,133341929.0,1.59,-0.2,-0.01,0.8
格林美,2018-09-27,5.0,4.92,5.03,4.91,292728,154097279.0,2.4,-1.8,-0.09,0.94
格林美,2018-09-28,4.92,4.95,4.98,4.91,199669,104909424.0,1.42,0.61,0.03,0.64
格林美,2018-10-08,4.86,4.78,4.92,4.76,275435,141963431.0,3.23,-3.43,-0.17,0.88
格林美,2018-10-09,4.79,4.8,4.85,4.76,177753,90813996.0,1.88,0.42,0.02,0.57
格林美,2018-10-10,4.84,4.7,4.84,4.61,349941,175735729.0,4.79,-2.08,-0.1,1.12
格林美,2018-10-11,4.52,4.2,4.53,4.2,672752,313079824.0,7.02,-10.64,-0.5,2.15
格林美,2018-10-12,4.1,4.0,4.17,3.75,762427,324009488.0,10.0,-4.76,-0.2,2.44
格林美,2018-10-15,4.03,3.83,4.09,3.81,385331,164165628.0,7.0,-4.25,-0.17,1.23
格林美,2018-10-16,3.88,3.77,3.91,3.76,318014,131507101.0,3.92,-1.57,-0.06,1.02
格林美,2018-10-17,3.85,3.83,3.89,3.73,358910,147348498.0,4.24,1.59,0.06,1.15
格林美,2018-10-18,3.81,3.71,3.81,3.67,311176,125705400.0,3.66,-3.13,-0.12,1.0
格林美,2018-10-19,3.64,3.76,3.79,3.52,400199,159653712.0,7.28,1.35,0.05,1.28
格林美,2018-10-22,3.8,3.99,4.04,3.79,527074,223212002.0,6.65,6.12,0.23,1.68
格林美,2018-10-23,4.0,3.85,4.0,3.83,396764,166973960.0,4.26,-3.51,-0.14,1.27
格林美,2018-10-24,3.82,3.86,3.92,3.81,266412,111159436.0,2.86,0.26,0.01,0.85
格林美,2018-10-25,3.7,3.85,3.86,3.64,281365,114453720.0,5.7,-0.26,-0.01,0.9
格林美,2018-10-26,3.9,3.89,4.01,3.87,402015,170023378.0,3.64,1.04,0.04,1.28
格林美,2018-10-29,3.78,3.8,3.87,3.77,295690,122031773.0,2.57,-2.31,-0.09,0.94
格林美,2018-10-30,3.77,3.85,3.9,3.75,275895,113919138.0,3.95,1.32,0.05,0.88
格林美,2018-10-31,3.88,3.93,3.99,3.85,389845,164971845.0,3.64,2.08,0.08,1.24
格林美,2018-11-01,3.96,3.94,4.02,3.91,470243,200645071.0,2.8,0.25,0.01,1.5
格林美,2018-11-02,4.06,4.1,4.13,3.97,709282,308121088.0,4.06,4.06,0.16,2.26
格林美,2018-11-05,4.05,4.06,4.13,3.97,462986,201692829.0,3.9,-0.98,-0.04,1.48
格林美,2018-11-06,4.04,4.02,4.04,3.96,290087,124597141.0,1.97,-0.99,-0.04,0.93
格林美,2018-11-07,4.26,4.13,4.38,4.12,1142772,518396576.0,6.47,2.74,0.11,3.65
格林美,2018-11-08,4.13,4.04,4.16,4.01,510303,223485568.0,3.63,-2.18,-0.09,1.63
格林美,2018-11-09,3.97,3.97,4.04,3.97,298687,128341791.0,1.73,-1.73,-0.07,0.95
格林美,2018-11-12,3.97,4.08,4.08,3.92,385103,166065228.0,4.03,2.77,0.11,1.23
格林美,2018-11-13,4.01,4.19,4.23,4.0,668475,296299840.0,5.64,2.7,0.11,2.14
格林美,2018-11-14,4.16,4.11,4.19,4.11,462547,205678883.0,1.91,-1.91,-0.08,1.48
格林美,2018-11-15,4.1,4.19,4.2,4.09,413395,184309150.0,2.68,1.95,0.08,1.32
格林美,2018-11-16,4.21,4.22,4.31,4.16,609279,276928016.0,3.58,0.72,0.03,1.95
格林美,2018-11-19,4.2,4.15,4.24,4.06,774486,342122736.0,4.27,-1.66,-0.07,2.05
格林美,2018-11-20,4.1,4.02,4.16,4.01,663735,290139136.0,3.61,-3.13,-0.13,1.75
格林美,2018-11-21,3.96,3.98,4.01,3.93,403023,171977132.0,1.99,-1.0,-0.04,1.07
格林美,2018-11-22,3.99,3.99,4.03,3.96,323386,138647195.0,1.76,0.25,0.01,0.85
格林美,2018-11-23,3.98,3.77,4.0,3.76,593565,245764411.0,6.02,-5.51,-0.22,1.57
格林美,2018-11-26,3.78,3.76,3.81,3.74,241384,98235449.0,1.86,-0.27,-0.01,0.64
格林美,2018-11-27,3.79,3.77,3.81,3.74,257521,105060220.0,1.86,0.27,0.01,0.68
格林美,2018-11-28,3.75,3.81,3.81,3.72,352255,143582586.0,2.39,1.06,0.04,0.93
格林美,2018-11-29,3.83,3.75,3.89,3.75,496673,204690155.0,3.67,-1.57,-0.06,1.31
格林美,2018-11-30,3.75,3.81,3.86,3.71,446089,182861772.0,4.0,1.6,0.06,1.18
格林美,2018-12-03,3.96,3.92,3.97,3.86,607925,256289715.0,2.89,2.89,0.11,1.61
格林美,2018-12-04,3.9,3.93,3.94,3.86,395574,166093473.0,2.04,0.26,0.01,1.05
格林美,2018-12-05,3.86,3.94,4.02,3.83,756662,321320880.0,4.83,0.25,0.01,2.0
格林美,2018-12-06,3.88,3.85,3.93,3.85,418184,174651015.0,2.03,-2.28,-0.09,1.11
格林美,2018-12-07,3.86,3.86,3.89,3.83,224848,93492387.0,1.56,0.26,0.01,0.59
格林美,2018-12-10,3.8,3.8,3.84,3.79,218134,89599698.0,1.3,-1.55,-0.06,0.58
格林美,2018-12-11,3.81,3.81,3.83,3.78,211857,86880942.0,1.32,0.26,0.01,0.56
格林美,2018-12-12,3.83,3.86,3.88,3.81,289015,119911439.0,1.84,1.31,0.05,0.76
格林美,2018-12-13,3.88,3.87,3.91,3.83,384200,160552211.0,2.07,0.26,0.01,1.02
格林美,2018-12-14,3.87,3.77,3.89,3.76,370163,152530150.0,3.36,-2.58,-0.1,0.98
格林美,2018-12-17,3.77,3.8,3.82,3.74,236031,96469327.0,2.12,0.8,0.03,0.62
格林美,2018-12-18,3.76,3.78,3.81,3.73,228506,93012087.0,2.11,-0.53,-0.02,0.6
格林美,2018-12-19,3.78,3.72,3.82,3.71,215533,87236628.0,2.91,-1.59,-0.06,0.57
格林美,2018-12-20,3.72,3.72,3.75,3.68,221994,89208785.0,1.88,0.0,0.0,0.59
格林美,2018-12-21,3.71,3.64,3.71,3.61,276604,109412354.0,2.69,-2.15,-0.08,0.73
格林美,2018-12-24,3.68,3.69,3.73,3.67,193330,77243649.0,1.65,1.37,0.05,0.51
格林美,2018-12-25,3.64,3.64,3.67,3.56,290626,113502388.0,2.98,-1.36,-0.05,0.77
格林美,2018-12-26,3.65,3.6,3.66,3.6,183469,71893450.0,1.65,-1.1,-0.04,0.48
格林美,2018-12-27,3.66,3.54,3.68,3.54,241358,94372323.0,3.89,-1.67,-0.06,0.64
格林美,2018-12-28,3.56,3.54,3.58,3.53,217833,84001323.0,1.41,0.0,0.0,0.58
格林美,2019-01-02,3.54,3.55,3.57,3.53,173024,66576118.0,1.13,0.28,0.01,0.46
格林美,2019-01-03,3.55,3.55,3.59,3.52,194965,75248449.0,1.97,0.0,0.0,0.52
格林美,2019-01-04,3.52,3.66,3.66,3.49,339771,132421390.0,4.79,3.1,0.11,0.9
格林美,2019-01-07,3.69,3.72,3.73,3.65,424314,169148935.0,2.19,1.64,0.06,1.12
格林美,2019-01-08,3.71,3.69,3.72,3.67,239947,95912373.0,1.34,-0.81,-0.03,0.63
格林美,2019-01-09,3.71,3.68,3.75,3.68,404594,162735286.0,1.9,-0.27,-0.01,1.07
格林美,2019-01-10,3.68,3.67,3.71,3.66,221697,88327670.0,1.36,-0.27,-0.01,0.59
格林美,2019-01-11,3.68,3.75,3.79,3.65,428180,172914126.0,3.81,2.18,0.08,1.13
格林美,2019-01-14,3.77,3.71,3.8,3.7,401815,162535019.0,2.67,-1.07,-0.04,1.06
格林美,2019-01-15,3.71,3.73,3.74,3.68,280127,112449038.0,1.62,0.54,0.02,0.74
格林美,2019-01-16,3.73,3.73,3.75,3.71,250642,100953954.0,1.07,0.0,0.0,0.66
格林美,2019-01-17,3.72,3.7,3.79,3.66,358786,144103347.0,3.49,-0.8,-0.03,0.95
格林美,2019-01-18,3.69,3.76,3.77,3.68,452815,183050213.0,2.43,1.62,0.06,1.2
格林美,2019-01-21,3.76,3.77,3.79,3.74,382861,155462957.0,1.33,0.27,0.01,1.01
格林美,2019-01-22,3.78,3.72,3.81,3.7,366182,148465302.0,2.92,-1.33,-0.05,0.97
格林美,2019-01-23,3.69,3.71,3.75,3.68,281294,112586853.0,1.88,-0.27,-0.01,0.74
格林美,2019-01-24,3.69,3.67,3.7,3.62,355248,140866274.0,2.16,-1.08,-0.04,0.94
格林美,2019-01-25,3.67,3.68,3.72,3.64,337867,134487701.0,2.18,0.27,0.01,0.89
格林美,2019-01-28,3.71,3.69,3.74,3.66,297901,119211199.0,2.17,0.27,0.01,0.79
格林美,2019-01-29,3.69,3.59,3.7,3.53,312576,122089120.0,4.61,-2.71,-0.1,0.83
格林美,2019-01-30,3.58,3.56,3.62,3.55,204042,79298777.0,1.95,-0.84,-0.03,0.54
格林美,2019-01-31,3.57,3.51,3.61,3.51,343101,132356284.0,2.81,-1.4,-0.05,0.91
格林美,2019-02-01,3.54,3.62,3.63,3.52,322240,125352981.0,3.13,3.13,0.11,0.85
格林美,2019-02-11,3.63,3.8,3.81,3.62,539899,217237159.0,5.25,4.97,0.18,1.43
格林美,2019-02-12,3.78,3.82,3.83,3.75,591423,242224067.0,2.11,0.53,0.02,1.56
格林美,2019-02-13,3.82,3.92,4.03,3.79,1054719,445675760.0,6.28,2.62,0.1,2.79
格林美,2019-02-14,3.93,3.93,4.0,3.89,752281,319044096.0,2.81,0.26,0.01,1.99
格林美,2019-02-15,3.93,3.91,3.99,3.91,581943,246940303.0,2.04,-0.51,-0.02,1.54
格林美,2019-02-18,3.96,4.04,4.07,3.93,922632,397697536.0,3.58,3.32,0.13,2.44
格林美,2019-02-19,4.07,4.08,4.17,4.01,1062775,465966704.0,3.96,0.99,0.04,2.81
格林美,2019-02-20,4.09,4.22,4.26,4.04,1296198,581484560.0,5.39,3.43,0.14,3.43
格林美,2019-02-21,4.21,4.15,4.28,4.13,1191779,534877968.0,3.55,-1.66,-0.07,3.15
格林美,2019-02-22,4.13,4.19,4.2,4.07,880321,390581504.0,3.13,0.96,0.04,2.33
格林美,2019-02-25,4.34,4.47,4.5,4.23,1856401,864685136.0,6.44,6.68,0.28,4.91
格林美,2019-02-26,4.49,4.5,4.68,4.39,1883214,910006320.0,6.49,0.67,0.03,4.98
格林美,2019-02-27,4.48,4.46,4.58,4.39,1180957,566479120.0,4.22,-0.89,-0.04,3.12
格林美,2019-02-28,4.47,4.42,4.52,4.37,785437,371976816.0,3.36,-0.9,-0.04,2.08
格林美,2019-03-01,4.44,4.42,4.48,4.32,708635,332124576.0,3.62,0.0,0.0,1.87
格林美,2019-03-04,4.46,4.53,4.65,4.46,1471553,715117008.0,4.3,2.49,0.11,3.89
格林美,2019-03-05,4.53,4.85,4.87,4.49,1797613,898887024.0,8.39,7.06,0.32,4.75
格林美,2019-03-06,4.85,5.03,5.18,4.74,2254533,1188608224.0,9.07,3.71,0.18,5.96
格林美,2019-03-07,4.99,5.08,5.25,4.94,1830577,987927248.0,6.16,0.99,0.05,4.84
格林美,2019-03-08,4.95,4.81,5.06,4.79,1593841,833911680.0,5.31,-5.31,-0.27,4.21
格林美,2019-03-11,4.86,4.99,4.99,4.82,1159003,605011088.0,3.53,3.74,0.18,3.06
格林美,2019-03-12,5.06,4.98,5.1,4.89,1352428,717213344.0,4.21,-0.2,-0.01,3.57
格林美,2019-03-13,4.96,4.86,4.98,4.81,1110814,576324672.0,3.41,-2.41,-0.12,2.94
格林美,2019-03-14,4.8,4.72,4.95,4.63,974267,494896160.0,6.58,-2.88,-0.14,2.57
格林美,2019-03-15,4.83,4.85,4.95,4.79,962496,497264304.0,3.39,2.75,0.13,2.54
格林美,2019-03-18,4.88,4.94,4.96,4.87,879853,458816816.0,1.86,1.86,0.09,2.32
格林美,2019-03-19,4.93,4.9,4.98,4.87,686770,357998624.0,2.23,-0.81,-0.04,1.81
格林美,2019-03-20,4.89,4.85,4.93,4.77,650332,334742064.0,3.27,-1.02,-0.05,1.71
格林美,2019-03-21,4.89,4.93,5.02,4.85,1150751,601097072.0,3.51,1.65,0.08,3.03
格林美,2019-03-22,4.93,4.9,4.95,4.81,710095,367284848.0,2.84,-0.61,-0.03,1.87
格林美,2019-03-25,4.89,4.96,5.08,4.82,1383125,730921040.0,5.31,1.22,0.06,3.65
格林美,2019-03-26,4.98,4.74,5.0,4.74,919055,471428672.0,5.24,-4.44,-0.22,2.42
格林美,2019-03-27,4.78,4.72,4.81,4.64,598344,299380352.0,3.59,-0.42,-0.02,1.58
格林美,2019-03-28,4.7,4.61,4.74,4.61,494690,245647389.0,2.75,-2.33,-0.11,1.3
格林美,2019-03-29,4.65,4.74,4.74,4.6,614701,306776624.0,3.04,2.82,0.13,1.62
格林美,2019-04-01,4.74,5.0,5.01,4.71,1490295,775723568.0,6.33,5.49,0.26,3.93
格林美,2019-04-02,5.02,5.06,5.16,4.92,1691909,897822736.0,4.8,1.2,0.06,4.46
格林美,2019-04-03,5.01,5.02,5.05,4.95,951727,504723488.0,1.98,-0.79,-0.04,2.51
格林美,2019-04-04,5.06,5.1,5.18,5.06,1373125,744052064.0,2.39,1.59,0.08,3.62
格林美,2019-04-08,5.18,5.34,5.37,5.11,2169957,1206627360.0,5.1,4.71,0.24,5.72
格林美,2019-04-09,5.38,5.23,5.39,5.16,1193169,660762352.0,4.31,-2.06,-0.11,3.15
格林美,2019-04-10,5.18,5.13,5.19,5.06,818334,443908976.0,2.49,-1.91,-0.1,2.16
格林美,2019-04-11,5.11,5.03,5.21,5.0,814533,440256912.0,4.09,-1.95,-0.1,2.15
格林美,2019-04-12,5.0,5.01,5.03,4.95,485394,256755961.0,1.59,-0.4,-0.02,1.28
格林美,2019-04-15,5.08,4.91,5.13,4.88,618041,329199840.0,4.99,-2.0,-0.1,1.63
格林美,2019-04-16,4.92,5.03,5.04,4.84,654021,344395024.0,4.07,2.44,0.12,1.72
格林美,2019-04-17,5.03,5.29,5.35,5.01,1672265,916380832.0,6.76,5.17,0.26,4.41
格林美,2019-04-18,5.3,5.11,5.31,5.08,1076908,588917632.0,4.35,-3.4,-0.18,2.84
格林美,2019-04-19,5.09,5.23,5.35,5.01,1314122,721692416.0,6.65,2.35,0.12,3.47
格林美,2019-04-22,5.25,5.07,5.27,5.04,870270,472797824.0,4.4,-3.06,-0.16,2.29
格林美,2019-04-23,5.04,4.91,5.06,4.88,724273,380578896.0,3.55,-3.16,-0.16,1.91
格林美,2019-04-24,4.9,4.97,4.99,4.86,427267,223559436.0,2.65,1.22,0.06,1.13
格林美,2019-04-25,4.96,4.69,4.96,4.69,768240,393001040.0,5.43,-5.63,-0.28,2.03
格林美,2019-04-26,4.68,4.68,4.74,4.66,417448,208696645.0,1.71,-0.21,-0.01,1.1
格林美,2019-04-29,4.69,4.48,4.73,4.44,645418,313161568.0,6.2,-4.27,-0.2,1.7
格林美,2019-04-30,4.5,4.54,4.6,4.49,312529,151584020.0,2.46,1.34,0.06,0.82
格林美,2019-05-06,4.35,4.08,4.37,4.07,773360,350190816.0,6.61,-10.13,-0.46,2.04
格林美,2019-05-07,4.18,4.18,4.26,4.11,521096,233619582.0,3.68,2.45,0.1,1.37
格林美,2019-05-08,4.1,4.18,4.22,4.01,374827,167232118.0,5.02,0.0,0.0,0.99
格林美,2019-05-09,4.13,4.2,4.24,4.11,352985,158396340.0,3.11,0.48,0.02,0.93
格林美,2019-05-10,4.24,4.31,4.33,4.05,566385,258161458.0,6.67,2.62,0.11,1.49
格林美,2019-05-13,4.24,4.23,4.29,4.21,281602,128069635.0,1.86,-1.86,-0.08,0.74
格林美,2019-05-14,4.17,4.18,4.25,4.15,281675,126833686.0,2.36,-1.18,-0.05,0.74
格林美,2019-05-15,4.25,4.22,4.26,4.2,337199,151759516.0,1.44,0.96,0.04,0.89
格林美,2019-05-16,4.25,4.32,4.4,4.22,638061,293398560.0,4.27,2.37,0.1,1.68
格林美,2019-05-17,4.34,4.16,4.36,4.13,488883,219507801.0,5.32,-3.7,-0.16,1.29
格林美,2019-05-20,4.14,4.11,4.15,3.97,393692,170749904.0,4.33,-1.2,-0.05,1.04
格林美,2019-05-21,4.1,4.24,4.27,4.08,445881,199491297.0,4.62,3.16,0.13,1.18
格林美,2019-05-22,4.24,4.18,4.31,4.16,359867,161810372.0,3.54,-1.42,-0.06,0.95
格林美,2019-05-23,4.17,4.11,4.2,4.09,254152,112067751.0,2.63,-1.67,-0.07,0.67
格林美,2019-05-24,4.08,4.1,4.14,4.07,220178,96223583.0,1.7,-0.24,-0.01,0.58
格林美,2019-05-27,4.11,4.22,4.24,4.08,327494,145260409.0,3.9,2.93,0.12,0.86
格林美,2019-05-28,4.21,4.2,4.28,4.17,360810,161656736.0,2.61,-0.47,-0.02,0.95
格林美,2019-05-29,4.18,4.23,4.3,4.18,456263,206261084.0,2.86,0.71,0.03,1.2
格林美,2019-05-30,4.2,4.29,4.31,4.14,587251,264801926.0,4.02,1.42,0.06,1.55
格林美,2019-05-31,4.26,4.22,4.28,4.19,412606,186170486.0,2.1,-1.63,-0.07,1.09
格林美,2019-06-03,4.25,4.18,4.3,4.09,701728,313528704.0,4.98,-0.95,-0.04,1.85
格林美,2019-06-04,4.16,4.09,4.16,4.05,375718,164470921.0,2.63,-2.15,-0.09,0.99
格林美,2019-06-05,4.13,4.07,4.15,4.06,284094,123957458.0,2.2,-0.49,-0.02,0.75
格林美,2019-06-06,4.07,4.01,4.08,3.99,256702,110305665.0,2.21,-1.47,-0.06,0.68
格林美,2019-06-10,4.04,4.04,4.08,3.95,273563,117651283.0,3.24,0.75,0.03,0.72
格林美,2019-06-11,4.03,4.19,4.21,4.02,524198,231068774.0,4.7,3.71,0.15,1.38
格林美,2019-06-12,4.19,4.19,4.27,4.16,578071,259808586.0,2.63,0.0,0.0,1.52
格林美,2019-06-13,4.19,4.18,4.25,4.13,488741,217425291.0,2.86,-0.24,-0.01,1.29
格林美,2019-06-14,4.19,4.07,4.23,4.04,550605,243652039.0,4.55,-2.63,-0.11,1.45
格林美,2019-06-17,4.08,4.03,4.13,3.99,478993,207344437.0,3.44,-0.98,-0.04,1.26
格林美,2019-06-18,4.02,4.03,4.05,3.99,316200,135474354.0,1.49,0.0,0.0,0.83
格林美,2019-06-19,4.13,4.11,4.18,4.06,627987,275305072.0,2.98,1.99,0.08,1.66
格林美,2019-06-20,4.14,4.39,4.41,4.13,1663483,758615776.0,6.81,6.81,0.28,4.39
格林美,2019-06-21,4.33,4.46,4.57,4.32,1655663,782096064.0,5.69,1.59,0.07,4.37
格林美,2019-06-24,4.52,4.79,4.93,4.41,2387783,1191388816.0,11.66,7.4,0.33,6.3
格林美,2019-06-25,4.63,4.65,4.72,4.54,1633380,800541200.0,3.76,-2.92,-0.14,4.31
格林美,2019-06-26,4.57,4.51,4.61,4.5,824028,397782640.0,2.37,-3.01,-0.14,2.18
格林美,2019-06-27,4.55,4.48,4.59,4.46,838537,401595488.0,2.88,-0.67,-0.03,2.21
格林美,2019-06-28,4.5,4.44,4.5,4.33,775015,362807568.0,3.79,-0.89,-0.04,2.05
格林美,2019-07-01,4.55,4.57,4.62,4.49,995552,481494992.0,2.93,2.93,0.13,2.63
格林美,2019-07-02,4.58,4.71,4.93,4.51,1698750,842994864.0,9.19,3.06,0.14,4.48
格林美,2019-07-03,4.63,4.74,4.82,4.59,1444925,719918304.0,4.88,0.64,0.03,3.81
格林美,2019-07-04,4.73,4.69,4.84,4.66,959073,480354256.0,3.8,-1.05,-0.05,2.53
格林美,2019-07-05,4.68,4.57,4.7,4.55,851043,414044384.0,3.2,-2.56,-0.12,2.25
格林美,2019-07-08,4.56,4.34,4.57,4.28,830839,388930688.0,6.35,-5.03,-0.23,2.19
格林美,2019-07-09,4.36,4.37,4.39,4.26,576751,265601607.0,3.0,0.69,0.03,1.52
格林美,2019-07-10,4.37,4.26,4.39,4.23,454261,207757934.0,3.66,-2.52,-0.11,1.2
格林美,2019-07-11,4.3,4.23,4.34,4.21,409699,186297642.0,3.05,-0.7,-0.03,1.08
格林美,2019-07-12,4.24,4.24,4.27,4.19,290195,130750374.0,1.89,0.24,0.01,0.77
格林美,2019-07-15,4.24,4.3,4.31,4.15,425206,191907738.0,3.77,1.42,0.06,1.12
格林美,2019-07-16,4.3,4.29,4.33,4.26,278649,126984298.0,1.63,-0.23,-0.01,0.74
格林美,2019-07-17,4.28,4.28,4.32,4.27,285930,130508038.0,1.17,-0.23,-0.01,0.75
格林美,2019-07-18,4.3,4.43,4.52,4.29,1102476,516942400.0,5.37,3.5,0.15,2.91
格林美,2019-07-19,4.45,4.51,4.55,4.43,952253,452455152.0,2.71,1.81,0.08,2.51
格林美,2019-07-22,4.44,4.26,4.47,4.24,758791,348790320.0,5.1,-5.54,-0.25,2.0
格林美,2019-07-23,4.24,4.26,4.29,4.22,383207,173379388.0,1.64,0.0,0.0,1.01
格林美,2019-07-24,4.27,4.29,4.31,4.27,401417,183004345.0,0.94,0.7,0.03,1.06
格林美,2019-07-25,4.29,4.2,4.29,4.16,532421,238211952.0,3.03,-2.1,-0.09,1.41
格林美,2019-07-26,4.18,4.22,4.26,4.16,320497,143820791.0,2.38,0.48,0.02,0.85
格林美,2019-07-29,4.2,4.2,4.23,4.16,267200,119100471.0,1.66,-0.47,-0.02,0.71
格林美,2019-07-30,4.22,4.27,4.3,4.21,399459,181416397.0,2.14,1.67,0.07,1.05
格林美,2019-07-31,4.23,4.3,4.35,4.2,419303,190390214.0,3.51,0.7,0.03,1.11
格林美,2019-08-01,4.25,4.33,4.42,4.24,644110,297679696.0,4.19,0.7,0.03,1.7
格林美,2019-08-02,4.22,4.25,4.29,4.18,487364,219910730.0,2.54,-1.85,-0.08,1.29
格林美,2019-08-05,4.24,4.21,4.31,4.21,417190,188879317.0,2.35,-0.94,-0.04,1.1
格林美,2019-08-06,4.14,4.03,4.16,3.95,674163,291611680.0,4.99,-4.28,-0.18,1.78
格林美,2019-08-07,4.22,4.41,4.42,4.21,1710069,786876880.0,5.21,9.43,0.38,4.51
格林美,2019-08-08,4.52,4.34,4.57,4.28,1390183,646178400.0,6.58,-1.59,-0.07,3.67
格林美,2019-08-09,4.39,4.31,4.49,4.3,944569,439676992.0,4.38,-0.69,-0.03,2.49
格林美,2019-08-12,4.31,4.23,4.31,4.15,706216,315797584.0,3.71,-1.86,-0.08,1.86
格林美,2019-08-13,4.19,4.17,4.25,4.16,479307,214088958.0,2.13,-1.42,-0.06,1.27
格林美,2019-08-14,4.22,4.2,4.27,4.18,552945,248337975.0,2.16,0.72,0.03,1.46
格林美,2019-08-15,4.09,4.16,4.17,4.04,438327,192701178.0,3.1,-0.95,-0.04,1.16
格林美,2019-08-16,4.18,4.16,4.2,4.14,430129,190967326.0,1.44,0.0,0.0,1.14
格林美,2019-08-19,4.22,4.28,4.28,4.18,627085,282604720.0,2.4,2.88,0.12,1.66
格林美,2019-08-20,4.28,4.3,4.38,4.25,677965,311116768.0,3.04,0.47,0.02,1.79
格林美,2019-08-21,4.27,4.22,4.28,4.19,558322,251375228.0,2.09,-1.86,-0.08,1.47
格林美,2019-08-22,4.25,4.25,4.26,4.19,384330,172704664.0,1.66,0.71,0.03,1.01
格林美,2019-08-23,4.25,4.2,4.26,4.18,312960,140274894.0,1.88,-1.18,-0.05,0.83
格林美,2019-08-26,4.1,4.17,4.19,4.09,299870,132581704.0,2.38,-0.71,-0.03,0.79
格林美,2019-08-27,4.18,4.22,4.27,4.16,439290,197380725.0,2.64,1.2,0.05,1.16
格林美,2019-08-28,4.23,4.22,4.25,4.17,348491,156049610.0,1.9,0.0,0.0,0.92
格林美,2019-08-29,4.2,4.16,4.21,4.15,333411,148092495.0,1.42,-1.42,-0.06,0.88
格林美,2019-08-30,4.19,4.13,4.2,4.11,363834,160742710.0,2.16,-0.72,-0.03,0.96
格林美,2019-09-02,4.41,4.33,4.5,4.29,1360186,630912064.0,5.08,4.84,0.2,3.59
格林美,2019-09-03,4.36,4.55,4.7,4.33,1949084,930732720.0,8.55,5.08,0.22,5.14
格林美,2019-09-04,4.52,4.47,4.52,4.4,1207959,569933008.0,2.64,-1.76,-0.08,3.19
格林美,2019-09-05,4.48,4.45,4.52,4.43,1207881,573294144.0,2.01,-0.45,-0.02,3.19
格林美,2019-09-06,4.46,4.41,4.47,4.38,571890,267474905.0,2.02,-0.9,-0.04,1.51
格林美,2019-09-09,4.47,4.53,4.55,4.43,901653,429196544.0,2.72,2.72,0.12,2.38
格林美,2019-09-10,4.52,4.59,4.7,4.51,1160603,566789344.0,4.19,1.32,0.06,3.06
格林美,2019-09-11,4.58,4.51,4.64,4.51,650855,314304624.0,2.83,-1.74,-0.08,1.72
格林美,2019-09-12,4.54,4.52,4.56,4.47,411207,196624420.0,2.0,0.22,0.01,1.09
格林美,2019-09-16,4.55,4.51,4.59,4.48,507854,243807469.0,2.43,-0.22,-0.01,1.23
格林美,2019-09-17,4.48,4.37,4.5,4.35,533061,248773312.0,3.33,-3.1,-0.14,1.29
格林美,2019-09-18,4.39,4.38,4.41,4.35,270869,125816422.0,1.37,0.23,0.01,0.66
格林美,2019-09-19,4.39,4.46,4.46,4.34,381404,178321789.0,2.74,1.83,0.08,0.92
格林美,2019-09-20,4.47,4.46,4.48,4.43,385195,182110799.0,1.12,0.0,0.0,0.93
格林美,2019-09-23,4.47,4.38,4.47,4.34,350444,163066688.0,2.91,-1.79,-0.08,0.85
格林美,2019-09-24,4.38,4.38,4.45,4.36,412576,192430596.0,2.05,0.0,0.0,1.0
格林美,2019-09-25,4.36,4.29,4.38,4.25,659186,301573104.0,2.97,-2.05,-0.09,1.6
格林美,2019-09-26,4.29,4.19,4.31,4.18,473296,213235507.0,3.03,-2.33,-0.1,1.15
格林美,2019-09-27,4.19,4.25,4.25,4.18,374662,167787122.0,1.67,1.43,0.06,0.91
格林美,2019-09-30,4.23,4.18,4.24,4.17,280504,125362017.0,1.65,-1.65,-0.07,0.68
格林美,2019-10-08,4.21,4.19,4.25,4.19,248997,111756351.0,1.44,0.24,0.01,0.6
格林美,2019-10-09,4.2,4.25,4.28,4.18,263485,118915492.0,2.39,1.43,0.06,0.64
格林美,2019-10-10,4.27,4.33,4.36,4.27,358015,164484055.0,2.12,1.88,0.08,0.87
格林美,2019-10-11,4.35,4.31,4.35,4.27,290125,132676644.0,1.85,-0.46,-0.02,0.7
格林美,2019-10-14,4.35,4.36,4.41,4.32,423008,196070033.0,2.09,1.16,0.05,1.03
格林美,2019-10-15,4.33,4.28,4.34,4.26,283114,129115843.0,1.83,-1.83,-0.08,0.69
格林美,2019-10-16,4.28,4.24,4.32,4.23,224283,101809957.0,2.1,-0.93,-0.04,0.54
格林美,2019-10-17,4.24,4.23,4.25,4.21,174659,78557166.0,0.94,-0.24,-0.01,0.42
格林美,2019-10-18,4.23,4.17,4.25,4.15,267356,119424774.0,2.36,-1.42,-0.06,0.65
格林美,2019-10-21,4.14,4.19,4.19,4.13,176190,78002954.0,1.44,0.48,0.02,0.43
格林美,2019-10-22,4.22,4.25,4.25,4.2,189050,85133050.0,1.19,1.43,0.06,0.46
格林美,2019-10-23,4.25,4.19,4.27,4.18,165451,74150503.0,2.12,-1.41,-0.06,0.4
格林美,2019-10-24,4.2,4.2,4.21,4.17,153486,68461072.0,0.95,0.24,0.01,0.37
格林美,2019-10-25,4.2,4.2,4.21,4.14,206934,91951157.0,1.67,0.0,0.0,0.5
格林美,2019-10-28,4.21,4.28,4.3,4.2,377209,170249103.0,2.38,1.9,0.08,0.91
格林美,2019-10-29,4.32,4.24,4.33,4.24,346280,157567875.0,2.1,-0.93,-0.04,0.84
格林美,2019-10-30,4.24,4.16,4.24,4.16,306903,136768740.0,1.89,-1.89,-0.08,0.74
格林美,2019-10-31,4.17,4.12,4.18,4.1,263906,116279813.0,1.92,-0.96,-0.04,0.64
格林美,2019-11-01,4.1,4.14,4.16,4.08,211489,93020212.0,1.94,0.49,0.02,0.51
格林美,2019-11-04,4.16,4.13,4.16,4.12,218218,96267929.0,0.97,-0.24,-0.01,0.53
格林美,2019-11-05,4.14,4.16,4.21,4.04,499923,219510692.0,4.12,0.73,0.03,1.21
格林美,2019-11-06,4.13,4.21,4.29,4.12,702878,315852304.0,4.09,1.2,0.05,1.7
格林美,2019-11-07,4.19,4.17,4.22,4.14,319284,141829959.0,1.9,-0.95,-0.04,0.77
格林美,2019-11-08,4.22,4.19,4.25,4.17,390994,175233561.0,1.92,0.48,0.02,0.95
格林美,2019-11-11,4.15,4.07,4.15,4.06,376066,164229961.0,2.15,-2.86,-0.12,0.91
格林美,2019-11-12,4.06,4.05,4.09,4.02,210099,90707055.0,1.72,-0.49,-0.02,0.51
格林美,2019-11-13,4.05,4.03,4.05,4.01,179147,77014317.0,0.99,-0.49,-0.02,0.43
格林美,2019-11-14,4.03,4.04,4.06,4.02,148592,64004188.0,0.99,0.25,0.01,0.36
格林美,2019-11-15,4.03,3.97,4.04,3.97,219542,93895878.0,1.73,-1.73,-0.07,0.53
格林美,2019-11-18,3.96,3.98,4.01,3.95,146628,62361127.0,1.51,0.25,0.01,0.36
格林美,2019-11-19,3.98,4.05,4.05,3.98,249884,107442137.0,1.76,1.76,0.07,0.61
格林美,2019-11-20,4.03,3.98,4.06,3.96,302033,129357704.0,2.47,-1.73,-0.07,0.73
格林美,2019-11-21,3.95,3.95,3.99,3.93,274950,116184727.0,1.51,-0.75,-0.03,0.67
格林美,2019-11-22,3.97,4.0,4.06,3.95,488824,208744214.0,2.78,1.27,0.05,1.19
格林美,2019-11-25,4.01,3.97,4.01,3.93,449452,190385869.0,2.0,-0.75,-0.03,1.09
格林美,2019-11-26,3.97,3.88,3.99,3.88,672763,283063552.0,2.77,-2.27,-0.09,1.63
格林美,2019-11-27,3.9,3.94,3.97,3.79,724793,301990064.0,4.64,1.55,0.06,1.76
格林美,2019-11-28,3.9,3.83,3.92,3.81,471559,194537374.0,2.79,-2.79,-0.11,1.14
格林美,2019-11-29,3.83,3.78,3.83,3.75,405704,164476732.0,2.09,-1.31,-0.05,0.98
格林美,2019-12-02,3.78,3.74,3.79,3.71,424977,170866271.0,2.12,-1.06,-0.04,1.03
格林美,2019-12-03,3.75,3.78,3.8,3.75,384910,155425348.0,1.34,1.07,0.04,0.93
格林美,2019-12-04,3.75,3.85,3.86,3.75,464548,190070688.0,2.91,1.85,0.07,1.13
格林美,2019-12-05,3.86,3.89,3.9,3.84,396911,164464526.0,1.56,1.04,0.04,0.96
格林美,2019-12-06,3.89,3.96,3.96,3.87,426428,178905136.0,2.31,1.8,0.07,1.03
格林美,2019-12-09,3.96,3.94,3.98,3.92,368968,155779680.0,1.52,-0.51,-0.02,0.89
格林美,2019-12-10,4.0,4.08,4.1,4.0,808267,349567008.0,2.54,3.55,0.14,1.96
格林美,2019-12-11,4.06,4.07,4.11,4.04,482064,209572716.0,1.72,-0.25,-0.01,1.17
格林美,2019-12-12,4.09,4.08,4.1,4.05,383039,166557738.0,1.23,0.25,0.01,0.93
格林美,2019-12-13,4.06,4.08,4.11,4.04,508855,221423095.0,1.72,0.0,0.0,1.23
格林美,2019-12-16,4.12,4.1,4.12,4.06,500825,217886783.0,1.47,0.49,0.02,1.21
格林美,2019-12-17,4.08,4.16,4.21,4.08,728290,322688448.0,3.17,1.46,0.06,1.77
格林美,2019-12-18,4.15,4.12,4.18,4.12,490838,216911485.0,1.44,-0.96,-0.04,1.19
格林美,2019-12-19,4.15,4.15,4.18,4.11,440561,194423818.0,1.7,0.73,0.03,1.07
格林美,2019-12-20,4.19,4.17,4.32,4.17,772866,348681040.0,3.61,0.48,0.02,1.87
格林美,2019-12-23,4.18,4.17,4.29,4.12,743190,333865808.0,4.08,0.0,0.0,1.8
格林美,2019-12-24,4.23,4.58,4.61,4.23,3559872,1698115456.0,9.11,9.83,0.41,8.63
格林美,2019-12-25,4.51,4.49,4.53,4.44,1792990,852604000.0,1.97,-1.97,-0.09,4.35
格林美,2019-12-26,4.5,4.53,4.62,4.46,1159777,557481744.0,3.56,0.89,0.04,2.81
格林美,2019-12-27,4.55,4.56,4.74,4.53,2278386,1118882000.0,4.64,0.66,0.03,5.52
格林美,2019-12-30,4.54,4.62,4.66,4.48,1235646,599434832.0,3.95,1.32,0.06,3.0
格林美,2019-12-31,4.62,4.6,4.68,4.54,952329,464327376.0,3.03,-0.43,-0.02,2.31
格林美,2020-01-02,4.67,4.61,4.67,4.57,1147427,560993568.0,2.17,0.22,0.01,2.78
格林美,2020-01-03,4.6,4.62,4.72,4.59,1210506,596150592.0,2.82,0.22,0.01,2.94
格林美,2020-01-06,4.64,4.85,4.96,4.64,2220258,1128652192.0,6.93,4.98,0.23,5.39
格林美,2020-01-07,4.85,4.91,4.95,4.77,1316645,676254384.0,3.71,1.24,0.06,3.19
格林美,2020-01-08,4.93,4.92,5.05,4.89,1634566,854940624.0,3.26,0.2,0.01,3.97
格林美,2020-01-09,5.01,4.93,5.06,4.88,1162221,607075440.0,3.66,0.2,0.01,2.82
格林美,2020-01-10,4.95,4.88,4.96,4.82,938300,482926480.0,2.84,-1.01,-0.05,2.28
格林美,2020-01-13,4.95,4.99,5.03,4.88,1354102,707987392.0,3.07,2.25,0.11,3.29
格林美,2020-01-14,5.05,5.52,5.52,5.04,3026385,1717561328.0,9.62,10.62,0.53,7.34
格林美,2020-01-15,5.52,5.39,5.57,5.26,3364884,1907348400.0,5.62,-2.36,-0.13,8.16
格林美,2020-01-16,5.39,5.47,5.59,5.32,2080940,1190850448.0,5.01,1.48,0.08,5.05
格林美,2020-01-17,5.43,5.38,5.45,5.25,1594170,896228944.0,3.66,-1.65,-0.09,3.87
格林美,2020-01-20,5.38,5.57,5.67,5.31,1784325,1030023616.0,6.69,3.53,0.19,4.33
格林美,2020-01-21,5.51,5.38,5.53,5.36,1216070,693738944.0,3.05,-3.41,-0.19,2.95
格林美,2020-01-22,5.33,5.63,5.7,5.26,2105023,1222211648.0,8.18,4.65,0.25,5.11
格林美,2020-01-23,5.53,5.5,5.74,5.37,1903173,1107766496.0,6.57,-2.31,-0.13,4.62
格林美,2020-02-03,4.92,4.92,5.16,4.92,2496497,1305061776.0,4.36,-10.55,-0.58,6.06
格林美,2020-02-04,5.05,5.44,5.44,5.04,3174346,1778270352.0,8.13,10.57,0.52,7.7
格林美,2020-02-05,5.72,5.92,6.01,5.65,4410171,2721435904.0,6.62,8.82,0.48,10.7
格林美,2020-02-06,5.69,6.09,6.15,5.69,4120745,2550822912.0,7.77,2.87,0.17,10.0
格林美,2020-02-07,5.99,5.89,6.08,5.74,3215968,1985905120.0,5.58,-3.28,-0.2,7.8
格林美,2020-02-10,5.87,6.09,6.11,5.8,3212539,2007814336.0,5.26,3.4,0.2,7.79
格林美,2020-02-11,6.1,5.84,6.1,5.83,2289189,1411756992.0,4.43,-4.11,-0.25,5.55
格林美,2020-02-12,5.75,6.18,6.35,5.75,3776268,2399036976.0,10.27,5.82,0.34,9.16
格林美,2020-02-13,6.09,5.97,6.15,5.94,2828162,1781623184.0,3.4,-3.4,-0.21,6.86
格林美,2020-02-14,6.02,6.02,6.28,5.96,2496351,1586351408.0,5.36,0.84,0.05,6.06
格林美,2020-02-17,6.1,6.1,6.17,6.0,2240207,1420917584.0,2.82,1.33,0.08,5.44
格林美,2020-02-18,6.09,6.11,6.34,5.95,3124001,1996208544.0,6.39,0.16,0.01,7.58
格林美,2020-02-19,5.81,5.62,5.98,5.53,4875684,2924311920.0,7.36,-8.02,-0.49,11.83
格林美,2020-02-20,5.71,5.55,5.74,5.39,2733293,1586220240.0,6.23,-1.25,-0.07,6.63
格林美,2020-02-21,5.6,5.62,5.71,5.49,1962929,1154894976.0,3.96,1.26,0.07,4.76
格林美,2020-02-24,5.56,5.64,5.7,5.36,2526009,1468832864.0,6.05,0.36,0.02,6.13
格林美,2020-02-25,5.5,5.54,5.62,5.32,2636911,1518890608.0,5.32,-1.77,-0.1,6.4
格林美,2020-02-26,5.44,5.33,5.51,5.33,2173389,1233375456.0,3.25,-3.79,-0.21,5.27
格林美,2020-02-27,5.37,5.24,5.4,5.2,1587383,877686400.0,3.75,-1.69,-0.09,3.85
格林美,2020-02-28,5.03,5.08,5.36,4.98,2300062,1245876384.0,7.25,-3.05,-0.16,5.58
格林美,2020-03-02,5.13,5.18,5.2,5.05,1592249,862727760.0,2.95,1.97,0.1,3.86
格林美,2020-03-03,5.25,5.21,5.36,5.15,1788393,985686672.0,4.05,0.58,0.03,4.34
格林美,2020-03-04,5.23,5.23,5.29,5.11,1153701,633318336.0,3.45,0.38,0.02,2.8
格林美,2020-03-05,5.27,5.46,5.46,5.24,2047345,1152164160.0,4.21,4.4,0.23,4.97
格林美,2020-03-06,5.37,5.35,5.51,5.33,1334029,756837328.0,3.3,-2.01,-0.11,3.24
格林美,2020-03-09,5.37,5.09,5.42,5.09,1516154,832010704.0,6.17,-4.86,-0.26,3.68
格林美,2020-03-10,4.96,5.13,5.19,4.86,1424985,753880800.0,6.48,0.79,0.04,3.46
格林美,2020-03-11,5.18,4.93,5.2,4.93,1248652,662857712.0,5.26,-3.9,-0.2,3.03
格林美,2020-03-12,4.82,4.78,4.91,4.74,1058420,536069616.0,3.45,-3.04,-0.15,2.57
格林美,2020-03-13,4.54,4.67,4.75,4.43,1405433,678310448.0,6.69,-2.3,-0.11,3.41
格林美,2020-03-16,4.75,4.49,4.79,4.45,1241380,608188208.0,7.28,-3.85,-0.18,3.01
格林美,2020-03-17,4.53,4.5,4.62,4.35,998469,474318416.0,6.01,0.22,0.01,2.42
格林美,2020-03-18,4.55,4.4,4.63,4.39,1016881,487162832.0,5.33,-2.22,-0.1,2.47
格林美,2020-03-19,4.38,4.42,4.45,4.28,877290,407417408.0,3.86,0.45,0.02,2.13
格林美,2020-03-20,4.49,4.5,4.52,4.36,713181,336427808.0,3.62,1.81,0.08,1.73
格林美,2020-03-23,4.32,4.21,4.37,4.18,814335,370873456.0,4.22,-6.44,-0.29,1.98
格林美,2020-03-24,4.31,4.48,4.49,4.27,1189616,553127504.0,5.23,6.41,0.27,2.89
格林美,2020-03-25,4.59,4.56,4.65,4.54,1030958,500434240.0,2.46,1.79,0.08,2.5
格林美,2020-03-26,4.52,4.49,4.61,4.47,675877,324705728.0,3.07,-1.54,-0.07,1.64
格林美,2020-03-27,4.55,4.48,4.58,4.46,554901,265482882.0,2.67,-0.22,-0.01,1.35
格林美,2020-03-30,4.39,4.37,4.43,4.26,619729,285701568.0,3.79,-2.46,-0.11,1.5
格林美,2020-03-31,4.43,4.38,4.46,4.35,470391,220014553.0,2.52,0.23,0.01,1.14
格林美,2020-04-01,4.43,4.51,4.59,4.39,1000952,478712864.0,4.57,2.97,0.13,2.42
格林美,2020-04-02,4.47,4.56,4.56,4.44,585224,279974160.0,2.66,1.11,0.05,1.41
格林美,2020-04-03,4.54,4.41,4.58,4.39,730587,345763712.0,4.17,-3.29,-0.15,1.77
格林美,2020-04-07,4.5,4.56,4.58,4.47,794884,381116960.0,2.49,3.4,0.15,1.92
格林美,2020-04-08,4.54,4.59,4.65,4.5,879002,425849664.0,3.29,0.66,0.03,2.12
格林美,2020-04-09,4.64,4.56,4.65,4.55,531890,258331281.0,2.18,-0.65,-0.03,1.29
格林美,2020-04-10,4.58,4.46,4.61,4.44,572766,274251552.0,3.73,-2.19,-0.1,1.38
格林美,2020-04-13,4.46,4.38,4.46,4.38,371468,173576121.0,1.79,-1.79,-0.08,0.9
格林美,2020-04-14,4.43,4.55,4.55,4.41,670726,319744224.0,3.2,3.88,0.17,1.62
格林美,2020-04-15,4.56,4.49,4.59,4.49,606791,292262528.0,2.2,-1.32,-0.06,1.47
格林美,2020-04-16,4.45,4.42,4.49,4.39,716579,336824720.0,2.23,-1.56,-0.07,1.73
格林美,2020-04-17,4.46,4.46,4.52,4.44,628705,298305472.0,1.81,0.9,0.04,1.52
格林美,2020-04-20,4.58,4.49,4.61,4.44,811321,387019408.0,3.81,0.67,0.03,1.96
格林美,2020-04-21,4.43,4.41,4.44,4.36,604728,282089344.0,1.78,-1.78,-0.08,1.46
格林美,2020-04-22,4.36,4.44,4.44,4.35,444281,207509575.0,2.04,0.68,0.03,1.07
格林美,2020-04-23,4.45,4.36,4.46,4.35,511685,237844161.0,2.48,-1.8,-0.08,1.24
格林美,2020-04-24,4.35,4.31,4.42,4.29,514224,237508278.0,2.98,-1.15,-0.05,1.24
格林美,2020-04-27,4.34,4.28,4.35,4.26,359543,164268393.0,2.09,-0.7,-0.03,0.87
格林美,2020-04-28,4.31,4.19,4.36,4.15,677694,305733280.0,4.91,-2.1,-0.09,1.64
格林美,2020-04-29,4.19,4.2,4.24,4.17,330600,148125752.0,1.67,0.24,0.01,0.8
格林美,2020-04-30,4.21,4.37,4.38,4.21,686281,315437968.0,4.05,4.05,0.17,1.66
格林美,2020-05-06,4.33,4.53,4.53,4.31,1004306,475815216.0,5.03,3.66,0.16,2.43
格林美,2020-05-07,4.53,4.43,4.54,4.42,739784,351027680.0,2.65,-2.21,-0.1,1.79
格林美,2020-05-08,4.44,4.47,4.51,4.4,843162,397988480.0,2.48,0.9,0.04,2.04
格林美,2020-05-11,4.48,4.39,4.51,4.35,743635,348726768.0,3.58,-1.79,-0.08,1.8
格林美,2020-05-12,4.36,4.29,4.36,4.25,625316,285792288.0,2.51,-2.28,-0.1,1.51
格林美,2020-05-13,4.27,4.31,4.35,4.27,500623,229303729.0,1.86,0.47,0.02,1.21
格林美,2020-05-14,4.29,4.25,4.3,4.24,391232,177550116.0,1.39,-1.39,-0.06,0.95
格林美,2020-05-15,4.27,4.25,4.29,4.22,413768,187339395.0,1.65,0.0,0.0,1.0
格林美,2020-05-18,4.27,4.28,4.3,4.19,518734,234983740.0,2.59,0.71,0.03,1.25
格林美,2020-05-19,4.31,4.25,4.34,4.24,503344,229050686.0,2.34,-0.7,-0.03,1.22
格林美,2020-05-20,4.26,4.33,4.46,4.26,1033569,480665280.0,4.71,1.88,0.08,2.5
格林美,2020-05-21,4.35,4.23,4.36,4.2,712200,323237296.0,3.7,-2.31,-0.1,1.72
格林美,2020-05-22,4.22,4.1,4.22,4.09,730466,322387504.0,3.07,-3.07,-0.13,1.77
格林美,2020-05-25,4.07,4.04,4.11,4.03,343754,148987893.0,1.95,-1.46,-0.06,0.83
格林美,2020-05-26,4.07,4.13,4.13,4.05,384623,168249077.0,1.98,2.23,0.09,0.93
格林美,2020-05-27,4.12,4.08,4.12,4.05,366095,159204634.0,1.69,-1.21,-0.05,0.89
格林美,2020-05-28,4.09,4.18,4.21,4.06,795349,350349104.0,3.68,2.45,0.1,1.93
格林美,2020-05-29,4.12,4.09,4.18,4.09,556925,245187221.0,2.15,-2.15,-0.09,1.35
格林美,2020-06-01,4.13,4.21,4.22,4.1,768546,341895664.0,2.93,2.93,0.12,1.87
格林美,2020-06-02,4.22,4.25,4.37,4.21,1124235,512626144.0,3.8,0.95,0.04,2.73
格林美,2020-06-03,4.27,4.22,4.29,4.2,622952,281222528.0,2.12,-0.71,-0.03,1.51
格林美,2020-06-04,4.24,4.31,4.35,4.23,1060415,485550848.0,2.84,2.13,0.09,2.57
格林美,2020-06-05,4.33,4.27,4.35,4.21,682462,309389536.0,3.25,-0.93,-0.04,1.65
格林美,2020-06-08,4.31,4.28,4.34,4.26,627822,286742176.0,1.87,0.23,0.01,1.52
格林美,2020-06-09,4.31,4.28,4.33,4.26,488480,222647272.0,1.64,0.0,0.0,1.18
格林美,2020-06-10,4.28,4.22,4.29,4.2,484027,217818734.0,2.1,-1.4,-0.06,1.17
格林美,2020-06-11,4.23,4.28,4.41,4.22,1153541,529068256.0,4.5,1.42,0.06,2.79
格林美,2020-06-12,4.17,4.23,4.26,4.15,635189,283483040.0,2.57,-1.17,-0.05,1.54
格林美,2020-06-15,4.21,4.2,4.31,4.17,671435,300531616.0,3.31,-0.71,-0.03,1.63
格林美,2020-06-16,4.23,4.43,4.49,4.23,1804221,831914784.0,6.19,5.48,0.23,4.37
格林美,2020-06-17,4.4,4.42,4.51,4.37,1215945,566621888.0,3.16,-0.23,-0.01,2.94
格林美,2020-06-18,4.41,4.37,4.44,4.36,744325,344607920.0,1.81,-1.13,-0.05,1.8
格林美,2020-06-19,4.38,4.49,4.53,4.36,1489724,700925840.0,3.89,2.75,0.12,3.61
格林美,2020-06-22,4.59,4.59,4.73,4.58,1695249,829632384.0,3.34,2.23,0.1,4.11
格林美,2020-06-23,4.6,4.76,4.79,4.57,1859374,920509424.0,4.79,3.7,0.17,4.5
格林美,2020-06-24,4.81,4.68,4.81,4.67,996461,493248144.0,2.94,-1.68,-0.08,2.41
格林美,2020-06-29,4.65,4.56,4.69,4.52,1017197,491808768.0,3.63,-2.56,-0.12,2.46
格林美,2020-06-30,4.6,4.73,4.8,4.58,1115240,553173600.0,4.82,3.73,0.17,2.7
格林美,2020-07-01,4.78,4.69,4.84,4.62,1292873,643004064.0,4.65,-0.85,-0.04,3.13
格林美,2020-07-02,4.7,4.75,4.78,4.65,1238836,614079840.0,2.77,1.28,0.06,3.0
格林美,2020-07-03,4.79,4.82,4.91,4.75,1638208,829701504.0,3.37,1.47,0.07,3.97
格林美,2020-07-06,4.9,5.06,5.08,4.84,2110716,1103525360.0,4.98,4.98,0.24,5.11
格林美,2020-07-07,5.18,5.04,5.3,5.03,2632815,1425618512.0,5.34,-0.4,-0.02,6.38
格林美,2020-07-08,5.01,5.16,5.23,4.99,1733248,931366256.0,4.76,2.38,0.12,4.2
格林美,2020-07-09,5.15,5.23,5.25,5.08,2021627,1095288832.0,3.29,1.36,0.07,4.9
格林美,2020-07-10,5.18,5.07,5.3,5.04,1941038,1047518400.0,4.97,-3.06,-0.16,4.7
格林美,2020-07-13,5.07,5.44,5.51,5.06,2810028,1572157408.0,8.88,7.3,0.37,6.81
格林美,2020-07-14,5.44,5.21,5.47,5.08,2545729,1400090640.0,7.17,-4.23,-0.23,6.17
格林美,2020-07-15,5.24,5.05,5.27,5.0,1609340,862363168.0,5.18,-3.07,-0.16,3.9
格林美,2020-07-16,5.11,4.82,5.2,4.81,1670583,874918464.0,7.72,-4.55,-0.23,4.05
格林美,2020-07-17,4.91,5.12,5.25,4.91,2451652,1311357728.0,7.05,6.22,0.3,5.94
格林美,2020-07-20,5.23,5.31,5.34,5.17,2060234,1137136336.0,3.32,3.71,0.19,4.99
格林美,2020-07-21,5.29,5.11,5.31,5.07,1872342,1009079744.0,4.52,-3.77,-0.2,4.54
格林美,2020-07-22,5.15,5.04,5.16,5.01,1454274,772447856.0,2.94,-1.37,-0.07,3.52
格林美,2020-07-23,4.98,5.15,5.18,4.96,1846109,982789280.0,4.37,2.18,0.11,4.47
格林美,2020-07-24,5.11,4.78,5.11,4.71,2166741,1114946512.0,7.77,-7.18,-0.37,5.25
格林美,2020-07-27,4.78,4.85,4.92,4.7,1164634,589033040.0,4.6,1.46,0.07,2.82
格林美,2020-07-28,4.94,5.15,5.24,4.93,3043363,1636673568.0,6.39,6.19,0.3,7.37
格林美,2020-07-29,5.17,5.23,5.27,5.11,1919330,1044602048.0,3.11,1.55,0.08,4.65
格林美,2020-07-30,5.27,5.2,5.3,5.12,1653575,901331616.0,3.44,-0.57,-0.03,4.01
格林美,2020-07-31,5.16,5.11,5.27,5.06,1798956,967465488.0,4.04,-1.73,-0.09,4.36
格林美,2020-08-03,5.17,5.31,5.31,5.13,2132901,1168367872.0,3.52,3.91,0.2,5.17
格林美,2020-08-04,5.36,5.43,5.62,5.35,3385649,1930455904.0,5.08,2.26,0.12,8.2
格林美,2020-08-05,5.42,5.31,5.42,5.19,2514496,1388501232.0,4.24,-2.21,-0.12,6.09
格林美,2020-08-06,5.36,5.3,5.44,5.2,1919004,1065975440.0,4.52,-0.19,-0.01,4.65
格林美,2020-08-07,5.3,5.14,5.3,5.02,1913471,1029288976.0,5.28,-3.02,-0.16,4.64
格林美,2020-08-10,5.09,5.08,5.12,5.03,1041360,553015696.0,1.75,-1.17,-0.06,2.52
格林美,2020-08-11,5.12,4.91,5.12,4.9,1590617,833724704.0,4.33,-3.35,-0.17,3.85
格林美,2020-08-12,4.97,5.1,5.1,4.86,1493752,777554224.0,4.89,3.87,0.19,3.62
格林美,2020-08-13,5.12,5.03,5.15,5.0,987110,522876560.0,2.94,-1.37,-0.07,2.39
格林美,2020-08-14,5.08,5.36,5.51,5.05,3650282,2042151120.0,9.15,6.56,0.33,8.84
格林美,2020-08-17,5.35,5.55,5.6,5.33,3340371,1920074496.0,5.04,3.54,0.19,8.09
格林美,2020-08-18,5.53,5.53,5.6,5.42,2213972,1270654112.0,3.24,-0.36,-0.02,5.36
格林美,2020-08-19,5.45,5.45,5.69,5.4,2726316,1575346336.0,5.24,-1.45,-0.08,6.61
格林美,2020-08-20,5.52,5.32,5.55,5.28,1808531,1016186288.0,4.95,-2.39,-0.13,4.38
格林美,2020-08-21,5.46,5.56,5.85,5.4,3517413,2063227120.0,8.46,4.51,0.24,8.52
格林美,2020-08-24,5.67,5.58,5.71,5.49,1827067,1063065504.0,3.96,0.36,0.02,4.43
格林美,2020-08-25,5.57,5.39,5.57,5.37,1766116,1004472640.0,3.58,-3.41,-0.19,4.28
格林美,2020-08-26,5.37,5.27,5.46,5.22,1417582,787834304.0,4.45,-2.23,-0.12,3.43
格林美,2020-08-27,5.2,5.24,5.26,5.11,1361645,738642288.0,2.85,-0.57,-0.03,3.3
格林美,2020-08-28,5.19,5.26,5.3,5.15,990280,541257248.0,2.86,0.38,0.02,2.4
格林美,2020-08-31,5.3,5.18,5.33,5.18,1228847,674366896.0,2.85,-1.52,-0.08,2.98
格林美,2020-09-01,5.19,5.25,5.31,5.12,1101473,601560720.0,3.67,1.35,0.07,2.67
格林美,2020-09-02,5.24,5.17,5.26,5.13,930065,503648048.0,2.48,-1.52,-0.08,2.25
格林美,2020-09-03,5.2,5.09,5.23,5.07,888642,477222720.0,3.09,-1.55,-0.08,2.15
格林美,2020-09-04,4.97,5.03,5.06,4.94,748780,392681440.0,2.36,-1.18,-0.06,1.81
格林美,2020-09-07,5.01,4.94,5.12,4.92,1041682,546407488.0,3.98,-1.79,-0.09,2.52
格林美,2020-09-08,4.99,5.06,5.07,4.9,922341,483754000.0,3.44,2.43,0.12,2.23
格林美,2020-09-09,4.99,5.0,5.13,4.97,900304,475773344.0,3.16,-1.19,-0.06,2.18
格林美,2020-09-10,5.04,4.85,5.09,4.8,929354,480722512.0,5.8,-3.0,-0.15,2.25
格林美,2020-09-11,4.83,4.86,4.89,4.81,487512,248656911.0,1.65,0.21,0.01,1.18
格林美,2020-09-14,4.9,4.98,5.04,4.89,735443,383697040.0,3.09,2.47,0.12,1.78
格林美,2020-09-15,4.98,4.9,4.98,4.88,598357,308322128.0,2.01,-1.61,-0.08,1.45
格林美,2020-09-16,4.92,4.92,4.97,4.86,528782,272813968.0,2.24,0.41,0.02,1.28
格林美,2020-09-17,4.94,5.03,5.08,4.9,933688,488087328.0,3.66,2.24,0.11,2.26
格林美,2020-09-18,5.01,5.04,5.05,4.95,696555,365710816.0,1.99,0.2,0.01,1.69
格林美,2020-09-21,5.04,4.98,5.09,4.97,610615,321076160.0,2.38,-1.19,-0.06,1.48
格林美,2020-09-22,4.93,4.86,4.94,4.84,597271,306071472.0,2.01,-2.41,-0.12,1.45
格林美,2020-09-23,4.89,4.86,4.9,4.84,390838,199721393.0,1.23,0.0,0.0,0.95
格林美,2020-09-24,4.82,4.68,4.84,4.68,724453,360995136.0,3.29,-3.7,-0.18,1.76
格林美,2020-09-25,4.7,4.57,4.72,4.51,745408,359919376.0,4.49,-2.35,-0.11,1.81
格林美,2020-09-28,4.58,4.48,4.59,4.47,378656,180208451.0,2.63,-1.97,-0.09,0.92
格林美,2020-09-29,4.51,4.54,4.59,4.5,377142,180525066.0,2.01,1.34,0.06,0.91
格林美,2020-09-30,4.55,4.47,4.57,4.45,359085,170460413.0,2.64,-1.54,-0.07,0.87
格林美,2020-10-09,4.57,4.69,4.7,4.56,755076,369755168.0,3.13,4.92,0.22,1.83
格林美,2020-10-12,4.78,4.84,4.86,4.77,822565,416026768.0,1.92,3.2,0.15,1.99
格林美,2020-10-13,4.81,4.82,4.84,4.78,537644,271387680.0,1.24,-0.41,-0.02,1.3
格林美,2020-10-14,4.83,4.83,4.89,4.78,551614,279616976.0,2.28,0.21,0.01,1.34
格林美,2020-10-15,4.84,4.81,4.88,4.8,508763,258295609.0,1.66,-0.41,-0.02,1.23
格林美,2020-10-16,4.79,4.72,4.81,4.67,595327,295146384.0,2.91,-1.87,-0.09,1.44
格林美,2020-10-19,4.76,4.73,4.85,4.71,762158,382153712.0,2.97,0.21,0.01,1.85
格林美,2020-10-20,4.7,4.75,4.77,4.57,659852,322648928.0,4.23,0.42,0.02,1.6
格林美,2020-10-21,4.77,4.68,4.82,4.66,564706,281094912.0,3.37,-1.47,-0.07,1.37
格林美,2020-10-22,4.64,4.67,4.71,4.6,350947,171775201.0,2.35,-0.21,-0.01,0.85
格林美,2020-10-23,4.67,4.59,4.73,4.58,442242,215601125.0,3.21,-1.71,-0.08,1.07
格林美,2020-10-26,4.58,4.57,4.61,4.52,339537,163193228.0,1.96,-0.44,-0.02,0.82
格林美,2020-10-27,4.56,4.6,4.64,4.54,337032,162965031.0,2.19,0.66,0.03,0.82
格林美,2020-10-28,4.61,4.62,4.65,4.48,673511,323765744.0,3.7,0.43,0.02,1.63
格林美,2020-10-29,4.55,4.74,4.76,4.52,905555,446013696.0,5.19,2.6,0.12,2.19
格林美,2020-10-30,4.77,4.56,4.79,4.55,687705,335946944.0,5.06,-3.8,-0.18,1.67
格林美,2020-11-02,4.36,4.22,4.4,4.14,1430651,641620240.0,5.7,-7.46,-0.34,3.47
格林美,2020-11-03,4.24,4.67,4.67,4.24,1985380,950250288.0,10.19,10.66,0.45,4.81
格林美,2020-11-04,4.67,4.6,4.73,4.57,1129402,550598464.0,3.43,-1.5,-0.07,2.74
格林美,2020-11-05,4.68,4.81,4.84,4.61,1392482,693869040.0,5.0,4.57,0.21,3.37
格林美,2020-11-06,4.82,4.79,4.89,4.72,1054127,531210544.0,3.53,-0.42,-0.02,2.55
格林美,2020-11-09,4.82,4.83,4.9,4.78,1448023,734789104.0,2.51,0.84,0.04,3.51
格林美,2020-11-10,4.83,4.73,4.83,4.68,999820,498138752.0,3.11,-2.07,-0.1,2.42
格林美,2020-11-11,4.74,4.66,4.79,4.65,649657,321898304.0,2.96,-1.48,-0.07,1.57
格林美,2020-11-12,4.66,4.59,4.72,4.57,725298,352822928.0,3.22,-1.5,-0.07,1.76
格林美,2020-11-13,4.66,4.68,4.77,4.64,1122271,554633728.0,2.83,1.96,0.09,2.72
格林美,2020-11-16,4.64,4.87,4.92,4.59,1873377,946096528.0,7.05,4.06,0.19,4.54
格林美,2020-11-17,4.85,4.83,4.88,4.77,953199,482081056.0,2.26,-0.82,-0.04,2.31
格林美,2020-11-18,4.81,4.73,4.91,4.69,1428786,721593424.0,4.55,-2.07,-0.1,3.46
格林美,2020-11-19,4.74,4.63,4.74,4.59,1025066,499187680.0,3.17,-2.11,-0.1,2.48
格林美,2020-11-20,4.6,4.96,5.02,4.58,2790565,1425997232.0,9.5,7.13,0.33,6.76
格林美,2020-11-23,4.95,4.94,5.09,4.87,3970859,2073302064.0,4.44,-0.4,-0.02,8.34
格林美,2020-11-24,4.99,5.12,5.15,4.9,3377728,1794145856.0,5.06,3.64,0.18,7.09
格林美,2020-11-25,5.12,5.0,5.15,4.97,2552748,1352063552.0,3.52,-2.34,-0.12,5.36
格林美,2020-11-26,5.02,4.91,5.04,4.84,1642063,843955504.0,4.0,-1.8,-0.09,3.45
格林美,2020-11-27,4.85,4.88,4.94,4.78,1301674,662080816.0,3.26,-0.61,-0.03,2.73
格林美,2020-11-30,4.87,4.87,4.98,4.83,1585052,815034992.0,3.07,-0.2,-0.01,3.33
格林美,2020-12-01,4.84,4.89,4.91,4.79,1200058,611337488.0,2.46,0.41,0.02,2.52
格林美,2020-12-02,4.85,4.89,4.96,4.85,1339728,688777792.0,2.25,0.0,0.0,2.81
格林美,2020-12-03,4.87,4.79,4.89,4.78,1103375,557469648.0,2.25,-2.04,-0.1,2.32
格林美,2020-12-04,4.84,5.03,5.11,4.81,2913256,1523224208.0,6.26,5.01,0.24,6.12
格林美,2020-12-07,5.02,5.04,5.12,4.97,2103315,1111080240.0,2.98,0.2,0.01,4.42
格林美,2020-12-08,5.07,5.0,5.1,4.96,1419764,747556096.0,2.78,-0.79,-0.04,2.98
格林美,2020-12-09,5.08,4.99,5.21,4.99,2562817,1369297456.0,4.4,-0.2,-0.01,5.38
格林美,2020-12-10,4.96,4.9,5.01,4.87,1554697,804139152.0,2.81,-1.8,-0.09,3.26
格林美,2020-12-11,5.02,4.93,5.13,4.88,2073820,1086662624.0,5.1,0.61,0.03,4.36
格林美,2020-12-14,4.88,4.89,4.91,4.71,1656756,835528720.0,4.06,-0.81,-0.04,3.48
格林美,2020-12-15,4.88,5.12,5.17,4.86,3230443,1721591680.0,6.34,4.7,0.23,6.78
格林美,2020-12-16,5.17,5.16,5.21,5.05,2338826,1256864592.0,3.13,0.78,0.04,4.91
格林美,2020-12-17,5.1,5.36,5.41,5.04,4324800,2370813568.0,7.17,3.88,0.2,9.08
格林美,2020-12-18,5.36,5.39,5.55,5.31,4571344,2592771120.0,4.48,0.56,0.03,9.6
格林美,2020-12-21,5.48,5.95,5.95,5.48,6439500,3932385632.0,8.72,10.39,0.56,13.52
格林美,2020-12-22,5.97,5.89,6.09,5.86,6403438,3981011280.0,3.87,-1.01,-0.06,13.45
格林美,2020-12-23,5.94,6.21,6.48,5.81,6489029,4114327424.0,11.38,5.43,0.32,13.63
格林美,2020-12-24,6.18,6.2,6.5,6.09,5004018,3270658560.0,6.6,-0.16,-0.01,10.51
格林美,2020-12-25,6.16,6.46,6.47,6.09,5391893,3529431920.0,6.13,4.19,0.26,11.32
格林美,2020-12-28,6.51,6.41,6.64,6.22,4998911,3340785456.0,6.5,-0.77,-0.05,10.5
格林美,2020-12-29,6.51,6.07,6.53,5.99,5251389,3367633904.0,8.42,-5.3,-0.34,11.03
格林美,2020-12-30,6.25,6.7,6.7,6.19,4672695,3193680896.0,8.4,10.38,0.63,9.81
格林美,2020-12-31,6.71,6.75,6.87,6.56,6651874,4617897728.0,4.63,0.75,0.05,13.97
格林美,2021-01-04,6.98,7.45,7.45,6.9,6656811,5007926272.0,8.15,10.37,0.7,13.98
格林美,2021-01-05,7.7,7.56,8.03,7.49,7889858,6303791104.0,7.25,1.48,0.11,16.57
格林美,2021-01-06,7.69,7.93,8.14,7.4,6259093,5022053632.0,9.79,4.89,0.37,13.14
格林美,2021-01-07,7.78,8.08,8.36,7.73,5853660,4880258048.0,7.94,1.89,0.15,12.29
格林美,2021-01-08,8.36,8.91,8.91,7.9,6840891,5890471424.0,12.5,10.27,0.83,14.37
格林美,2021-01-11,9.16,8.92,9.83,8.57,9045587,8554785280.0,14.14,0.11,0.01,19.0
格林美,2021-01-12,8.76,9.02,9.24,8.33,7455260,6733944832.0,10.2,1.12,0.1,15.66
格林美,2021-01-13,8.94,8.15,9.0,8.09,8145894,7098941440.0,10.09,-9.65,-0.87,17.11
格林美,2021-01-14,7.97,8.13,8.53,7.91,5653862,4799447808.0,7.61,-0.25,-0.02,11.87
格林美,2021-01-15,8.07,8.17,8.33,7.68,5783130,4760371968.0,8.0,0.49,0.04,12.14
格林美,2021-01-18,7.99,7.97,8.11,7.77,3988420,3273865248.0,4.16,-2.45,-0.2,8.38
格林美,2021-01-19,8.05,7.68,8.29,7.55,5464667,4460820480.0,9.28,-3.64,-0.29,11.48
格林美,2021-01-20,7.72,7.86,8.05,7.68,4214026,3414791776.0,4.82,2.34,0.18,8.85
格林美,2021-01-21,7.84,8.36,8.66,7.69,5973523,5076631296.0,12.34,6.36,0.5,12.54
格林美,2021-01-22,8.26,8.41,8.56,7.97,5676494,4816585728.0,7.06,0.6,0.05,11.92
格林美,2021-01-25,8.42,8.84,9.11,8.26,6294631,5639957248.0,10.11,5.11,0.43,13.22
格林美,2021-01-26,8.62,8.24,8.77,8.14,4564754,3951981888.0,7.13,-6.79,-0.6,9.59
格林美,2021-01-27,8.19,8.0,8.32,7.65,3959268,3233469872.0,8.13,-2.91,-0.24,8.31
格林美,2021-01-28,7.72,7.46,7.91,7.44,3380031,2665868880.0,5.88,-6.75,-0.54,7.1
格林美,2021-01-29,7.63,7.75,7.8,7.27,3499548,2735460336.0,7.1,3.89,0.29,7.35
格林美,2021-02-01,7.71,8.04,8.17,7.62,3753386,3095994976.0,7.1,3.74,0.29,7.88
格林美,2021-02-02,8.04,8.3,8.36,7.97,3722777,3148139120.0,4.85,3.23,0.26,7.82
格林美,2021-02-03,8.35,8.09,8.42,7.99,3875621,3281949728.0,5.18,-2.53,-0.21,8.14
格林美,2021-02-04,7.98,7.49,8.02,7.47,3748087,2972883264.0,6.8,-7.42,-0.6,7.87
格林美,2021-02-05,7.69,7.09,7.71,7.08,3371598,2550531072.0,8.41,-5.34,-0.4,7.08
格林美,2021-02-08,7.21,7.31,7.41,7.04,2462755,1847525168.0,5.22,3.1,0.22,5.17
格林美,2021-02-09,7.31,7.48,7.59,7.28,2684913,2070275632.0,4.24,2.33,0.17,5.64
格林美,2021-02-10,7.48,7.27,7.5,7.02,3031315,2267239536.0,6.42,-2.81,-0.21,6.37
格林美,2021-02-18,7.76,7.76,7.92,7.59,4150731,3320227472.0,4.54,6.74,0.49,8.72
格林美,2021-02-19,7.76,8.29,8.46,7.67,5610870,4668169984.0,10.18,6.83,0.53,11.78
格林美,2021-02-22,8.36,8.58,9.04,8.29,5906763,5286084352.0,9.05,3.5,0.29,12.4
格林美,2021-02-23,8.38,8.43,8.72,8.18,3671247,3189989968.0,6.29,-1.75,-0.15,7.71
格林美,2021-02-24,8.43,8.22,8.78,8.06,4051137,3510117680.0,8.54,-2.49,-0.21,8.51
格林美,2021-02-25,8.49,7.84,8.61,7.79,3636001,3050937552.0,9.98,-4.62,-0.38,7.64
格林美,2021-02-26,7.4,7.27,7.55,7.2,3578337,2724736464.0,4.46,-7.27,-0.57,7.51
格林美,2021-03-01,7.62,8.02,8.02,7.52,3968791,3224647072.0,6.88,10.32,0.75,8.33
格林美,2021-03-02,8.36,8.44,8.63,8.27,6378021,5533325312.0,4.49,5.24,0.42,13.39
格林美,2021-03-03,8.49,8.74,8.8,8.32,5595826,4952735488.0,5.69,3.55,0.3,11.75
格林美,2021-03-04,8.46,7.96,8.47,7.84,6886531,5715318016.0,7.21,-8.92,-0.78,14.46
格林美,2021-03-05,7.56,7.76,7.88,7.42,3163419,2504773200.0,5.78,-2.51,-0.2,6.64
格林美,2021-03-08,7.86,7.55,7.9,7.54,2667984,2112623472.0,4.64,-2.71,-0.21,5.6
格林美,2021-03-09,7.5,8.33,8.33,7.43,6053427,5069497088.0,11.92,10.33,0.78,12.71
格林美,2021-03-10,8.43,8.14,8.53,8.12,6099787,5219184384.0,4.92,-2.28,-0.19,12.81
格林美,2021-03-11,8.15,8.57,8.63,7.97,5563773,4791585280.0,8.11,5.28,0.43,11.68
格林美,2021-03-12,8.48,8.56,8.88,8.33,5554112,4898897408.0,6.42,-0.12,-0.01,11.66
格林美,2021-03-15,8.41,8.94,9.29,8.28,6312166,5721911552.0,11.8,4.44,0.38,13.26
格林美,2021-03-16,8.94,8.83,9.54,8.57,6745719,6245771520.0,10.85,-1.23,-0.11,14.17
格林美,2021-03-17,8.61,8.85,8.99,8.43,4379427,3926534832.0,6.34,0.23,0.02,9.2
格林美,2021-03-18,8.91,8.64,9.0,8.55,3829258,3418537808.0,5.08,-2.37,-0.21,8.04
格林美,2021-03-19,8.43,8.1,8.43,8.07,4239121,3584112000.0,4.17,-6.25,-0.54,8.9
格林美,2021-03-22,8.06,8.28,8.36,7.99,2773024,2346704144.0,4.57,2.22,0.18,5.82
格林美,2021-03-23,8.22,8.05,8.29,7.92,2753503,2282578384.0,4.47,-2.78,-0.23,5.78
格林美,2021-03-24,8.05,8.17,8.44,7.97,3061699,2593006416.0,5.84,1.49,0.12,6.43
格林美,2021-03-25,7.92,7.95,8.12,7.47,2849251,2301820880.0,7.96,-2.69,-0.22,5.98
格林美,2021-03-26,7.99,8.77,8.77,7.99,6387785,5618866432.0,9.81,10.31,0.82,13.41
格林美,2021-03-29,8.95,8.72,9.0,8.65,5540482,5013746176.0,3.99,-0.57,-0.05,11.63
格林美,2021-03-30,8.78,8.76,8.8,8.43,4246629,3768107680.0,4.24,0.46,0.04,8.92
格林美,2021-03-31,8.68,8.32,8.7,8.16,4153580,3577884912.0,6.16,-5.02,-0.44,8.72
格林美,2021-04-01,8.39,8.41,8.58,8.29,2753342,2382923680.0,3.49,1.08,0.09,5.78
格林美,2021-04-02,8.37,8.5,8.58,8.15,3271863,2828920976.0,5.11,1.07,0.09,6.87
格林美,2021-04-06,8.51,8.41,8.62,8.36,2253231,1961846832.0,3.06,-1.06,-0.09,4.73
格林美,2021-04-07,8.35,8.72,8.81,8.18,4684053,4135168144.0,7.49,3.69,0.31,9.84
格林美,2021-04-08,8.61,8.47,8.74,8.41,3054664,2688695376.0,3.78,-2.87,-0.25,6.41
格林美,2021-04-09,8.37,8.34,8.63,8.31,2374160,2058297568.0,3.78,-1.53,-0.13,4.99
格林美,2021-04-12,8.24,7.99,8.39,7.92,2945108,2456307520.0,5.64,-4.2,-0.35,6.18
格林美,2021-04-13,7.92,8.01,8.13,7.87,1671655,1379958624.0,3.25,0.25,0.02,3.51
格林美,2021-04-14,7.95,8.26,8.27,7.93,2207914,1856202176.0,4.24,3.12,0.25,4.64
格林美,2021-04-15,8.23,8.18,8.32,8.09,1761712,1485978240.0,2.78,-0.97,-0.08,3.7
格林美,2021-04-16,8.39,8.19,8.45,8.17,2120678,1810998816.0,3.42,0.12,0.01,4.45
格林美,2021-04-19,8.05,8.72,8.9,7.96,5628928,4998739456.0,11.48,6.47,0.53,11.82
格林美,2021-04-20,8.64,8.46,8.7,8.42,3536880,3113194384.0,3.21,-2.98,-0.26,7.43
格林美,2021-04-21,8.57,8.61,8.87,8.32,4057441,3595876576.0,6.5,1.77,0.15,8.52
格林美,2021-04-22,8.6,8.85,9.15,8.57,5251972,4769984000.0,6.74,2.79,0.24,11.03
格林美,2021-04-23,8.88,9.76,9.76,8.83,6893842,6614117888.0,10.51,10.28,0.91,14.48
格林美,2021-04-26,10.11,9.87,10.34,9.83,7841556,8073736704.0,5.23,1.13,0.11,16.47
格林美,2021-04-27,9.95,9.59,10.02,9.41,5397004,5346299136.0,6.18,-2.84,-0.28,11.33
格林美,2021-04-28,9.69,9.64,9.78,9.37,4655007,4584578304.0,4.28,0.52,0.05,9.78
格林美,2021-04-29,9.69,9.49,9.69,9.34,3891566,3800192256.0,3.63,-1.56,-0.15,8.17
格林美,2021-04-30,9.46,9.76,9.97,9.42,5128432,5118394624.0,5.8,2.85,0.27,10.77
格林美,2021-05-06,9.86,9.81,10.22,9.54,4492580,4544941568.0,6.97,0.51,0.05,9.43
格林美,2021-05-07,9.8,10.4,10.82,9.71,7900627,8455393792.0,11.31,6.01,0.59,16.59
格林美,2021-05-10,10.43,10.75,10.98,10.11,5964036,6441280768.0,8.37,3.37,0.35,12.52
格林美,2021-05-11,10.39,10.12,10.53,9.87,4723246,4917873920.0,6.14,-5.86,-0.63,9.92
格林美,2021-05-12,10.02,10.23,10.48,10.02,3080870,3245587600.0,4.55,1.09,0.11,6.47
格林美,2021-05-13,9.96,9.63,10.05,9.6,4097701,4109796192.0,4.4,-5.87,-0.6,8.61
格林美,2021-05-14,9.78,9.99,10.09,9.64,3398338,3442020016.0,4.67,3.74,0.36,7.14
格林美,2021-05-17,10.08,10.4,10.63,9.91,3926047,4129917120.0,7.21,4.1,0.41,8.24
格林美,2021-05-18,10.46,10.44,10.78,10.3,3239184,3493051120.0,4.62,0.38,0.04,6.8
格林美,2021-05-19,10.38,10.76,11.06,10.3,4635676,5104090624.0,7.28,3.07,0.32,9.73
格林美,2021-05-20,10.5,10.29,10.67,10.17,4085255,4355876608.0,4.65,-4.37,-0.47,8.58
格林美,2021-05-21,10.34,10.24,10.57,10.16,2926269,3108320432.0,3.98,-0.49,-0.05,6.15
格林美,2021-05-24,10.16,10.32,10.39,10.04,2487037,2595399744.0,3.42,0.78,0.08,5.22
格林美,2021-05-25,10.35,10.23,10.37,9.96,2659105,2767347936.0,3.97,-0.87,-0.09,5.58
格林美,2021-05-26,10.16,10.57,10.6,10.09,3738454,3970098224.0,4.99,3.32,0.34,7.85
格林美,2021-05-27,10.62,10.45,10.63,10.37,2279123,2437009648.0,2.46,-1.14,-0.12,4.79
格林美,2021-05-28,10.51,10.65,11.08,10.48,5235008,5782029312.0,5.74,1.91,0.2,10.99
格林美,2021-05-31,10.65,11.02,11.18,10.57,4172662,4691665152.0,5.73,3.47,0.37,8.76
格林美,2021-06-01,10.85,10.69,10.93,10.56,3510347,3837183216.0,3.36,-2.99,-0.33,7.37
格林美,2021-06-02,10.69,10.44,10.79,10.33,2692524,2900432912.0,4.3,-2.34,-0.25,5.65
格林美,2021-06-03,10.43,10.46,10.62,10.35,2130178,2286113424.0,2.59,0.19,0.02,4.47
格林美,2021-06-04,10.31,10.49,10.71,10.1,3018696,3220901552.0,5.83,0.29,0.03,6.34
格林美,2021-06-07,10.13,9.59,10.13,9.47,5962864,5953319936.0,6.29,-8.58,-0.9,12.52
格林美,2021-06-08,9.51,9.46,9.75,9.38,2923090,2854707008.0,3.86,-1.36,-0.13,6.14
格林美,2021-06-09,9.48,9.24,9.52,9.11,2881344,2744943936.0,4.33,-2.33,-0.22,6.05
格林美,2021-06-10,9.24,9.51,9.58,9.24,2652718,2565647136.0,3.68,2.92,0.27,5.57
格林美,2021-06-11,9.44,9.24,9.46,9.13,2505673,2377839680.0,3.47,-2.84,-0.27,5.26
格林美,2021-06-15,9.14,8.86,9.14,8.75,2878274,2622357504.0,4.22,-4.11,-0.38,6.04
格林美,2021-06-16,8.94,8.69,8.99,8.64,1898030,1713018672.0,3.95,-1.92,-0.17,3.99
格林美,2021-06-17,8.62,8.71,8.83,8.62,1590592,1426621648.0,2.42,0.23,0.02,3.34
格林美,2021-06-18,8.7,9.05,9.11,8.44,2623522,2395366912.0,7.69,3.9,0.34,5.51
格林美,2021-06-21,9.06,8.95,9.18,8.91,1996777,1844737824.0,2.98,-1.1,-0.1,4.19
格林美,2021-06-22,8.97,8.99,9.01,8.83,1549893,1417604368.0,2.01,0.45,0.04,3.25
格林美,2021-06-23,9.08,9.33,9.42,9.08,3032548,2880648160.0,3.78,3.78,0.34,6.37
格林美,2021-06-24,9.28,9.07,9.28,9.04,1811601,1693307552.0,2.57,-2.79,-0.26,3.8
格林美,2021-06-25,9.11,9.17,9.27,9.05,1699446,1596356352.0,2.43,1.1,0.1,3.57
格林美,2021-06-28,9.13,9.33,9.5,9.08,2493481,2386045440.0,4.58,1.74,0.16,5.24
格林美,2021-06-29,9.35,9.1,9.42,9.09,1733881,1630544640.0,3.54,-2.47,-0.23,3.64
格林美,2021-06-30,9.18,9.13,9.23,8.98,1493258,1393465152.0,2.75,0.33,0.03,3.14
格林美,2021-07-01,9.14,8.85,9.17,8.84,1815435,1663103952.0,3.61,-3.07,-0.28,3.81
格林美,2021-07-02,8.78,9.09,9.23,8.68,2415300,2231325424.0,6.21,2.71,0.24,5.07
格林美,2021-07-05,9.09,9.6,9.64,9.09,3922961,3814260432.0,6.05,5.61,0.51,8.24
格林美,2021-07-06,9.78,9.54,9.78,9.3,3268206,3189156896.0,5.0,-0.63,-0.06,6.86
格林美,2021-07-07,9.48,10.13,10.32,9.4,5139252,5259621632.0,9.64,6.18,0.59,10.79
格林美,2021-07-08,10.29,10.17,10.63,10.14,4850622,5120829184.0,4.84,0.39,0.04,10.19
格林美,2021-07-09,10.08,11.21,11.21,10.02,6330964,7069441792.0,11.7,10.23,1.04,13.3
格林美,2021-07-12,11.7,11.66,11.95,11.35,8353023,9933851136.0,5.35,4.01,0.45,17.54
格林美,2021-07-13,11.54,12.09,12.24,11.38,6159270,7409138176.0,7.38,3.69,0.43,12.94
格林美,2021-07-14,11.78,11.32,11.78,11.22,5669512,6616612608.0,4.63,-6.37,-0.77,11.91
格林美,2021-07-15,11.07,11.5,11.61,11.02,4086312,4721032960.0,5.21,1.59,0.18,8.58
格林美,2021-07-16,11.3,11.61,12.04,11.27,4495408,5376641024.0,6.7,0.96,0.11,9.44
格林美,2021-07-19,11.46,11.28,11.78,11.19,3341981,3897205296.0,5.08,-2.84,-0.33,7.02
格林美,2021-07-20,11.09,11.23,11.49,10.97,2253137,2579146464.0,4.61,-0.44,-0.05,4.73
格林美,2021-07-21,11.36,11.66,11.85,11.24,4088037,4829534976.0,5.43,3.83,0.43,8.59
格林美,2021-07-22,11.67,11.7,11.88,11.46,3312645,3939362976.0,3.6,0.34,0.04,6.96
格林美,2021-07-23,12.08,12.41,12.89,12.03,7058332,9050438656.0,7.35,6.07,0.71,14.82
格林美,2021-07-26,12.78,12.23,12.78,11.88,5521530,6958316032.0,7.25,-1.45,-0.18,11.6
格林美,2021-07-27,12.37,11.23,12.41,11.06,5545062,6678096640.0,11.04,-8.18,-1.0,11.65
格林美,2021-07-28,10.96,11.13,11.56,10.75,3670557,4179635440.0,7.21,-0.89,-0.1,7.71
格林美,2021-07-29,11.43,11.61,11.75,11.19,3776660,4415633408.0,5.03,4.31,0.48,7.93
格林美,2021-07-30,11.61,11.73,11.87,11.4,3342613,3965002352.0,4.05,1.03,0.12,7.02
格林美,2021-08-02,11.86,11.61,12.07,11.38,3640679,4340817664.0,5.88,-1.02,-0.12,7.65
格林美,2021-08-03,11.57,10.9,11.57,10.8,3588708,4054315920.0,6.63,-6.12,-0.71,7.54
格林美,2021-08-04,10.92,11.37,11.44,10.89,2884622,3300666912.0,5.05,4.31,0.47,6.06
格林美,2021-08-05,11.24,11.28,11.38,10.98,2405819,2737107808.0,3.52,-0.79,-0.09,5.05
格林美,2021-08-06,11.46,11.94,12.24,11.31,5089320,6134593792.0,8.24,5.85,0.66,10.69
格林美,2021-08-09,11.78,11.48,11.79,11.11,3483083,4049891632.0,5.7,-3.85,-0.46,7.31
格林美,2021-08-10,11.66,11.73,12.08,11.45,4426909,5319654144.0,5.49,2.18,0.25,9.3
格林美,2021-08-11,11.62,12.16,12.22,11.41,4487248,5474046208.0,6.91,3.67,0.43,9.42
格林美,2021-08-12,12.26,12.35,12.47,11.88,3936313,4883219968.0,4.85,1.56,0.19,8.27
格林美,2021-08-13,12.08,12.07,12.55,12.03,3522215,4392633344.0,4.21,-2.27,-0.28,7.4
格林美,2021-08-16,11.86,11.58,12.02,11.49,3036785,3599241712.0,4.39,-4.06,-0.49,6.38
格林美,2021-08-17,11.46,11.32,11.81,11.28,2540527,2983186048.0,4.58,-2.25,-0.26,5.34
格林美,2021-08-18,11.32,11.37,11.47,11.19,1761789,2032009168.0,2.47,0.44,0.05,3.7
格林美,2021-08-19,11.38,11.48,11.65,11.15,2077087,2417271648.0,4.4,0.97,0.11,4.36
格林美,2021-08-20,11.36,11.15,11.38,10.98,2170759,2471839200.0,3.48,-2.87,-0.33,4.56
格林美,2021-08-23,11.17,11.56,11.6,11.16,2213753,2579273232.0,3.95,3.68,0.41,4.65
格林美,2021-08-24,11.57,11.94,12.32,11.46,4244815,5201076736.0,7.44,3.29,0.38,8.91
格林美,2021-08-25,11.92,12.09,12.17,11.7,3006507,3669096640.0,3.94,1.26,0.15,6.31
格林美,2021-08-26,12.23,11.96,12.3,11.89,3542851,4364794624.0,3.39,-1.08,-0.13,7.44
格林美,2021-08-27,11.93,13.18,13.18,11.9,6770574,8729704704.0,10.7,10.2,1.22,14.22
格林美,2021-08-30,13.37,13.56,13.77,13.23,7331542,10053630720.0,4.1,2.88,0.38,15.4
格林美,2021-08-31,13.56,13.21,13.56,12.98,4281672,5726594304.0,4.28,-2.58,-0.35,8.99
格林美,2021-09-01,13.21,12.3,13.46,12.03,5181652,6667289856.0,10.83,-6.89,-0.91,10.88
格林美,2021-09-02,12.19,12.58,12.81,12.19,3218252,4108305072.0,5.04,2.28,0.28,6.76
格林美,2021-09-03,12.44,12.29,12.88,12.07,3059038,3871026528.0,6.44,-2.31,-0.29,6.42
格林美,2021-09-06,12.34,12.62,12.71,12.17,2611337,3321491792.0,4.39,2.69,0.33,5.48
格林美,2021-09-07,12.64,13.01,13.2,12.52,3484957,4573879808.0,5.39,3.09,0.39,7.32
格林美,2021-09-08,12.84,12.81,13.01,12.68,2582189,3362015504.0,2.54,-1.54,-0.2,5.42
格林美,2021-09-09,12.73,12.92,13.03,12.61,2309304,3005893376.0,3.28,0.86,0.11,4.85
格林美,2021-09-10,12.92,13.27,13.46,12.72,4136080,5539051776.0,5.73,2.71,0.35,8.69
格林美,2021-09-13,13.53,13.05,13.59,12.91,3155855,4233950304.0,5.12,-1.66,-0.22,6.63
格林美,2021-09-14,12.84,12.91,13.37,12.44,3423516,4489100288.0,7.13,-1.07,-0.14,7.19
格林美,2021-09-15,13.05,13.18,13.37,12.8,3300263,4404852224.0,4.42,2.09,0.27,6.93
格林美,2021-09-16,13.23,12.43,13.23,12.41,3548287,4588920064.0,6.22,-5.69,-0.75,7.45
格林美,2021-09-17,12.21,12.02,12.52,11.64,2762792,3393761728.0,7.08,-3.3,-0.41,5.8
格林美,2021-09-22,11.8,12.06,12.32,11.74,1478037,1820719776.0,4.83,0.33,0.04,3.1
格林美,2021-09-23,12.14,12.43,12.56,11.98,2190887,2742751696.0,4.81,3.07,0.37,4.6
格林美,2021-09-24,12.35,11.94,12.55,11.92,1899337,2348125456.0,5.07,-3.94,-0.49,3.99
格林美,2021-09-27,11.89,10.96,11.9,10.78,3057696,3492371712.0,9.38,-8.21,-0.98,6.42
格林美,2021-09-28,10.96,10.91,11.04,10.76,1441668,1606112144.0,2.55,-0.46,-0.05,3.03
格林美,2021-09-29,10.69,10.63,10.97,10.44,1665553,1816423616.0,4.86,-2.57,-0.28,3.5
格林美,2021-09-30,10.69,10.96,10.98,10.62,1299532,1440400496.0,3.39,3.1,0.33,2.73
格林美,2021-10-08,11.13,11.0,11.19,10.87,1149550,1288360560.0,2.92,0.36,0.04,2.41
格林美,2021-10-11,11.15,11.28,11.44,11.0,1571520,1801332464.0,4.0,2.55,0.28,3.3
格林美,2021-10-12,11.23,11.02,11.28,10.73,1373594,1538340160.0,4.88,-2.3,-0.26,2.88
格林美,2021-10-13,11.03,11.17,11.25,10.97,1029504,1170249952.0,2.54,1.36,0.15,2.16
格林美,2021-10-14,11.09,11.28,11.31,11.05,1080247,1234326448.0,2.33,0.98,0.11,2.27
格林美,2021-10-15,10.7,10.94,11.11,10.56,1961826,2174853056.0,4.88,-3.01,-0.34,4.12
格林美,2021-10-18,11.09,11.3,11.35,11.01,1646949,1887981712.0,3.11,3.29,0.36,3.46
格林美,2021-10-19,11.3,11.32,11.38,11.21,1282909,1477658832.0,1.5,0.18,0.02,2.69
格林美,2021-10-20,11.38,11.52,11.75,11.3,1883353,2226020384.0,3.98,1.77,0.2,3.96
格林美,2021-10-21,11.68,11.43,11.73,11.33,1469840,1723567280.0,3.47,-0.78,-0.09,3.09
格林美,2021-10-22,11.33,11.0,11.47,10.97,1634553,1863341184.0,4.37,-3.76,-0.43,3.43
格林美,2021-10-25,11.0,11.28,11.3,10.89,1305766,1487008192.0,3.73,2.55,0.28,2.74
格林美,2021-10-26,11.34,11.12,11.58,11.11,1729930,1999710128.0,4.17,-1.42,-0.16,3.63
格林美,2021-10-27,11.09,10.97,11.23,10.88,1441047,1622775984.0,3.15,-1.35,-0.15,3.03
格林美,2021-10-28,10.94,10.53,11.07,10.46,1784742,1951143616.0,5.56,-4.01,-0.44,3.75
格林美,2021-10-29,10.53,10.68,10.73,10.46,1132280,1227575760.0,2.56,1.42,0.15,2.38
格林美,2021-11-01,10.68,10.52,10.79,10.32,1548511,1665493920.0,4.4,-1.5,-0.16,3.25
格林美,2021-11-02,10.49,10.11,10.68,9.98,1985690,2096988576.0,6.65,-3.9,-0.41,4.17
格林美,2021-11-03,10.11,10.24,10.27,9.8,1631684,1670490512.0,4.65,1.29,0.13,3.43
格林美,2021-11-04,10.25,10.13,10.28,10.05,1228118,1273111296.0,2.25,-1.07,-0.11,2.58
格林美,2021-11-05,10.08,10.1,10.39,10.02,1345959,1406312240.0,3.65,-0.3,-0.03,2.83
格林美,2021-11-08,10.08,10.56,10.64,10.08,1812265,1930402944.0,5.54,4.55,0.46,3.81
格林美,2021-11-09,10.6,10.45,10.63,10.34,1185825,1263982640.0,2.75,-1.04,-0.11,2.49
格林美,2021-11-10,10.39,10.23,10.39,10.06,1211043,1260133872.0,3.16,-2.11,-0.22,2.54
格林美,2021-11-11,10.25,10.17,10.27,10.08,965208,1001408688.0,1.86,-0.59,-0.06,2.03
格林美,2021-11-12,10.2,10.13,10.25,10.08,878325,909281936.0,1.67,-0.39,-0.04,1.84
格林美,2021-11-15,10.14,9.91,10.17,9.8,1319704,1333326080.0,3.65,-2.17,-0.22,2.77
格林美,2021-11-16,9.9,9.85,9.98,9.8,922698,929698816.0,1.82,-0.61,-0.06,1.94
格林美,2021-11-17,9.87,10.05,10.09,9.87,1160890,1187718064.0,2.23,2.03,0.2,2.44
格林美,2021-11-18,10.03,10.22,10.38,9.86,1558801,1614354544.0,5.17,1.69,0.17,3.27
格林美,2021-11-19,10.27,10.26,10.35,10.08,1364661,1425480144.0,2.64,0.39,0.04,2.87
格林美,2021-11-22,10.3,10.72,10.8,10.3,2360591,2563950496.0,4.87,4.48,0.46,4.96
格林美,2021-11-23,10.72,10.58,10.75,10.5,1424521,1538373728.0,2.33,-1.31,-0.14,2.99
格林美,2021-11-24,10.6,10.75,11.0,10.51,1901978,2094720624.0,4.63,1.61,0.17,3.99
格林美,2021-11-25,10.76,10.62,10.95,10.56,1484135,1622528160.0,3.63,-1.21,-0.13,3.12
格林美,2021-11-26,10.48,10.94,11.08,10.47,2346281,2605318784.0,5.74,3.01,0.32,4.93
格林美,2021-11-29,10.69,10.78,10.87,10.53,1589118,1737945584.0,3.11,-1.46,-0.16,3.34
格林美,2021-11-30,10.88,11.08,11.24,10.74,2625825,2943980784.0,4.64,2.78,0.3,5.51
格林美,2021-12-01,11.14,10.89,11.22,10.78,1834595,2044183280.0,3.97,-1.71,-0.19,3.85
格林美,2021-12-02,10.81,10.64,10.93,10.6,1509905,1652028656.0,3.03,-2.3,-0.25,3.17
格林美,2021-12-03,10.77,10.77,10.84,10.6,1172632,1285890128.0,2.26,1.22,0.13,2.46
格林美,2021-12-06,10.86,10.59,10.97,10.53,1345662,1470809712.0,4.09,-1.67,-0.18,2.83
格林美,2021-12-07,10.63,10.27,10.67,10.17,1563514,1645074304.0,4.72,-3.02,-0.32,3.28
格林美,2021-12-08,10.33,11.05,11.17,10.33,3496737,3875714272.0,8.18,7.59,0.78,7.34
格林美,2021-12-09,10.97,10.86,11.0,10.75,1870868,2071940272.0,2.26,-1.72,-0.19,3.93
格林美,2021-12-10,10.78,10.86,10.91,10.66,1733122,1910819568.0,2.3,0.0,0.0,3.64
格林美,2021-12-13,10.9,10.83,10.92,10.74,1295881,1428563984.0,1.66,-0.28,-0.03,2.72
格林美,2021-12-14,10.82,10.57,10.83,10.51,1432179,1549576448.0,2.95,-2.4,-0.26,3.01
格林美,2021-12-15,10.58,10.48,10.65,10.44,927755,995682688.0,1.99,-0.85,-0.09,1.95
格林美,2021-12-16,10.48,10.56,10.56,10.43,747617,801628496.0,1.24,0.76,0.08,1.57
格林美,2021-12-17,10.58,10.39,10.62,10.38,944480,1008728592.0,2.27,-1.61,-0.17,1.98
格林美,2021-12-20,10.29,10.16,10.38,10.08,1025706,1068670960.0,2.89,-2.21,-0.23,2.15
格林美,2021-12-21,10.09,10.17,10.23,10.09,621829,646178592.0,1.38,0.1,0.01,1.31
格林美,2021-12-22,10.21,10.14,10.27,10.11,757393,787602416.0,1.57,-0.29,-0.03,1.59
格林美,2021-12-23,10.19,10.07,10.22,10.02,776851,800414208.0,1.97,-0.69,-0.07,1.63
格林美,2021-12-24,10.08,9.93,10.11,9.86,921878,936135296.0,2.48,-1.39,-0.14,1.94
格林美,2021-12-27,9.93,9.98,10.14,9.91,809718,828976608.0,2.32,0.5,0.05,1.7
格林美,2021-12-28,9.99,10.12,10.14,9.96,775116,797694880.0,1.8,1.4,0.14,1.63
格林美,2021-12-29,10.14,10.01,10.16,10.0,675340,694329600.0,1.58,-1.09,-0.11,1.42
格林美,2021-12-30,10.02,10.08,10.15,10.0,754335,777456000.0,1.5,0.7,0.07,1.58
格林美,2021-12-31,10.09,10.13,10.16,10.05,653865,675164336.0,1.09,0.5,0.05,1.37
格林美,2022-01-04,10.18,9.98,10.24,9.92,888366,908734784.0,3.16,-1.48,-0.15,1.87
格林美,2022-01-05,9.99,9.75,10.0,9.68,1217509,1219651488.0,3.21,-2.3,-0.23,2.56
格林美,2022-01-06,9.68,9.78,9.78,9.34,1249043,1223452576.0,4.51,0.31,0.03,2.62
格林美,2022-01-07,9.74,9.78,9.84,9.69,770865,769088928.0,1.53,0.0,0.0,1.62
格林美,2022-01-10,9.78,9.6,9.81,9.56,780584,770631440.0,2.56,-1.84,-0.18,1.64
格林美,2022-01-11,9.63,9.66,9.77,9.6,707313,700611488.0,1.77,0.63,0.06,1.49
格林美,2022-01-12,9.76,9.84,9.92,9.74,960236,966891840.0,1.86,1.86,0.18,2.02
格林美,2022-01-13,9.85,9.68,9.89,9.67,671946,667698112.0,2.24,-1.63,-0.16,1.41
格林美,2022-01-14,9.65,9.56,9.73,9.54,562145,553247440.0,1.96,-1.24,-0.12,1.18
格林美,2022-01-17,9.52,9.53,9.61,9.39,560714,546007040.0,2.3,-0.31,-0.03,1.18
格林美,2022-01-18,9.54,9.44,9.56,9.38,713300,689016832.0,1.89,-0.94,-0.09,1.5
格林美,2022-01-19,9.41,9.16,9.42,9.09,994143,938568112.0,3.5,-2.97,-0.28,2.09
格林美,2022-01-20,9.18,9.12,9.32,9.11,627060,590733840.0,2.29,-0.44,-0.04,1.32
格林美,2022-01-21,9.1,8.97,9.12,8.88,664318,611312816.0,2.63,-1.64,-0.15,1.4
格林美,2022-01-24,8.95,9.17,9.2,8.9,704585,655117392.0,3.34,2.23,0.2,1.48
格林美,2022-01-25,9.08,8.79,9.1,8.77,852465,778858384.0,3.6,-4.14,-0.38,1.79
格林美,2022-01-26,8.82,8.85,8.94,8.78,430798,390468128.0,1.82,0.68,0.06,0.9
格林美,2022-01-27,8.88,8.48,8.89,8.48,827668,730538720.0,4.63,-4.18,-0.37,1.74
格林美,2022-01-28,8.56,8.56,8.67,8.29,761682,663746112.0,4.48,0.94,0.08,1.6
格林美,2022-02-07,8.74,8.66,8.86,8.63,723470,647593312.0,2.69,1.17,0.1,1.52
格林美,2022-02-08,8.61,8.77,8.78,8.53,599010,531724576.0,2.89,1.27,0.11,1.26
格林美,2022-02-09,8.83,8.95,9.02,8.78,844341,773258624.0,2.74,2.05,0.18,1.77
格林美,2022-02-10,8.96,8.96,9.03,8.9,582921,534846480.0,1.45,0.11,0.01,1.22
格林美,2022-02-11,9.05,9.03,9.2,8.99,1145212,1067322688.0,2.34,0.78,0.07,2.4
格林美,2022-02-14,8.88,8.97,9.08,8.79,679490,623416416.0,3.21,-0.66,-0.06,1.43
格林美,2022-02-15,8.97,8.94,9.01,8.86,616923,564696384.0,1.67,-0.33,-0.03,1.3
格林美,2022-02-16,8.96,8.97,9.16,8.87,875176,806832880.0,3.24,0.34,0.03,1.84
格林美,2022-02-17,8.91,9.02,9.19,8.88,1514852,1406039104.0,3.46,0.56,0.05,3.18
格林美,2022-02-18,8.9,9.08,9.08,8.7,1175610,1069950848.0,4.21,0.67,0.06,2.47
格林美,2022-02-21,9.07,9.04,9.18,8.99,735852,682204304.0,2.09,-0.44,-0.04,1.55
格林美,2022-02-22,9.01,8.96,9.05,8.88,655436,600539024.0,1.88,-0.88,-0.08,1.38
格林美,2022-02-23,9.0,9.29,9.39,8.99,1734184,1645776704.0,4.46,3.68,0.33,3.64
格林美,2022-02-24,9.29,9.19,9.43,9.06,1777360,1686731264.0,3.98,-1.08,-0.1,3.73
格林美,2022-02-25,9.35,9.18,9.38,9.15,1089211,1028245488.0,2.5,-0.11,-0.01,2.29
格林美,2022-02-28,9.27,9.34,9.44,9.05,1685160,1602805088.0,4.25,1.74,0.16,3.54
格林美,2022-03-01,9.38,9.23,9.41,9.15,1094471,1034250272.0,2.78,-1.18,-0.11,2.3
格林美,2022-03-02,9.14,9.21,9.26,9.14,693379,652088304.0,1.3,-0.22,-0.02,1.46
格林美,2022-03-03,9.22,9.08,9.26,9.06,822371,769427888.0,2.17,-1.41,-0.13,1.73
格林美,2022-03-04,9.08,8.9,9.08,8.86,853787,782784400.0,2.42,-1.98,-0.18,1.79
格林美,2022-03-07,8.9,8.88,9.08,8.79,966440,883886560.0,3.26,-0.22,-0.02,2.03
格林美,2022-03-08,9.38,9.28,9.48,8.9,3463879,3283620336.0,6.53,4.5,0.4,7.27
格林美,2022-03-09,9.07,8.66,9.07,8.45,2343999,2096606528.0,6.68,-6.68,-0.62,4.92
格林美,2022-03-10,8.81,8.67,8.86,8.58,1382350,1235479696.0,3.23,0.12,0.01,2.9
格林美,2022-03-11,8.53,8.5,8.53,8.17,1357412,1159490416.0,4.15,-1.96,-0.17,2.85
格林美,2022-03-14,8.37,8.24,8.52,8.24,756731,651635952.0,3.29,-3.06,-0.26,1.59
格林美,2022-03-15,8.25,7.61,8.29,7.57,1477472,1200378944.0,8.74,-7.65,-0.63,3.1
格林美,2022-03-16,7.77,7.91,7.92,7.4,1291923,1022133264.0,6.83,3.94,0.3,2.71
格林美,2022-03-17,7.98,7.97,8.14,7.93,1120832,925979328.0,2.65,0.76,0.06,2.35
格林美,2022-03-18,7.94,8.06,8.12,7.91,771671,637192448.0,2.63,1.13,0.09,1.62
格林美,2022-03-21,8.27,8.52,8.66,8.27,2040758,1777951216.0,4.84,5.71,0.46,4.29
格林美,2022-03-22,8.44,8.63,8.78,8.4,1535450,1359640992.0,4.46,1.29,0.11,3.22
格林美,2022-03-23,8.7,8.54,8.74,8.5,902549,791880256.0,2.78,-1.04,-0.09,1.9
格林美,2022-03-24,8.56,8.48,8.67,8.43,853495,747529952.0,2.81,-0.7,-0.06,1.79
格林美,2022-03-25,8.53,8.35,8.57,8.34,768800,665924864.0,2.71,-1.53,-0.13,1.61
格林美,2022-03-28,8.23,8.25,8.33,8.14,606880,512992752.0,2.28,-1.2,-0.1,1.27
格林美,2022-03-29,8.37,8.18,8.4,8.13,484091,409335120.0,3.27,-0.85,-0.07,1.02
格林美,2022-03-30,8.25,8.4,8.42,8.13,851069,727049568.0,3.55,2.69,0.22,1.79
格林美,2022-03-31,8.35,8.16,8.35,8.14,713956,602608912.0,2.5,-2.86,-0.24,1.5
格林美,2022-04-01,8.11,8.19,8.25,8.07,448828,376443904.0,2.21,0.37,0.03,0.94
格林美,2022-04-06,8.16,8.04,8.17,7.94,663244,546405024.0,2.81,-1.83,-0.15,1.39
格林美,2022-04-07,8.03,7.9,8.06,7.88,531541,434155024.0,2.24,-1.74,-0.14,1.12
格林美,2022-04-08,7.94,7.77,7.95,7.7,741887,594959328.0,3.16,-1.65,-0.13,1.56
格林美,2022-04-11,7.76,7.42,7.76,7.39,864632,667911504.0,4.76,-4.5,-0.35,1.82
格林美,2022-04-12,7.37,7.51,7.52,7.25,626522,476753040.0,3.64,1.21,0.09,1.32
格林美,2022-04-13,7.44,7.48,7.65,7.38,633627,489398144.0,3.6,-0.4,-0.03,1.33
格林美,2022-04-14,7.55,7.49,7.58,7.45,453018,350019424.0,1.74,0.13,0.01,0.95
格林美,2022-04-15,7.45,7.3,7.45,7.28,506448,383068272.0,2.27,-2.54,-0.19,1.06
格林美,2022-04-18,7.32,7.32,7.33,7.11,431602,320717504.0,3.01,0.27,0.02,0.91
格林美,2022-04-19,7.34,7.26,7.43,7.24,482124,363982896.0,2.6,-0.82,-0.06,1.01
格林美,2022-04-20,7.26,6.96,7.28,6.95,672971,491744496.0,4.55,-4.13,-0.3,1.41
格林美,2022-04-21,6.91,6.62,7.0,6.58,905108,632699488.0,6.03,-4.89,-0.34,1.9
格林美,2022-04-22,6.61,6.59,6.67,6.48,680741,462357120.0,2.87,-0.45,-0.03,1.43
格林美,2022-04-25,6.44,5.94,6.44,5.92,1038659,665848656.0,7.89,-9.86,-0.65,2.18
格林美,2022-04-26,5.95,5.94,6.15,5.9,973444,606980992.0,4.21,0.0,0.0,2.04
格林美,2022-04-27,5.88,6.35,6.36,5.77,1328175,838132768.0,9.93,6.9,0.41,2.79
格林美,2022-04-28,6.28,6.26,6.41,6.19,969987,632769456.0,3.46,-1.42,-0.09,2.04
格林美,2022-04-29,6.33,6.53,6.54,6.26,994381,660534080.0,4.47,4.31,0.27,2.09
格林美,2022-05-05,6.52,6.59,6.64,6.45,825653,560285456.0,2.91,0.92,0.06,1.73
格林美,2022-05-06,6.46,6.44,6.53,6.38,627031,418425776.0,2.28,-2.28,-0.15,1.32
格林美,2022-05-09,6.44,6.63,6.7,6.4,724159,494572016.0,4.66,2.95,0.19,1.52
格林美,2022-05-10,6.52,6.72,6.77,6.44,845715,582110800.0,4.98,1.36,0.09,1.78
格林美,2022-05-11,6.75,6.94,7.15,6.75,1402273,1011862816.0,5.95,3.27,0.22,2.94
格林美,2022-05-12,6.9,6.97,7.05,6.86,764354,548641984.0,2.74,0.43,0.03,1.61
格林美,2022-05-13,7.03,6.98,7.05,6.92,513851,369863328.0,1.87,0.14,0.01,1.08
格林美,2022-05-16,7.04,6.98,7.11,6.96,665377,482037584.0,2.15,0.0,0.0,1.4
格林美,2022-05-17,7.04,7.17,7.18,6.94,868122,636014384.0,3.44,2.72,0.19,1.82
格林美,2022-05-18,7.19,7.15,7.3,7.11,746039,551550336.0,2.65,-0.28,-0.02,1.57
格林美,2022-05-19,7.07,7.2,7.23,7.0,774560,569132864.0,3.22,0.7,0.05,1.63
格林美,2022-05-20,7.27,7.41,7.54,7.26,1164479,888450496.0,3.89,2.92,0.21,2.45
格林美,2022-05-23,7.45,7.37,7.48,7.3,698768,529717856.0,2.43,-0.54,-0.04,1.47
格林美,2022-05-24,7.32,6.98,7.35,6.98,977699,723690624.0,5.02,-5.29,-0.39,2.05
格林美,2022-05-25,7.02,7.13,7.19,7.01,663763,486588880.0,2.58,2.15,0.15,1.39
格林美,2022-05-26,7.18,7.12,7.22,7.01,530655,388945312.0,2.95,-0.14,-0.01,1.11
格林美,2022-05-27,7.17,7.05,7.26,7.0,604594,444829312.0,3.65,-0.98,-0.07,1.27
格林美,2022-05-30,7.05,7.07,7.12,7.0,456634,332459664.0,1.7,0.28,0.02,0.96
格林美,2022-05-31,7.07,7.13,7.16,6.99,717463,523999216.0,2.4,0.85,0.06,1.51
格林美,2022-06-01,7.23,7.39,7.44,7.21,1525750,1152378656.0,3.23,3.65,0.26,3.2
格林美,2022-06-02,7.36,7.74,7.98,7.29,2133774,1693728368.0,9.34,4.74,0.35,4.48
格林美,2022-06-06,7.67,7.97,8.07,7.63,1925727,1568711024.0,5.68,2.97,0.23,4.04
格林美,2022-06-07,7.97,7.83,8.04,7.75,1325692,1071862240.0,3.64,-1.76,-0.14,2.78
格林美,2022-06-08,7.82,7.86,8.02,7.74,1129291,913031440.0,3.58,0.38,0.03,2.37
格林美,2022-06-09,7.87,7.68,7.89,7.61,970913,771854704.0,3.56,-2.29,-0.18,2.04
格林美,2022-06-10,7.64,7.91,7.95,7.61,1343428,1083831312.0,4.43,2.99,0.23,2.82
格林美,2022-06-13,7.83,8.12,8.2,7.79,1676054,1391693008.0,5.18,2.65,0.21,3.52
格林美,2022-06-14,8.02,8.1,8.12,7.83,1187348,972410944.0,3.57,-0.25,-0.02,2.49
格林美,2022-06-15,8.1,8.01,8.2,8.0,1120661,931904176.0,2.47,-1.11,-0.09,2.35
格林美,2022-06-16,8.01,7.98,8.13,7.92,749482,616626240.0,2.62,-0.37,-0.03,1.57
格林美,2022-06-17,7.91,8.38,8.45,7.88,2112088,1786262848.0,7.14,5.01,0.4,4.44
格林美,2022-06-20,8.54,8.42,8.65,8.36,1497819,1297391920.0,3.46,0.48,0.04,3.15
格林美,2022-06-21,8.33,8.17,8.37,8.08,1189133,998699760.0,3.44,-2.97,-0.25,2.5
格林美,2022-06-22,8.17,8.07,8.3,8.06,945652,793524336.0,2.94,-1.22,-0.1,1.99
格林美,2022-06-23,8.14,8.7,8.86,8.11,2550049,2240998176.0,9.29,7.81,0.63,5.36
格林美,2022-06-24,8.78,9.21,9.43,8.58,3559304,3270293552.0,9.77,5.86,0.51,7.47
格林美,2022-06-27,9.34,9.17,9.36,8.91,2546698,2375721776.0,4.89,-0.43,-0.04,5.35
格林美,2022-06-28,9.08,9.25,9.3,8.97,1808773,1690500336.0,3.6,0.87,0.08,3.8
格林美,2022-06-29,9.25,8.85,9.28,8.84,1650981,1517109728.0,4.76,-4.32,-0.4,3.47
格林美,2022-06-30,8.88,8.9,8.99,8.73,1246473,1132581680.0,2.94,0.56,0.05,2.62
格林美,2022-07-01,8.87,8.97,9.08,8.76,1114625,1019018384.0,3.6,0.79,0.07,2.34
格林美,2022-07-04,8.81,9.18,9.32,8.73,1656551,1545453184.0,6.58,2.34,0.21,3.48
格林美,2022-07-05,9.35,9.25,9.4,9.15,1557999,1473747536.0,2.72,0.76,0.07,3.27
格林美,2022-07-06,9.2,8.99,9.2,8.91,1154610,1067324752.0,3.14,-2.81,-0.26,2.42
格林美,2022-07-07,8.98,9.2,9.29,8.92,1213494,1134643184.0,4.12,2.34,0.21,2.55
格林美,2022-07-08,9.25,8.98,9.27,8.97,977722,910312160.0,3.26,-2.39,-0.22,2.05
格林美,2022-07-11,8.95,8.68,8.96,8.58,1237893,1105997920.0,4.23,-3.34,-0.3,2.6
格林美,2022-07-12,8.68,8.39,8.74,8.31,1118873,972120573.48,4.95,-3.34,-0.29,2.35
格林美,2022-07-13,8.4,8.44,8.47,8.17,1019740,872371721.88,3.58,0.6,0.05,2.14
格林美,2022-07-14,8.42,8.71,8.72,8.36,1110381,978905622.15,4.27,3.2,0.27,2.33
格林美,2022-07-15,8.62,8.64,8.89,8.59,1050984,940288393.48,3.44,-0.8,-0.07,2.21
格林美,2022-07-18,8.64,8.94,8.96,8.63,1052311,951607188.33,3.82,3.47,0.3,2.21
格林美,2022-07-19,8.92,8.91,9.02,8.8,847558,772514982.05,2.46,-0.34,-0.03,1.78
格林美,2022-07-20,8.9,8.94,8.96,8.82,723639,658287703.02,1.57,0.34,0.03,1.52
格林美,2022-07-21,9.27,8.96,9.36,8.96,1680485,1574495582.5,4.47,0.22,0.02,3.53
格林美,2022-07-22,9.09,9.38,9.75,9.09,3089805,2987078559.68,7.37,4.69,0.42,6.49
格林美,2022-07-25,9.73,9.55,10.14,9.48,4381284,4385504154.33,7.04,1.81,0.17,9.2
格林美,2022-07-26,9.17,9.25,9.37,8.96,2505490,2347794003.84,4.29,-3.14,-0.3,4.97
格林美,2022-07-27,9.19,9.99,10.0,9.07,3874916,3826354758.94,10.05,8.0,0.74,7.68
格林美,2022-07-28,9.8,9.69,9.85,9.65,2668855,2646626061.01,2.0,-3.0,-0.3,5.29
格林美,2022-07-29,9.66,9.56,9.82,9.38,1934030,1886960910.51,4.54,-1.34,-0.13,3.83
格林美,2022-08-01,9.41,9.77,9.9,9.34,2366406,2338001974.73,5.86,2.2,0.21,4.69
格林美,2022-08-02,9.5,9.27,9.85,9.22,2747365,2669144799.8,6.45,-5.12,-0.5,5.44
格林美,2022-08-03,9.42,9.22,9.54,9.17,1958924,1874851334.59,3.99,-0.54,-0.05,3.88
格林美,2022-08-04,9.26,8.99,9.36,8.82,1839129,1699924755.22,5.86,-2.49,-0.23,3.64
格林美,2022-08-05,8.97,9.01,9.05,8.81,1209007,1103368628.51,2.67,0.22,0.02,2.4
格林美,2022-08-08,8.95,9.05,9.06,8.88,843179,775114107.55,2.0,0.44,0.04,1.67
格林美,2022-08-09,9.05,9.03,9.13,8.96,834958,772069801.83,1.88,-0.22,-0.02,1.65
格林美,2022-08-10,8.99,9.03,9.19,8.97,897518,831633616.76,2.44,0.0,0.0,1.78
格林美,2022-08-11,9.06,9.16,9.16,8.9,1164260,1073517267.96,2.88,1.44,0.13,2.31
格林美,2022-08-12,9.11,8.98,9.14,8.97,856546,792173063.96,1.86,-1.97,-0.18,1.7
格林美,2022-08-15,8.95,8.96,9.05,8.89,762990,700546512.31,1.78,-0.22,-0.02,1.51
格林美,2022-08-16,8.97,8.86,9.0,8.83,960078,871265353.94,1.9,-1.12,-0.1,1.9
格林美,2022-08-17,8.86,8.95,8.97,8.68,1320034,1189452107.19,3.27,1.02,0.09,2.62
格林美,2022-08-18,8.92,9.13,9.22,8.86,1582434,1470525387.93,4.02,2.01,0.18,3.14
格林美,2022-08-19,9.09,8.88,9.1,8.86,953009,872428041.41,2.63,-2.74,-0.25,1.89
格林美,2022-08-22,8.89,8.99,9.04,8.81,703950,643265148.55,2.59,1.24,0.11,1.39
格林美,2022-08-23,8.99,8.96,9.08,8.92,585652,538084753.12,1.78,-0.33,-0.03,1.16
格林美,2022-08-24,8.97,8.72,9.02,8.7,896315,807000443.48,3.57,-2.68,-0.24,1.78
格林美,2022-08-25,8.69,8.63,8.78,8.25,888964,777338158.41,6.08,-1.03,-0.09,1.76
格林美,2022-08-26,8.63,8.63,8.77,8.6,558963,497015658.34,1.97,0.0,0.0,1.1
格林美,2022-08-29,8.5,8.44,8.56,8.36,695601,601209446.81,2.32,-2.2,-0.19,1.37
格林美,2022-08-30,8.4,8.34,8.46,8.31,515988,442139794.39,1.78,-1.18,-0.1,1.02
格林美,2022-08-31,8.3,8.15,8.33,7.96,910211,754981075.74,4.44,-2.28,-0.19,1.79
格林美,2022-09-01,8.08,8.02,8.17,8.0,403511,333981611.25,2.09,-1.6,-0.13,0.8
格林美,2022-09-02,8.01,8.02,8.06,7.96,355449,291751721.02,1.25,0.0,0.0,0.7
格林美,2022-09-05,8.07,8.13,8.15,8.06,422532,351313550.64,1.12,1.37,0.11,0.83
格林美,2022-09-06,8.15,8.28,8.28,8.13,495178,416836551.1,1.85,1.85,0.15,0.98
格林美,2022-09-07,8.28,8.44,8.47,8.22,614052,528188293.77,3.02,1.93,0.16,1.21
格林美,2022-09-08,8.41,8.33,8.49,8.31,417045,357877507.64,2.13,-1.3,-0.11,0.82
格林美,2022-09-09,8.33,8.39,8.45,8.3,413154,354611515.04,1.8,0.72,0.06,0.81
格林美,2022-09-13,8.41,8.33,8.47,8.31,419313,360175054.25,1.91,-0.72,-0.06,0.83
格林美,2022-09-14,8.14,8.12,8.23,8.01,520949,434045795.21,2.64,-2.52,-0.21,1.03
格林美,2022-09-15,8.18,7.88,8.21,7.81,725187,591069924.65,4.93,-2.96,-0.24,1.43
格林美,2022-09-16,7.86,7.51,7.86,7.5,713350,559617204.43,4.57,-4.7,-0.37,1.41
格林美,2022-09-19,7.51,7.64,7.75,7.5,523113,411451432.17,3.33,1.73,0.13,1.03
格林美,2022-09-20,7.72,7.77,7.85,7.72,412308,329485689.05,1.7,1.7,0.13,0.81
格林美,2022-09-21,7.73,7.83,7.85,7.65,369255,293822070.53,2.57,0.77,0.06,0.73
格林美,2022-09-22,7.75,7.78,7.87,7.72,268885,215133996.47,1.92,-0.64,-0.05,0.53
格林美,2022-09-23,7.77,7.64,7.83,7.58,420803,332107644.49,3.21,-1.8,-0.14,0.83
格林美,2022-09-26,7.59,7.54,7.7,7.47,414666,322648011.33,3.01,-1.31,-0.1,0.82
格林美,2022-09-27,7.55,7.61,7.63,7.36,493119,379464798.62,3.58,0.93,0.07,0.97
格林美,2022-09-28,7.55,7.25,7.56,7.25,525752,398479651.64,4.07,-4.73,-0.36,1.04
格林美,2022-09-29,7.36,7.22,7.47,7.17,533836,400818723.43,4.14,-0.41,-0.03,1.05
格林美,2022-09-30,7.22,7.18,7.28,7.17,376246,278644881.83,1.52,-0.55,-0.04,0.74
格林美,2022-10-10,7.18,7.06,7.22,7.04,424107,311136335.73,2.51,-1.67,-0.12,0.84
格林美,2022-10-11,7.1,7.08,7.2,7.05,455142,332685215.23,2.12,0.28,0.02,0.9
格林美,2022-10-12,7.08,7.28,7.28,6.91,580820,423280727.16,5.23,2.82,0.2,1.14
格林美,2022-10-13,7.24,7.27,7.35,7.19,444792,332993516.78,2.2,-0.14,-0.01,0.88
格林美,2022-10-14,7.34,7.42,7.47,7.29,543208,412100294.56,2.48,2.06,0.15,1.07
格林美,2022-10-17,7.36,7.5,7.51,7.32,431120,328692321.82,2.56,1.08,0.08,0.85
格林美,2022-10-18,7.54,7.52,7.66,7.46,712961,552258561.57,2.67,0.27,0.02,1.4
格林美,2022-10-19,7.53,7.49,7.68,7.43,599862,465811202.38,3.32,-0.4,-0.03,1.18
格林美,2022-10-20,7.43,7.36,7.5,7.26,504902,382193108.06,3.2,-1.74,-0.13,0.99
格林美,2022-10-21,7.4,7.36,7.45,7.33,300140,227938221.22,1.63,0.0,0.0,0.59
格林美,2022-10-24,7.48,7.4,7.62,7.31,755146,580813747.1,4.21,0.54,0.04,1.49
格林美,2022-10-25,7.33,7.4,7.44,7.16,467825,351820230.0,3.78,0.0,0.0,0.92
格林美,2022-10-26,7.42,7.49,7.54,7.36,479266,367262308.43,2.43,1.22,0.09,0.94
格林美,2022-10-27,7.52,7.47,7.58,7.46,460592,355353882.23,1.6,-0.27,-0.02,0.91
格林美,2022-10-28,7.48,7.17,7.48,7.13,516158,386948825.68,4.69,-4.02,-0.3,1.02
格林美,2022-10-31,7.18,7.24,7.32,7.16,370059,276005837.12,2.23,0.98,0.07,0.73
格林美,2022-11-01,7.28,7.47,7.48,7.25,551353,418339962.16,3.18,3.18,0.23,1.09
格林美,2022-11-02,7.47,7.62,7.65,7.42,704407,548423676.19,3.08,2.01,0.15,1.39
格林美,2022-11-03,7.55,7.66,7.77,7.52,592411,465749590.2,3.28,0.52,0.04,1.17
格林美,2022-11-04,7.76,7.93,7.97,7.69,1193303,966237255.77,3.66,3.52,0.27,2.35
格林美,2022-11-07,7.9,7.89,8.01,7.86,917456,745300783.89,1.89,-0.5,-0.04,1.81
格林美,2022-11-08,7.9,7.85,7.97,7.77,608512,489564595.86,2.53,-0.51,-0.04,1.2
格林美,2022-11-09,7.86,7.76,7.88,7.75,442595,353531652.34,1.66,-1.15,-0.09,0.87
格林美,2022-11-10,7.7,7.72,7.75,7.62,497487,391880675.75,1.68,-0.52,-0.04,0.98
格林美,2022-11-11,7.9,7.79,7.94,7.77,605504,486355686.26,2.2,0.91,0.07,1.19
格林美,2022-11-14,7.83,7.68,7.85,7.65,531313,422056486.11,2.57,-1.41,-0.11,1.05
格林美,2022-11-15,7.7,7.87,7.87,7.67,631258,505027708.72,2.6,2.47,0.19,1.24
格林美,2022-11-16,7.88,7.79,7.9,7.78,475734,382190118.61,1.52,-1.02,-0.08,0.94
格林美,2022-11-17,7.73,7.71,7.73,7.64,491781,387166343.21,1.16,-1.03,-0.08,0.97
格林美,2022-11-18,7.7,7.74,7.74,7.64,464165,366219482.36,1.3,0.39,0.03,0.91
格林美,2022-11-21,7.74,7.96,7.96,7.63,868139,698394447.82,4.26,2.84,0.22,1.71
格林美,2022-11-22,7.93,7.84,7.94,7.81,513957,414411530.4,1.63,-1.51,-0.12,1.01
格林美,2022-11-23,7.85,7.89,7.9,7.8,443085,357442756.63,1.28,0.64,0.05,0.87
格林美,2022-11-24,7.91,7.87,7.94,7.83,472741,382532937.19,1.39,-0.25,-0.02,0.93
格林美,2022-11-25,7.88,7.77,7.9,7.76,388250,310523532.82,1.78,-1.27,-0.1,0.77
格林美,2022-11-28,7.68,7.9,7.92,7.6,780347,623912597.02,4.12,1.67,0.13,1.54
格林美,2022-11-29,7.83,7.94,7.95,7.83,955891,774055576.36,1.52,0.51,0.04,1.88
格林美,2022-11-30,7.95,7.95,8.04,7.91,832904,680466307.57,1.64,0.13,0.01,1.64
格林美,2022-12-01,8.03,7.94,8.05,7.92,699966,571816459.6,1.64,-0.13,-0.01,1.38
格林美,2022-12-02,7.94,7.95,7.99,7.93,704966,574617044.35,0.76,0.13,0.01,1.39
格林美,2022-12-05,7.95,8.0,8.01,7.91,554311,452641967.5,1.26,0.63,0.05,1.09
格林美,2022-12-06,7.99,7.96,8.02,7.91,507766,414359604.6,1.38,-0.5,-0.04,1.0
格林美,2022-12-07,7.95,7.76,7.99,7.75,1079649,869308277.04,3.02,-2.51,-0.2,2.13
格林美,2022-12-08,7.83,7.71,7.84,7.69,665280,528863823.48,1.93,-0.64,-0.05,1.31
格林美,2022-12-09,7.69,7.98,7.98,7.61,1628818,1302361698.59,4.8,3.5,0.27,3.21
格林美,2022-12-12,7.9,7.68,7.92,7.65,1164450,923711415.89,3.38,-3.76,-0.3,2.29
格林美,2022-12-13,7.66,7.52,7.66,7.52,687437,533901541.04,1.82,-2.08,-0.16,1.35
格林美,2022-12-14,7.52,7.55,7.6,7.52,368521,286169293.17,1.06,0.4,0.03,0.73
格林美,2022-12-15,7.55,7.59,7.63,7.52,366592,284727701.43,1.46,0.53,0.04,0.72
格林美,2022-12-16,7.52,7.46,7.55,7.4,484131,370051553.2,1.98,-1.71,-0.13,0.95
格林美,2022-12-19,7.42,7.48,7.65,7.42,560980,434564221.22,3.08,0.27,0.02,1.11
格林美,2022-12-20,7.43,7.38,7.45,7.32,301279,228026704.2,1.74,-1.34,-0.1,0.59
格林美,2022-12-21,7.38,7.29,7.41,7.23,306892,230618811.74,2.44,-1.22,-0.09,0.6
格林美,2022-12-22,7.3,7.17,7.34,7.14,323010,240059660.19,2.74,-1.65,-0.12,0.64
格林美,2022-12-23,7.11,7.2,7.23,7.09,200517,147994862.38,1.95,0.42,0.03,0.4
格林美,2022-12-26,7.2,7.31,7.33,7.19,204710,153185808.73,1.94,1.53,0.11,0.4
格林美,2022-12-27,7.32,7.32,7.36,7.25,239119,179293082.0,1.5,0.14,0.01,0.47
格林美,2022-12-28,7.28,7.26,7.33,7.21,218163,162760124.84,1.64,-0.82,-0.06,0.43
格林美,2022-12-29,7.24,7.23,7.3,7.21,187032,139458586.93,1.24,-0.41,-0.03,0.37
格林美,2022-12-30,7.26,7.23,7.29,7.21,189071,140812323.9,1.11,0.0,0.0,0.37
格林美,2023-01-03,7.24,7.38,7.39,7.2,358460,269749611.41,2.63,2.07,0.15,0.71
格林美,2023-01-04,7.4,7.39,7.4,7.3,326139,246538062.64,1.36,0.14,0.01,0.64
格林美,2023-01-05,7.37,7.47,7.5,7.36,394985,302187172.22,1.89,1.08,0.08,0.78
格林美,2023-01-06,7.45,7.49,7.57,7.44,404425,312252288.44,1.74,0.27,0.02,0.8
格林美,2023-01-09,7.26,7.4,7.49,7.26,689395,522508278.97,3.07,-1.2,-0.09,1.36
格林美,2023-01-10,7.37,7.31,7.39,7.28,455550,342558053.43,1.49,-1.22,-0.09,0.9
格林美,2023-01-11,7.33,7.24,7.38,7.21,462372,346136876.09,2.33,-0.96,-0.07,0.91
格林美,2023-01-12,7.25,7.44,7.47,7.25,702464,533153345.77,3.04,2.76,0.2,1.38
格林美,2023-01-13,7.45,7.4,7.49,7.35,524625,398639534.8,1.88,-0.54,-0.04,1.03
格林美,2023-01-16,7.41,7.42,7.48,7.4,535645,409581196.68,1.08,0.27,0.02,1.05
格林美,2023-01-17,7.43,7.45,7.47,7.41,293580,224258774.1,0.81,0.4,0.03,0.58
格林美,2023-01-18,7.45,7.47,7.52,7.43,346497,266283084.76,1.21,0.27,0.02,0.68
格林美,2023-01-19,7.5,7.52,7.54,7.44,360112,276998262.9,1.34,0.67,0.05,0.71
格林美,2023-01-20,7.58,7.68,7.68,7.54,635857,497946009.52,1.86,2.13,0.16,1.25
格林美,2023-01-30,7.83,7.73,7.9,7.73,892793,715200057.91,2.21,0.65,0.05,1.76
格林美,2023-01-31,7.74,7.78,7.83,7.73,497770,397632429.76,1.29,0.65,0.05,0.98
格林美,2023-02-01,7.76,7.94,7.95,7.76,928420,752547880.89,2.44,2.06,0.16,1.83
格林美,2023-02-02,7.94,7.88,7.94,7.86,618146,500305342.76,1.01,-0.76,-0.06,1.22
格林美,2023-02-03,7.87,7.82,7.88,7.74,517640,414014123.33,1.78,-0.76,-0.06,1.02
格林美,2023-02-06,7.77,7.79,7.79,7.74,335185,266969260.83,0.64,-0.38,-0.03,0.66
格林美,2023-02-07,7.79,7.81,7.83,7.75,316593,252850666.66,1.03,0.26,0.02,0.62
格林美,2023-02-08,7.82,7.82,7.9,7.8,466947,375890154.64,1.28,0.13,0.01,0.92
格林美,2023-02-09,7.83,7.87,7.89,7.81,480332,387308627.86,1.02,0.64,0.05,0.95
格林美,2023-02-10,7.88,7.81,7.89,7.76,438379,351586725.55,1.65,-0.76,-0.06,0.86
格林美,2023-02-13,7.83,7.82,7.87,7.82,420103,337723113.95,0.64,0.13,0.01,0.83
格林美,2023-02-14,7.83,7.8,7.85,7.78,375345,300506652.9,0.9,-0.26,-0.02,0.74
格林美,2023-02-15,7.8,7.75,7.82,7.73,502325,399871848.01,1.15,-0.64,-0.05,0.99
格林美,2023-02-16,7.75,7.6,7.77,7.53,707304,557408407.06,3.1,-1.94,-0.15,1.39
格林美,2023-02-17,7.6,7.52,7.65,7.51,486217,377697021.54,1.84,-1.05,-0.08,0.96
格林美,2023-02-20,7.51,7.61,7.62,7.46,475662,368856670.33,2.13,1.2,0.09,0.94
格林美,2023-02-21,7.64,7.68,7.73,7.61,488683,384578963.64,1.58,0.92,0.07,0.96
格林美,2023-02-22,7.68,7.66,7.73,7.63,419898,330397140.71,1.3,-0.26,-0.02,0.83
格林美,2023-02-23,7.66,7.63,7.68,7.6,362281,283938629.54,1.04,-0.39,-0.03,0.71
格林美,2023-02-24,7.65,7.62,7.66,7.55,314967,245739368.27,1.44,-0.13,-0.01,0.62
格林美,2023-02-27,7.6,7.52,7.6,7.5,390717,302338444.59,1.31,-1.31,-0.1,0.77
格林美,2023-02-28,7.65,7.69,7.76,7.61,923484,726956117.84,1.99,2.26,0.17,1.82
格林美,2023-03-01,7.65,7.71,7.71,7.59,520276,409377090.39,1.56,0.26,0.02,1.02
格林美,2023-03-02,7.72,7.64,7.73,7.63,461556,362923660.93,1.3,-0.91,-0.07,0.91
格林美,2023-03-03,7.66,7.61,7.69,7.58,419180,327732968.78,1.44,-0.39,-0.03,0.83
格林美,2023-03-06,7.61,7.63,7.65,7.54,449178,349948182.45,1.45,0.26,0.02,0.88
格林美,2023-03-07,7.63,7.51,7.64,7.5,459948,356528059.66,1.83,-1.57,-0.12,0.91
格林美,2023-03-08,7.48,7.49,7.52,7.45,347861,267112360.04,0.93,-0.27,-0.02,0.69
格林美,2023-03-09,7.5,7.53,7.56,7.48,306444,236429493.74,1.07,0.53,0.04,0.6
格林美,2023-03-10,7.5,7.41,7.5,7.4,348001,265466974.68,1.33,-1.59,-0.12,0.69
格林美,2023-03-13,7.35,7.33,7.43,7.27,506451,380617132.76,2.16,-1.08,-0.08,1.0
格林美,2023-03-14,7.33,7.26,7.34,7.17,424556,316169122.58,2.32,-0.95,-0.07,0.84
格林美,2023-03-15,7.3,7.3,7.34,7.29,275615,207074160.37,0.69,0.55,0.04,0.54
格林美,2023-03-16,7.25,7.22,7.33,7.21,374191,279608238.94,1.64,-1.1,-0.08,0.74
格林美,2023-03-17,7.25,7.27,7.35,7.25,456647,342884688.32,1.39,0.69,0.05,0.9
格林美,2023-03-20,7.3,7.33,7.34,7.26,388022,291672701.86,1.1,0.83,0.06,0.76
格林美,2023-03-21,7.33,7.4,7.4,7.31,398898,301290248.57,1.23,0.95,0.07,0.79
格林美,2023-03-22,7.42,7.43,7.46,7.37,353382,269309024.06,1.22,0.41,0.03,0.7
格林美,2023-03-23,7.41,7.41,7.45,7.38,308116,234404718.8,0.94,-0.27,-0.02,0.61
格林美,2023-03-24,7.43,7.38,7.44,7.36,296737,225187846.2,1.08,-0.4,-0.03,0.58
格林美,2023-03-27,7.36,7.32,7.37,7.3,386133,290308305.75,0.95,-0.81,-0.06,0.76
格林美,2023-03-28,7.31,7.25,7.35,7.22,356258,265772214.12,1.78,-0.96,-0.07,0.7
格林美,2023-03-29,7.25,7.23,7.28,7.2,327852,243556845.7,1.1,-0.28,-0.02,0.65
格林美,2023-03-30,7.24,7.23,7.25,7.15,320124,236470875.7,1.38,0.0,0.0,0.63
格林美,2023-03-31,7.23,7.27,7.3,7.22,291698,217745241.85,1.11,0.55,0.04,0.57
格林美,2023-04-03,7.28,7.4,7.42,7.26,541426,409538676.49,2.2,1.79,0.13,1.07
格林美,2023-04-04,7.39,7.3,7.39,7.27,415725,312264871.45,1.62,-1.35,-0.1,0.82
格林美,2023-04-06,7.29,7.21,7.29,7.18,442419,327984213.15,1.51,-1.23,-0.09,0.87
格林美,2023-04-07,7.21,7.22,7.25,7.19,341630,253237291.04,0.83,0.14,0.01,0.67
格林美,2023-04-10,7.23,7.22,7.24,7.16,395758,292567924.65,1.11,0.0,0.0,0.78
格林美,2023-04-11,7.22,7.28,7.28,7.15,395166,293548403.85,1.8,0.83,0.06,0.78
格林美,2023-04-12,7.28,7.27,7.35,7.25,380602,285335197.04,1.37,-0.14,-0.01,0.75
格林美,2023-04-13,7.28,7.2,7.28,7.18,348185,258388405.92,1.38,-0.96,-0.07,0.69
格林美,2023-04-14,7.25,7.34,7.4,7.24,786424,592628582.81,2.22,1.94,0.14,1.55
格林美,2023-04-17,7.35,7.35,7.36,7.31,391075,294410642.22,0.68,0.14,0.01,0.77
格林美,2023-04-18,7.34,7.3,7.4,7.28,437304,329338812.8,1.63,-0.68,-0.05,0.86
格林美,2023-04-19,7.32,7.24,7.34,7.22,353167,263884728.08,1.64,-0.82,-0.06,0.7
格林美,2023-04-20,7.23,7.12,7.23,7.1,550628,403469999.68,1.8,-1.66,-0.12,1.08
格林美,2023-04-21,7.12,6.93,7.16,6.91,597065,430436275.92,3.51,-2.67,-0.19,1.18
格林美,2023-04-24,6.92,6.84,6.94,6.82,456526,321881417.1,1.73,-1.3,-0.09,0.9
格林美,2023-04-25,6.85,6.63,6.87,6.51,761595,518871139.67,5.26,-3.07,-0.21,1.5
格林美,2023-04-26,6.59,6.72,6.82,6.55,457865,316739421.56,4.07,1.36,0.09,0.9
格林美,2023-04-27,6.74,6.69,6.74,6.63,300485,206859209.21,1.64,-0.45,-0.03,0.59
格林美,2023-04-28,6.67,6.83,6.86,6.66,389623,272569174.79,2.99,2.09,0.14,0.77
格林美,2023-05-04,6.71,6.62,6.72,6.6,687993,471027174.91,1.76,-3.07,-0.21,1.35
格林美,2023-05-05,6.63,6.5,6.64,6.43,512186,343701089.49,3.17,-1.81,-0.12,1.01
格林美,2023-05-08,6.52,6.55,6.59,6.49,412650,278036076.63,1.54,0.77,0.05,0.81
格林美,2023-05-09,6.54,6.56,6.64,6.45,473417,319322170.5,2.9,0.15,0.01,0.93
格林美,2023-05-10,6.56,6.65,6.69,6.52,457423,312034343.14,2.59,1.37,0.09,0.9
格林美,2023-05-11,6.64,6.65,6.7,6.61,320807,219751126.18,1.35,0.0,0.0,0.63
格林美,2023-05-12,6.68,6.53,6.69,6.52,317709,215404342.61,2.56,-1.8,-0.12,0.63
格林美,2023-05-15,6.57,6.79,6.79,6.57,739063,512933242.79,3.37,3.98,0.26,1.46
格林美,2023-05-16,6.8,6.74,6.82,6.71,361384,250824385.39,1.62,-0.74,-0.05,0.71
格林美,2023-05-17,6.72,6.71,6.78,6.67,327198,226281944.38,1.63,-0.45,-0.03,0.64
格林美,2023-05-18,6.72,6.66,6.72,6.61,301362,206458820.31,1.64,-0.75,-0.05,0.59
格林美,2023-05-19,6.64,6.63,6.67,6.6,219390,149998493.7,1.05,-0.45,-0.03,0.43
格林美,2023-05-22,6.63,6.65,6.68,6.6,194820,133302527.66,1.21,0.3,0.02,0.38
格林美,2023-05-23,6.65,6.58,6.67,6.58,212130,144464468.7,1.35,-1.05,-0.07,0.42
格林美,2023-05-24,6.55,6.56,6.61,6.53,227036,153731385.6,1.22,-0.3,-0.02,0.45
格林美,2023-05-25,6.56,6.49,6.59,6.45,300077,201189409.35,2.13,-1.07,-0.07,0.59
格林美,2023-05-26,6.5,6.48,6.51,6.39,294975,195637823.28,1.85,-0.15,-0.01,0.58
格林美,2023-05-29,6.5,6.37,6.5,6.33,383152,252271849.99,2.62,-1.7,-0.11,0.75
格林美,2023-05-30,6.37,6.47,6.47,6.3,362154,238777123.28,2.67,1.57,0.1,0.71
格林美,2023-05-31,6.46,6.47,6.47,6.39,321300,213351637.01,1.24,0.0,0.0,0.63
格林美,2023-06-01,6.48,6.56,6.61,6.44,397191,268009856.43,2.63,1.39,0.09,0.78
格林美,2023-06-02,6.57,6.69,6.72,6.56,517651,356191436.3,2.44,1.98,0.13,1.02
格林美,2023-06-05,6.72,6.69,6.73,6.62,455039,313454257.36,1.64,0.0,0.0,0.9
格林美,2023-06-06,6.67,6.61,6.72,6.6,355263,243411279.71,1.79,-1.2,-0.08,0.7
格林美,2023-06-07,6.57,6.64,6.72,6.56,329111,224674895.84,2.42,0.45,0.03,0.65
格林美,2023-06-08,6.72,6.78,6.91,6.72,919309,644899152.42,2.86,2.11,0.14,1.81
格林美,2023-06-09,6.72,6.73,6.78,6.68,554590,384426432.51,1.47,-0.74,-0.05,1.09
格林美,2023-06-12,6.76,6.74,6.76,6.66,313079,216637234.79,1.49,0.15,0.01,0.62
格林美,2023-06-13,6.71,6.68,6.74,6.67,250887,172903806.03,1.04,-0.89,-0.06,0.49
格林美,2023-06-14,6.69,6.61,6.72,6.61,296320,202754356.43,1.65,-1.05,-0.07,0.58
格林美,2023-06-15,6.62,6.74,6.75,6.58,464190,319636570.31,2.57,1.97,0.13,0.91
格林美,2023-06-16,6.74,6.8,6.86,6.71,502792,351107202.53,2.23,0.89,0.06,0.99
格林美,2023-06-19,6.8,6.72,6.83,6.7,331776,230138378.58,1.91,-1.18,-0.08,0.65
格林美,2023-06-20,6.7,6.67,6.73,6.66,232152,159958612.48,1.04,-0.74,-0.05,0.46
格林美,2023-06-21,6.67,6.65,6.74,6.64,340246,234499066.95,1.5,-0.3,-0.02,0.67
格林美,2023-06-26,6.6,6.64,6.74,6.56,352028,241487994.22,2.71,-0.15,-0.01,0.69
格林美,2023-06-27,6.63,6.65,6.69,6.59,262821,179786393.65,1.51,0.15,0.01,0.52
格林美,2023-06-28,6.65,6.64,6.69,6.6,249705,170636037.04,1.35,-0.15,-0.01,0.49
格林美,2023-06-29,6.62,6.54,6.63,6.54,334075,226736097.0,1.36,-1.51,-0.1,0.66
格林美,2023-06-30,6.57,6.71,6.74,6.55,485658,334566151.07,2.91,2.6,0.17,0.96
格林美,2023-07-03,6.71,6.75,6.82,6.71,398413,277385232.36,1.64,0.6,0.04,0.78
格林美,2023-07-04,6.83,6.82,6.87,6.77,433913,303874399.19,1.48,1.04,0.07,0.85
格林美,2023-07-05,6.82,6.94,6.97,6.78,851867,604825964.31,2.79,1.76,0.12,1.68
格林美,2023-07-06,6.93,6.78,6.93,6.77,536149,375493734.17,2.31,-2.31,-0.16,1.06
格林美,2023-07-07,6.76,6.76,6.81,6.74,257416,179480570.73,1.03,-0.29,-0.02,0.51
格林美,2023-07-10,6.78,6.79,6.84,6.76,252236,176551990.28,1.18,0.44,0.03,0.5
格林美,2023-07-11,6.78,6.82,6.82,6.75,224289,156668673.95,1.03,0.44,0.03,0.44
格林美,2023-07-12,6.81,6.77,6.84,6.75,247436,173151051.0,1.32,-0.73,-0.05,0.49
格林美,2023-07-13,6.83,6.9,6.93,6.83,589282,417744883.04,1.48,1.92,0.13,1.16
格林美,2023-07-14,6.9,6.86,6.93,6.83,512863,360268132.0,1.45,-0.58,-0.04,1.01
格林美,2023-07-17,6.84,6.78,6.84,6.76,269630,187244479.24,1.17,-1.17,-0.08,0.53
格林美,2023-07-18,6.8,6.8,6.82,6.76,195340,135615827.49,0.88,0.29,0.02,0.38
格林美,2023-07-19,6.8,6.82,6.87,6.78,252000,175599739.81,1.32,0.29,0.02,0.5
格林美,2023-07-20,6.82,6.82,6.89,6.81,313681,219425523.95,1.17,0.0,0.0,0.62
格林美,2023-07-21,6.8,6.77,6.82,6.72,264728,183018375.35,1.47,-0.73,-0.05,0.52
格林美,2023-07-24,6.75,6.69,6.75,6.68,237504,162757132.64,1.03,-1.18,-0.08,0.47
格林美,2023-07-25,6.73,6.82,6.82,6.72,379126,262733534.05,1.49,1.94,0.13,0.75
格林美,2023-07-26,6.82,6.81,6.84,6.79,235881,164229704.2,0.73,-0.15,-0.01,0.46
格林美,2023-07-27,6.82,6.8,6.85,6.79,274276,191232181.26,0.88,-0.15,-0.01,0.54
格林美,2023-07-28,6.78,6.84,6.86,6.73,382606,266400081.51,1.91,0.59,0.04,0.75
格林美,2023-07-31,6.86,6.89,6.94,6.86,430412,303505361.45,1.17,0.73,0.05,0.85
格林美,2023-08-01,6.9,6.9,6.91,6.86,269263,189400350.8,0.73,0.15,0.01,0.53
格林美,2023-08-02,6.88,6.84,6.9,6.82,282019,197486319.27,1.16,-0.87,-0.06,0.56
格林美,2023-08-03,6.84,6.86,6.88,6.82,261720,183421693.24,0.88,0.29,0.02,0.52
格林美,2023-08-04,6.89,6.9,6.93,6.87,352541,248418314.46,0.87,0.58,0.04,0.69
格林美,2023-08-07,6.91,6.85,6.91,6.82,297457,208365496.27,1.3,-0.72,-0.05,0.59
格林美,2023-08-08,6.83,6.85,6.86,6.78,265409,185116947.82,1.17,0.0,0.0,0.52
格林美,2023-08-09,6.85,6.79,6.85,6.78,206002,143263499.53,1.02,-0.88,-0.06,0.41
格林美,2023-08-10,6.78,6.79,6.83,6.78,155773,108273115.0,0.74,0.0,0.0,0.31
格林美,2023-08-11,6.79,6.63,6.8,6.62,395712,270997693.03,2.65,-2.36,-0.16,0.78
格林美,2023-08-14,6.59,6.59,6.6,6.51,295742,198432938.5,1.36,-0.6,-0.04,0.58
格林美,2023-08-15,6.59,6.52,6.61,6.48,254144,169981036.28,1.97,-1.06,-0.07,0.5
格林美,2023-08-16,6.52,6.47,6.57,6.45,259763,172810062.2,1.84,-0.77,-0.05,0.51
格林美,2023-08-17,6.47,6.48,6.5,6.4,267527,176632422.98,1.55,0.15,0.01,0.53
格林美,2023-08-18,6.47,6.4,6.51,6.4,257503,170021761.38,1.7,-1.23,-0.08,0.51
格林美,2023-08-21,6.41,6.36,6.48,6.36,279719,183355235.63,1.88,-0.63,-0.04,0.55
格林美,2023-08-22,6.38,6.27,6.42,6.19,477786,306584756.28,3.62,-1.42,-0.09,0.94
格林美,2023-08-23,6.27,6.11,6.28,6.11,355611,224193056.14,2.71,-2.55,-0.16,0.7
格林美,2023-08-24,6.11,6.12,6.17,6.04,275046,172501107.82,2.13,0.16,0.01,0.54
格林美,2023-08-25,6.1,6.03,6.14,6.01,275888,171697632.17,2.12,-1.47,-0.09,0.54
格林美,2023-08-28,6.35,6.08,6.4,6.05,543122,344941139.45,5.8,0.83,0.05,1.07
格林美,2023-08-29,6.1,6.21,6.24,6.03,392971,248488910.1,3.45,2.14,0.13,0.77
格林美,2023-08-30,6.18,6.13,6.29,6.08,509545,322766570.25,3.38,-1.29,-0.08,1.0
格林美,2023-08-31,6.14,6.11,6.16,6.08,347433,217681525.89,1.31,-0.33,-0.02,0.68
格林美,2023-09-01,6.14,6.16,6.19,6.11,221121,139507570.9,1.31,0.82,0.05,0.44
格林美,2023-09-04,6.2,6.28,6.28,6.17,378413,241931945.79,1.79,1.95,0.12,0.75
格林美,2023-09-05,6.25,6.21,6.26,6.2,297643,189484199.62,0.96,-1.11,-0.07,0.59
格林美,2023-09-06,6.2,6.23,6.24,6.16,225646,143368345.82,1.29,0.32,0.02,0.44
格林美,2023-09-07,6.23,6.11,6.24,6.11,336613,212005533.91,2.09,-1.93,-0.12,0.66
格林美,2023-09-08,6.12,6.07,6.13,6.07,213700,133267708.75,0.98,-0.65,-0.04,0.42
格林美,2023-09-11,6.08,6.14,6.19,6.04,290986,182474939.3,2.47,1.15,0.07,0.57
格林美,2023-09-12,6.15,6.19,6.24,6.12,332990,211263663.04,1.95,0.81,0.05,0.66
格林美,2023-09-13,6.19,6.11,6.2,6.09,260366,163567506.47,1.78,-1.29,-0.08,0.51
格林美,2023-09-14,6.1,6.09,6.12,6.06,205507,128037588.91,0.98,-0.33,-0.02,0.4
格林美,2023-09-15,6.11,6.1,6.14,6.08,213262,133448939.72,0.99,0.16,0.01,0.42
格林美,2023-09-18,6.09,6.16,6.19,6.04,315921,198523028.4,2.46,0.98,0.06,0.62
格林美,2023-09-19,6.14,6.1,6.16,6.08,221459,138546349.53,1.3,-0.97,-0.06,0.44
格林美,2023-09-20,6.07,6.05,6.1,6.04,224707,139603637.6,0.98,-0.82,-0.05,0.44
格林美,2023-09-21,6.04,5.94,6.07,5.94,334358,205052022.48,2.15,-1.82,-0.11,0.66
格林美,2023-09-22,5.9,6.03,6.04,5.9,253866,155775385.12,2.36,1.52,0.09,0.5
格林美,2023-09-25,6.02,5.99,6.05,5.97,215576,132506213.95,1.33,-0.66,-0.04,0.42
格林美,2023-09-26,5.99,5.93,6.0,5.93,273945,167335614.27,1.17,-1.0,-0.06,0.54
格林美,2023-09-27,5.93,5.95,6.04,5.92,275853,169005151.09,2.02,0.34,0.02,0.54
格林美,2023-09-28,5.97,5.94,6.01,5.92,294946,179870636.98,1.51,-0.17,-0.01,0.58
格林美,2023-10-09,5.94,5.9,5.96,5.88,286308,173429882.33,1.35,-0.67,-0.04,0.56
格林美,2023-10-10,5.91,5.96,6.03,5.91,344761,211332491.36,2.03,1.02,0.06,0.68
格林美,2023-10-11,5.97,5.95,6.01,5.94,305042,186638669.47,1.17,-0.17,-0.01,0.6
格林美,2023-10-12,5.95,6.08,6.09,5.95,569624,352416123.77,2.35,2.18,0.13,1.12
格林美,2023-10-13,6.03,6.03,6.06,6.0,272439,168262890.1,0.99,-0.82,-0.05,0.54
格林美,2023-10-16,6.04,5.94,6.05,5.91,317910,194173289.59,2.32,-1.49,-0.09,0.63
格林美,2023-10-17,5.94,5.95,5.99,5.92,226448,138239171.78,1.18,0.17,0.01,0.45
格林美,2023-10-18,5.95,5.82,5.95,5.81,389585,234078298.1,2.35,-2.18,-0.13,0.77
格林美,2023-10-19,5.78,5.66,5.8,5.66,461178,270601123.19,2.41,-2.75,-0.16,0.91
格林美,2023-10-20,5.64,5.71,5.81,5.62,400951,235269360.16,3.36,0.88,0.05,0.79
格林美,2023-10-23,5.7,5.5,5.7,5.48,415646,237472852.67,3.85,-3.68,-0.21,0.82
格林美,2023-10-24,5.5,5.51,5.57,5.47,389618,220803202.98,1.82,0.18,0.01,0.77
格林美,2023-10-25,5.53,5.56,5.61,5.53,300817,172138138.14,1.45,0.91,0.05,0.59
格林美,2023-10-26,5.53,5.56,5.58,5.47,332753,188427919.4,1.98,0.0,0.0,0.66
格林美,2023-10-27,5.54,5.73,5.75,5.52,576716,336493181.77,4.14,3.06,0.17,1.14
格林美,2023-10-30,5.68,5.75,5.78,5.67,373813,220385481.5,1.92,0.35,0.02,0.74
格林美,2023-10-31,5.75,5.71,5.79,5.68,270500,158532403.6,1.91,-0.7,-0.04,0.53
格林美,2023-11-01,5.72,5.76,5.79,5.7,287391,169677186.92,1.58,0.88,0.05,0.57
格林美,2023-11-02,5.77,5.71,5.81,5.7,212238,125014373.8,1.91,-0.87,-0.05,0.42
格林美,2023-11-03,5.71,5.77,5.8,5.7,301440,178446236.47,1.75,1.05,0.06,0.59
格林美,2023-11-06,5.79,5.87,5.89,5.79,373696,224517210.38,1.73,1.73,0.1,0.74
格林美,2023-11-07,5.87,5.86,5.88,5.82,286790,172122422.61,1.02,-0.17,-0.01,0.56
格林美,2023-11-08,5.86,5.83,5.87,5.8,336908,201730830.75,1.19,-0.51,-0.03,0.66
格林美,2023-11-09,5.8,5.83,5.87,5.8,252695,151373376.82,1.2,0.0,0.0,0.5
格林美,2023-11-10,5.83,5.78,5.83,5.77,266677,158365087.52,1.03,-0.86,-0.05,0.53
格林美,2023-11-13,5.78,5.82,5.83,5.77,236520,140675640.23,1.04,0.69,0.04,0.47
格林美,2023-11-14,5.81,5.81,5.85,5.79,239638,142977813.28,1.03,-0.17,-0.01,0.47
格林美,2023-11-15,5.85,5.87,5.91,5.83,451354,272006631.32,1.38,1.03,0.06,0.89
格林美,2023-11-16,5.87,5.8,5.87,5.79,280222,167298742.11,1.36,-1.19,-0.07,0.55
格林美,2023-11-17,5.76,5.79,5.84,5.76,314272,187032542.25,1.38,-0.17,-0.01,0.62
格林美,2023-11-20,5.78,5.79,5.81,5.71,393521,232707253.89,1.73,0.0,0.0,0.77
格林美,2023-11-21,5.8,5.79,5.86,5.78,405426,242367891.47,1.38,0.0,0.0,0.8
格林美,2023-11-22,5.77,5.67,5.78,5.67,418651,245468125.4,1.9,-2.07,-0.12,0.82
格林美,2023-11-23,5.65,5.71,5.73,5.64,266503,155558856.99,1.59,0.71,0.04,0.52
格林美,2023-11-24,5.7,5.67,5.73,5.66,275056,160603952.24,1.23,-0.7,-0.04,0.54
格林美,2023-11-27,5.63,5.57,5.66,5.56,313070,179734614.96,1.76,-1.76,-0.1,0.62
格林美,2023-11-28,5.58,5.61,5.62,5.53,276965,158691571.12,1.62,0.72,0.04,0.55
格林美,2023-11-29,5.62,5.55,5.64,5.54,261339,149485408.46,1.78,-1.07,-0.06,0.51
格林美,2023-11-30,5.54,5.49,5.56,5.49,289659,164063321.67,1.26,-1.08,-0.06,0.57
格林美,2023-12-01,5.49,5.43,5.49,5.38,487025,271464072.1,2.0,-1.09,-0.06,0.96
格林美,2023-12-04,5.43,5.42,5.46,5.41,283078,158017003.1,0.92,-0.18,-0.01,0.56
格林美,2023-12-05,5.4,5.36,5.46,5.35,378323,209964464.0,2.03,-1.11,-0.06,0.75
格林美,2023-12-06,5.35,5.47,5.52,5.32,548194,307769806.73,3.73,2.05,0.11,1.08
格林美,2023-12-07,5.44,5.42,5.47,5.36,362769,201334963.56,2.01,-0.91,-0.05,0.71
格林美,2023-12-08,5.45,5.4,5.47,5.38,301331,167702711.23,1.66,-0.37,-0.02,0.59
格林美,2023-12-11,5.37,5.42,5.43,5.29,411147,226048990.62,2.59,0.37,0.02,0.81
格林美,2023-12-12,5.41,5.44,5.45,5.39,247175,137910448.0,1.11,0.37,0.02,0.49
格林美,2023-12-13,5.42,5.31,5.43,5.31,317851,175265795.4,2.21,-2.39,-0.13,0.63
格林美,2023-12-14,5.35,5.27,5.38,5.27,293469,160320350.97,2.07,-0.75,-0.04,0.58
格林美,2023-12-15,5.26,5.21,5.33,5.21,349239,189214754.68,2.28,-1.14,-0.06,0.69
格林美,2023-12-18,5.18,5.09,5.21,5.07,381064,201175185.6,2.69,-2.3,-0.12,0.75
格林美,2023-12-19,5.08,5.09,5.13,5.05,265230,139061200.38,1.57,0.0,0.0,0.52
格林美,2023-12-20,5.09,5.02,5.1,5.02,264052,137570328.29,1.57,-1.38,-0.07,0.52
格林美,2023-12-21,5.0,5.08,5.12,4.98,301433,156655496.91,2.79,1.2,0.06,0.59
格林美,2023-12-22,5.08,5.16,5.21,5.01,515719,272256140.12,3.94,1.57,0.08,1.01
格林美,2023-12-25,5.12,5.17,5.24,5.12,272579,145076659.86,2.33,0.19,0.01,0.54
格林美,2023-12-26,5.17,5.11,5.17,5.09,190846,100551540.58,1.55,-1.16,-0.06,0.38
格林美,2023-12-27,5.11,5.11,5.15,5.05,228465,119987499.09,1.96,0.0,0.0,0.45
格林美,2023-12-28,5.12,5.27,5.29,5.1,573854,309150149.89,3.72,3.13,0.16,1.13
格林美,2023-12-29,5.27,5.31,5.33,5.26,369139,201370854.15,1.33,0.76,0.04,0.73
格林美,2024-01-02,5.31,5.3,5.35,5.29,283017,154798334.26,1.13,-0.19,-0.01,0.56
格林美,2024-01-03,5.3,5.29,5.33,5.25,223378,121356973.3,1.51,-0.19,-0.01,0.44
格林美,2024-01-04,5.3,5.2,5.31,5.19,274053,147344510.85,2.27,-1.7,-0.09,0.54
格林美,2024-01-05,5.2,5.18,5.3,5.16,320050,172344082.68,2.69,-0.38,-0.02,0.63
格林美,2024-01-08,5.15,5.02,5.22,5.02,391991,205593120.95,3.86,-3.09,-0.16,0.77
格林美,2024-01-09,5.01,5.02,5.11,4.98,301770,156293538.84,2.59,0.0,0.0,0.59
格林美,2024-01-10,5.01,5.03,5.11,4.93,343564,177811598.73,3.59,0.2,0.01,0.68
格林美,2024-01-11,5.04,5.18,5.22,5.01,432834,228558338.35,4.17,2.98,0.15,0.85
格林美,2024-01-12,5.19,5.2,5.26,5.15,359486,192820483.24,2.12,0.39,0.02,0.71
格林美,2024-01-15,5.17,5.1,5.2,5.09,299337,157902529.32,2.12,-1.92,-0.1,0.59
格林美,2024-01-16,5.1,5.09,5.16,5.02,311035,162847406.21,2.75,-0.2,-0.01,0.61
格林美,2024-01-17,5.08,4.94,5.09,4.94,332260,171157628.82,2.95,-2.95,-0.15,0.65
格林美,2024-01-18,4.93,4.88,4.95,4.75,595649,296853087.06,4.05,-1.21,-0.06,1.17
格林美,2024-01-19,4.88,4.89,5.0,4.83,362793,183892722.96,3.48,0.2,0.01,0.71
格林美,2024-01-22,4.88,4.61,4.88,4.6,545260,266473807.56,5.73,-5.73,-0.28,1.07
格林美,2024-01-23,4.59,4.69,4.72,4.54,449841,215902019.5,3.9,1.74,0.08,0.88
格林美,2024-01-24,4.7,4.72,4.74,4.54,398738,191710733.3,4.26,0.64,0.03,0.78
格林美,2024-01-25,4.73,4.82,4.83,4.7,444383,219146190.33,2.75,2.12,0.1,0.87
格林美,2024-01-26,4.81,4.8,4.85,4.77,344178,170827877.36,1.66,-0.41,-0.02,0.68
格林美,2024-01-29,4.8,4.69,4.84,4.69,309016,151263093.47,3.13,-2.29,-0.11,0.61
格林美,2024-01-30,4.65,4.55,4.71,4.54,303505,145280602.18,3.62,-2.99,-0.14,0.6
格林美,2024-01-31,4.52,4.35,4.59,4.35,492171,226047471.9,5.27,-4.4,-0.2,0.97
格林美,2024-02-01,4.3,4.37,4.46,4.29,425339,192615683.21,3.91,0.46,0.02,0.84
格林美,2024-02-02,4.38,4.15,4.45,4.03,608231,267098914.78,9.61,-5.03,-0.22,1.2
格林美,2024-02-05,4.12,3.99,4.23,3.8,882754,367098190.37,10.36,-3.86,-0.16,1.74
格林美,2024-02-06,3.94,4.4,4.4,3.93,1134308,503725921.4,11.78,10.28,0.41,2.23
格林美,2024-02-07,4.41,4.85,4.85,4.4,1635254,795488955.64,10.23,10.23,0.45,3.21
格林美,2024-02-08,4.86,5.0,5.23,4.86,1479293,774027821.58,7.63,3.09,0.15,2.91
格林美,2024-02-19,5.03,4.95,5.06,4.9,822361,420260040.49,3.2,-1.0,-0.05,1.62
格林美,2024-02-20,4.93,4.87,4.94,4.83,501309,251479299.94,2.22,-1.62,-0.08,0.99
格林美,2024-02-21,4.83,4.87,5.0,4.77,726178,367602117.62,4.72,0.0,0.0,1.43
格林美,2024-02-22,4.87,4.89,4.92,4.83,488956,245542261.21,1.85,0.41,0.02,0.96
格林美,2024-02-23,4.91,4.93,4.95,4.85,541659,273459223.52,2.04,0.82,0.04,1.06
格林美,2024-02-26,5.08,5.2,5.32,5.06,1616952,862530207.87,5.27,5.48,0.27,3.18
格林美,2024-02-27,5.15,5.23,5.23,5.1,855950,455581568.39,2.5,0.58,0.03,1.68
格林美,2024-02-28,5.27,5.09,5.37,5.09,1209924,652690422.58,5.35,-2.68,-0.14,2.38
格林美,2024-02-29,5.05,5.21,5.23,5.02,847151,450645267.36,4.13,2.36,0.12,1.67
格林美,2024-03-01,5.22,5.23,5.25,5.18,587907,315406072.66,1.34,0.38,0.02,1.16
格林美,2024-03-04,5.27,5.2,5.34,5.16,691420,372642025.54,3.44,-0.57,-0.03,1.36
格林美,2024-03-05,5.16,5.11,5.17,5.09,555606,292922722.39,1.54,-1.73,-0.09,1.09
格林美,2024-03-06,5.08,5.11,5.18,5.07,414989,218654365.12,2.15,0.0,0.0,0.82
格林美,2024-03-07,5.16,5.12,5.27,5.12,795857,425456838.3,2.94,0.2,0.01,1.56
格林美,2024-03-08,5.13,5.12,5.17,5.07,431592,227033137.9,1.95,0.0,0.0,0.85
格林美,2024-03-11,5.14,5.31,5.31,5.13,1087132,588317728.24,3.52,3.71,0.19,2.14
格林美,2024-03-12,5.3,5.26,5.32,5.23,728180,394334218.69,1.69,-0.94,-0.05,1.43
格林美,2024-03-13,5.26,5.22,5.28,5.21,522112,281078399.92,1.33,-0.76,-0.04,1.03
格林美,2024-03-14,5.33,5.4,5.54,5.31,1737036,971876294.06,4.41,3.45,0.18,3.41
格林美,2024-03-15,5.46,5.96,5.96,5.42,2892807,1706211348.45,10.0,10.37,0.56,5.69
格林美,2024-03-18,6.24,6.37,6.55,6.16,4957633,3222573083.94,6.54,6.88,0.41,9.75
格林美,2024-03-19,6.36,6.48,6.73,6.31,4359000,2923496810.49,6.59,1.73,0.11,8.57
格林美,2024-03-20,6.43,6.33,6.51,6.26,2876566,1866070409.34,3.86,-2.31,-0.15,5.65
格林美,2024-03-21,6.28,6.2,6.34,6.12,2307222,1470518396.9,3.48,-2.05,-0.13,4.54
格林美,2024-03-22,6.27,6.12,6.3,6.11,1658266,1049969160.69,3.06,-1.29,-0.08,3.26
格林美,2024-03-25,6.05,5.95,6.15,5.94,1393095,862887089.56,3.43,-2.78,-0.17,2.74
格林美,2024-03-26,5.91,5.92,5.98,5.78,1477743,890175638.62,3.36,-0.5,-0.03,2.9
格林美,2024-03-27,5.92,5.67,5.94,5.66,1097726,648833432.21,4.73,-4.22,-0.25,2.16
格林美,2024-03-28,5.64,5.77,5.85,5.61,1043971,618240877.23,4.23,1.76,0.1,2.05
格林美,2024-03-29,5.78,6.13,6.17,5.78,2220379,1380011174.68,6.76,6.24,0.36,4.36
格林美,2024-04-01,6.14,6.19,6.35,6.03,2002956,1272435672.78,5.22,0.98,0.06,3.94
格林美,2024-04-02,6.16,6.6,6.8,6.1,3347848,2201842925.36,11.31,6.62,0.41,6.58
格林美,2024-04-03,6.5,6.54,6.93,6.43,3867046,2646072045.61,7.58,-0.91,-0.06,7.6
格林美,2024-04-08,6.53,6.35,6.75,6.33,2729114,1821398330.36,6.42,-2.91,-0.19,5.36
格林美,2024-04-09,6.3,6.41,6.53,6.28,1642949,1077467477.14,3.94,0.94,0.06,3.23
格林美,2024-04-10,6.44,6.29,6.45,6.22,1488596,960313130.84,3.59,-1.87,-0.12,2.93
格林美,2024-04-11,6.28,6.28,6.4,6.2,1213152,782670007.4,3.18,-0.16,-0.01,2.38
格林美,2024-04-12,6.45,6.38,6.65,6.33,2062449,1365637007.5,5.1,1.59,0.1,4.05
格林美,2024-04-15,6.38,6.18,6.52,6.07,1761917,1124460335.06,7.05,-3.13,-0.2,3.46
格林美,2024-04-16,6.16,5.88,6.18,5.84,1529463,936760347.95,5.5,-4.85,-0.3,3.01
格林美,2024-04-17,5.9,6.17,6.18,5.88,1256341,783242638.73,5.1,4.93,0.29,2.47
格林美,2024-04-18,6.15,6.19,6.27,6.05,1184979,751361746.33,3.57,0.32,0.02,2.33
格林美,2024-04-19,6.15,6.05,6.28,6.03,1092283,686278406.19,4.04,-2.26,-0.14,2.15
格林美,2024-04-22,6.05,5.9,6.12,5.88,872329,533151408.06,3.97,-2.48,-0.15,1.71
格林美,2024-04-23,5.86,5.71,5.89,5.68,995360,586829479.47,3.56,-3.22,-0.19,1.96
格林美,2024-04-24,5.7,5.81,5.83,5.58,752435,442318818.37,4.38,1.75,0.1,1.48
格林美,2024-04-25,5.77,5.81,5.92,5.74,741683,444372819.52,3.1,0.0,0.0,1.46
格林美,2024-04-26,5.76,6.08,6.13,5.75,1354748,832456121.15,6.54,4.65,0.27,2.66
格林美,2024-04-29,6.48,6.7,6.7,6.47,1927835,1313290756.96,3.78,10.2,0.62,3.79
格林美,2024-04-30,6.79,6.81,6.92,6.61,4086914,2823731239.13,4.63,1.64,0.11,8.03
格林美,2024-05-06,6.81,6.93,7.04,6.81,2857259,2021101043.28,3.38,1.76,0.12,5.62
格林美,2024-05-07,6.92,6.79,6.98,6.76,1997925,1396468040.44,3.17,-2.02,-0.14,3.93
格林美,2024-05-08,6.79,6.64,6.81,6.63,1346511,918455003.45,2.65,-2.21,-0.15,2.65
格林美,2024-05-09,6.75,6.87,6.95,6.75,2172658,1524743183.6,3.01,3.46,0.23,4.27
格林美,2024-05-10,6.87,6.79,6.91,6.71,1278761,886980093.0,2.91,-1.16,-0.08,2.51
格林美,2024-05-13,6.71,6.71,6.79,6.62,975565,668852411.14,2.5,-1.18,-0.08,1.92
格林美,2024-05-14,6.71,6.72,6.81,6.67,865473,594909956.82,2.09,0.15,0.01,1.7
格林美,2024-05-15,6.68,6.6,6.74,6.6,782738,532588203.18,2.08,-1.79,-0.12,1.54
格林美,2024-05-16,6.64,6.56,6.68,6.53,800958,541159185.47,2.27,-0.61,-0.04,1.57
格林美,2024-05-17,6.54,6.68,6.68,6.52,786976,531239775.36,2.44,1.83,0.12,1.55
格林美,2024-05-20,6.74,6.77,6.87,6.71,1514161,1049158581.57,2.4,1.35,0.09,2.98
格林美,2024-05-21,6.74,6.64,6.8,6.61,919697,626766633.2,2.81,-1.92,-0.13,1.81
格林美,2024-05-22,6.63,6.62,6.72,6.58,648921,440425098.88,2.11,-0.3,-0.02,1.28
格林美,2024-05-23,6.57,6.42,6.58,6.38,995368,657604472.03,3.02,-3.02,-0.2,1.96
格林美,2024-05-24,6.44,6.35,6.47,6.35,590592,387001068.52,1.87,-1.09,-0.07,1.16
格林美,2024-05-27,6.35,6.44,6.45,6.32,621010,406068459.96,2.05,1.42,0.09,1.22
格林美,2024-05-28,6.45,6.41,6.52,6.39,661585,436488662.72,2.02,-0.47,-0.03,1.3
格林美,2024-05-29,6.36,6.49,6.55,6.36,814993,541067785.4,2.96,1.25,0.08,1.6
格林美,2024-05-30,6.59,6.46,6.66,6.43,1061532,710956603.52,3.54,-0.46,-0.03,2.09
格林美,2024-05-31,6.4,6.41,6.5,6.38,695573,458395420.41,1.86,-0.77,-0.05,1.37
格林美,2024-06-03,6.41,6.35,6.45,6.28,779606,506962218.09,2.65,-0.94,-0.06,1.53
格林美,2024-06-04,6.33,6.46,6.47,6.3,730364,478427982.35,2.68,1.73,0.11,1.44
格林美,2024-06-05,6.44,6.42,6.53,6.4,658240,436337596.49,2.01,-0.62,-0.04,1.29
格林美,2024-06-06,6.48,6.42,6.54,6.4,778959,514265000.94,2.18,0.0,0.0,1.53
格林美,2024-06-07,6.46,6.38,6.49,6.31,645338,421083955.85,2.8,-0.62,-0.04,1.27
格林美,2024-06-11,6.34,6.38,6.4,6.25,561266,364185212.4,2.35,0.0,0.0,1.1
格林美,2024-06-12,6.35,6.35,6.4,6.31,478184,311252792.35,1.41,-0.47,-0.03,0.94
格林美,2024-06-13,6.35,6.26,6.38,6.21,722758,464293856.72,2.68,-1.42,-0.09,1.42
格林美,2024-06-14,6.24,6.34,6.37,6.2,654735,422403965.88,2.72,1.28,0.08,1.29
格林美,2024-06-17,6.33,6.55,6.6,6.29,1086184,722248967.57,4.89,3.31,0.21,2.14
格林美,2024-06-18,6.57,6.65,6.7,6.49,908852,616279449.62,3.21,1.53,0.1,1.79
格林美,2024-06-19,6.66,6.55,6.68,6.53,598200,402255761.56,2.26,-1.5,-0.1,1.18
格林美,2024-06-20,6.52,6.37,6.59,6.37,610539,402983428.16,3.36,-2.75,-0.18,1.2
格林美,2024-06-21,6.37,6.36,6.42,6.32,450861,294159660.09,1.57,-0.16,-0.01,0.89
格林美,2024-06-24,6.34,6.27,6.34,6.22,586777,377483599.58,1.89,-1.42,-0.09,1.15
格林美,2024-06-25,6.24,6.17,6.31,6.15,535901,341666519.44,2.55,-1.59,-0.1,1.05
格林美,2024-06-26,6.18,6.41,6.42,6.1,746140,480231396.78,5.19,3.89,0.24,1.47
格林美,2024-06-27,6.35,6.22,6.39,6.21,588296,378224122.68,2.81,-2.96,-0.19,1.16
格林美,2024-06-28,6.21,6.22,6.35,6.2,556468,357812525.49,2.41,0.0,0.0,1.09
格林美,2024-07-01,6.24,6.29,6.32,6.22,464374,298182573.42,1.61,1.13,0.07,0.91
格林美,2024-07-02,6.3,6.2,6.32,6.19,504038,322300767.3,2.07,-1.43,-0.09,0.99
格林美,2024-07-03,6.19,6.12,6.24,6.08,504555,317098215.74,2.58,-1.29,-0.08,0.99
格林美,2024-07-04,6.16,6.05,6.22,6.03,463862,287117901.42,3.1,-1.14,-0.07,0.91
格林美,2024-07-05,6.01,6.11,6.13,5.97,475647,291182580.2,2.64,0.99,0.06,0.94
格林美,2024-07-08,6.11,6.05,6.12,6.02,397932,244216861.66,1.64,-0.98,-0.06,0.78
格林美,2024-07-09,6.01,6.26,6.28,5.99,660385,410507356.39,4.79,3.47,0.21,1.3
格林美,2024-07-10,6.25,6.28,6.41,6.23,681292,436468672.2,2.88,0.32,0.02,1.34
格林美,2024-07-11,6.43,6.39,6.44,6.33,943001,609025053.59,1.75,1.75,0.11,1.85
格林美,2024-07-12,6.37,6.3,6.39,6.26,573161,365887253.75,2.03,-1.41,-0.09,1.13
格林美,2024-07-15,6.28,6.24,6.33,6.23,542757,344033324.89,1.59,-0.95,-0.06,1.07
格林美,2024-07-16,6.25,6.24,6.3,6.15,573274,360370525.82,2.4,0.0,0.0,1.13
格林美,2024-07-17,6.24,6.12,6.26,6.12,472147,293880078.22,2.24,-1.92,-0.12,0.93
格林美,2024-07-18,6.11,6.1,6.14,6.01,481075,294917253.7,2.12,-0.33,-0.02,0.95
格林美,2024-07-19,6.1,6.06,6.12,6.02,447990,274580069.4,1.64,-0.66,-0.04,0.88
格林美,2024-07-22,6.06,6.03,6.12,5.99,627712,382939745.5,2.15,-0.5,-0.03,1.23
格林美,2024-07-23,6.04,5.87,6.05,5.87,662228,398205550.57,2.99,-2.65,-0.16,1.3
格林美,2024-07-24,5.82,5.74,5.89,5.71,650214,381710500.92,3.07,-2.21,-0.13,1.28
格林美,2024-07-25,5.71,5.73,5.82,5.67,481310,279933912.04,2.61,-0.17,-0.01,0.95
格林美,2024-07-26,5.93,6.12,6.18,5.91,1417643,869580543.2,4.71,6.81,0.39,2.79
格林美,2024-07-29,6.1,6.0,6.11,5.96,827229,503269538.8,2.45,-1.96,-0.12,1.63
格林美,2024-07-30,5.99,5.87,5.99,5.85,598678,356670680.0,2.33,-2.17,-0.13,1.18
格林美,2024-07-31,5.89,6.12,6.14,5.88,982006,600177013.8,4.43,4.26,0.25,1.93
格林美,2024-08-01,6.12,6.09,6.21,6.05,548783,339152354.5,2.61,-0.49,-0.03,1.08
格林美,2024-08-02,6.05,5.99,6.1,5.98,529254,323192762.71,1.97,-1.64,-0.1,1.04
格林美,2024-08-05,5.99,5.82,6.06,5.81,680379,407466814.33,4.17,-2.84,-0.17,1.34
格林美,2024-08-06,5.87,5.83,5.93,5.75,539330,318009306.2,3.09,0.17,0.01,1.06
格林美,2024-08-07,5.81,5.78,5.83,5.74,370534,216954467.2,1.54,-0.86,-0.05,0.73
格林美,2024-08-08,5.78,5.72,5.78,5.64,525155,302825733.47,2.42,-1.04,-0.06,1.03
格林美,2024-08-09,5.75,5.72,5.81,5.71,369648,215097544.27,1.75,0.0,0.0,0.73
格林美,2024-08-12,5.8,5.71,5.83,5.69,362051,210047388.98,2.45,-0.17,-0.01,0.71
格林美,2024-08-13,5.7,5.75,5.77,5.68,363085,210241996.3,1.58,0.7,0.04,0.71
格林美,2024-08-14,5.75,5.66,5.77,5.66,327541,188681274.97,1.91,-1.57,-0.09,0.64
格林美,2024-08-15,5.65,5.7,5.76,5.62,422103,243513111.72,2.47,0.71,0.04,0.83
格林美,2024-08-16,5.71,5.7,5.76,5.68,350755,202732947.36,1.4,0.0,0.0,0.69
格林美,2024-08-19,5.75,5.76,5.86,5.74,514121,301233770.3,2.11,1.05,0.06,1.01
格林美,2024-08-20,5.73,5.63,5.79,5.62,497424,286505158.76,2.95,-2.26,-0.13,0.98
格林美,2024-08-21,5.61,5.69,5.75,5.55,446259,256185624.14,3.55,1.07,0.06,0.88
格林美,2024-08-22,5.69,5.6,5.71,5.59,350213,200161026.0,2.11,-1.58,-0.09,0.69
格林美,2024-08-23,5.6,5.59,5.63,5.53,310549,175371180.95,1.79,-0.18,-0.01,0.61
格林美,2024-08-26,5.61,5.72,5.75,5.6,482287,278573506.93,2.68,2.33,0.13,0.95
格林美,2024-08-27,5.71,5.62,5.71,5.59,353027,201440252.24,2.1,-1.75,-0.1,0.69
格林美,2024-08-28,5.62,5.64,5.67,5.57,264516,150779886.1,1.78,0.36,0.02,0.52
格林美,2024-08-29,5.6,5.71,5.74,5.6,406285,234155152.42,2.48,1.24,0.07,0.8
格林美,2024-08-30,5.79,5.9,5.97,5.77,1099871,657691753.83,3.5,3.33,0.19,2.16
格林美,2024-09-02,5.92,5.76,5.96,5.76,587722,347450184.57,3.39,-2.37,-0.14,1.16
格林美,2024-09-03,5.76,5.79,5.87,5.72,453185,266245333.6,2.6,0.52,0.03,0.89
格林美,2024-09-04,5.95,5.74,5.96,5.74,996594,586861842.64,3.8,-0.86,-0.05,1.96
格林美,2024-09-05,5.71,5.75,5.86,5.67,573776,334043060.84,3.31,0.17,0.01,1.13
格林美,2024-09-06,5.74,5.64,5.75,5.63,486839,279145108.5,2.09,-1.91,-0.11,0.96
格林美,2024-09-09,5.59,5.6,5.65,5.57,395045,223992442.16,1.42,-0.71,-0.04,0.78
格林美,2024-09-10,5.6,5.53,5.63,5.42,557880,310429915.48,3.75,-1.25,-0.07,1.1
格林美,2024-09-11,5.52,5.57,5.6,5.48,421033,237223283.97,2.17,0.72,0.04,0.83
格林美,2024-09-12,5.59,5.61,5.72,5.57,521086,297802646.7,2.69,0.72,0.04,1.02
格林美,2024-09-13,5.61,5.48,5.63,5.48,356115,199450419.4,2.67,-2.32,-0.13,0.7
格林美,2024-09-18,5.48,5.48,5.51,5.37,351138,193232073.6,2.55,0.0,0.0,0.69
格林美,2024-09-19,5.52,5.62,5.65,5.45,508660,287000443.76,3.65,2.55,0.14,1.0
格林美,2024-09-20,5.61,5.58,5.62,5.54,298229,168155097.0,1.42,-0.71,-0.04,0.59
格林美,2024-09-23,5.57,5.55,5.62,5.53,271274,152926940.0,1.61,-0.54,-0.03,0.53
格林美,2024-09-24,5.62,5.86,5.87,5.6,1246508,726483133.17,4.86,5.59,0.31,2.45
格林美,2024-09-25,5.92,5.9,6.04,5.86,1115938,672994202.57,3.07,0.68,0.04,2.19
格林美,2024-09-26,5.89,6.06,6.08,5.85,932056,563866512.84,3.9,2.71,0.16,1.83
格林美,2024-09-27,6.16,6.47,6.58,6.15,1848349,1191752116.67,7.1,6.77,0.41,3.63
格林美,2024-09-30,6.74,7.06,7.08,6.69,2803037,1958044319.31,6.03,9.12,0.59,5.51
格林美,2024-10-08,7.76,7.53,7.77,7.11,3601663,2739307633.67,9.35,6.66,0.47,7.08
格林美,2024-10-09,7.49,6.97,7.49,6.96,2571415,1864770383.95,7.04,-7.44,-0.56,5.05
格林美,2024-10-10,6.99,6.9,7.17,6.85,1680307,1188894812.42,4.59,-1.0,-0.07,3.3
格林美,2024-10-11,6.89,6.61,6.89,6.54,1236438,835115013.34,5.07,-4.2,-0.29,2.43
格林美,2024-10-14,6.6,6.71,6.72,6.54,1178430,791285274.19,2.72,1.51,0.1,2.31
格林美,2024-10-15,6.68,6.51,6.71,6.49,1017085,678439096.89,3.28,-2.98,-0.2,1.99
格林美,2024-10-16,6.42,6.43,6.53,6.39,809342,527444711.08,2.15,-1.23,-0.08,1.59
格林美,2024-10-17,6.5,6.36,6.56,6.36,765778,500032819.19,3.11,-1.09,-0.07,1.5
格林美,2024-10-18,6.36,6.9,7.0,6.35,3105892,2129092057.42,10.22,8.49,0.54,6.09
格林美,2024-10-21,7.11,6.93,7.12,6.85,2781423,1954543280.56,3.91,0.43,0.03,5.45
格林美,2024-10-22,6.9,6.99,7.03,6.8,1637117,1147293520.06,3.32,0.87,0.06,3.21
格林美,2024-10-23,7.0,7.03,7.18,6.88,1964311,1391828979.85,4.29,0.57,0.04,3.85
格林美,2024-10-24,6.98,6.89,6.98,6.85,1045933,728983954.56,1.85,-1.99,-0.14,2.05
格林美,2024-10-25,6.95,7.08,7.16,6.94,1810282,1289170808.26,3.19,2.76,0.19,3.55
格林美,2024-10-28,7.13,7.07,7.15,7.01,1180720,840478053.84,1.98,-0.14,-0.01,2.31
格林美,2024-10-29,7.07,6.94,7.09,6.91,1309950,923501813.07,2.55,-1.84,-0.13,2.57
格林美,2024-10-30,6.92,6.89,6.98,6.81,1215963,845758733.29,2.45,-0.72,-0.05,2.38
格林美,2024-10-31,6.86,6.9,7.0,6.84,1229677,860495370.12,2.32,0.15,0.01,2.41
格林美,2024-11-01,6.88,7.07,7.23,6.83,3213086,2301258117.92,5.8,2.46,0.17,6.3
格林美,2024-11-04,7.18,7.08,7.22,6.95,1921792,1366683839.96,3.82,0.14,0.01,3.77
格林美,2024-11-05,7.07,7.27,7.35,7.0,3178473,2305159669.53,4.94,2.68,0.19,6.24
格林美,2024-11-06,7.28,7.4,7.58,7.23,3903984,2933214035.68,4.81,1.79,0.13,7.67
格林美,2024-11-07,7.33,7.43,7.54,7.25,2691002,2008829936.85,3.92,0.41,0.03,5.29
格林美,2024-11-08,7.45,7.32,7.57,7.31,2498538,1872658314.8,3.5,-1.48,-0.11,4.91
格林美,2024-11-11,7.38,7.52,7.58,7.34,2403580,1815473682.97,3.28,2.73,0.2,4.72
格林美,2024-11-12,7.63,7.42,7.68,7.35,2211033,1679624253.37,4.39,-1.33,-0.1,4.34
格林美,2024-11-13,7.36,7.4,7.54,7.27,1398046,1038763880.51,3.64,-0.27,-0.02,2.75
格林美,2024-11-14,7.42,7.17,7.42,7.15,1298619,952399360.76,3.65,-3.11,-0.23,2.55
格林美,2024-11-15,7.14,7.01,7.23,7.0,1116456,802514373.11,3.21,-2.23,-0.16,2.19
格林美,2024-11-18,7.04,6.85,7.08,6.81,1224083,858838533.29,3.85,-2.28,-0.16,2.4
格林美,2024-11-19,6.85,7.06,7.08,6.79,1296902,909857025.37,4.23,3.07,0.21,2.55
格林美,2024-11-20,7.03,7.07,7.13,6.99,1029839,734828048.37,1.98,0.14,0.01,2.02
格林美,2024-11-21,7.04,7.08,7.15,7.01,812739,581100363.21,1.98,0.14,0.01,1.6
格林美,2024-11-22,7.07,6.8,7.07,6.79,1069934,750349490.95,3.95,-3.95,-0.28,2.1
格林美,2024-11-25,6.88,7.09,7.22,6.87,2440305,1749103032.48,5.15,4.26,0.29,4.79
格林美,2024-11-26,7.07,6.81,7.07,6.8,1600095,1110167007.95,3.81,-3.95,-0.28,3.14
格林美,2024-11-27,6.77,6.88,6.88,6.59,1120645,760640546.77,4.26,1.03,0.07,2.2
格林美,2024-11-28,6.88,6.82,6.91,6.79,772610,533926206.84,1.74,-0.87,-0.06,1.52
格林美,2024-11-29,6.8,6.87,6.91,6.74,899466,621606951.89,2.49,0.73,0.05,1.77
格林美,2024-12-02,6.87,6.94,6.96,6.83,907259,633902124.85,1.89,1.02,0.07,1.78
格林美,2024-12-03,6.94,6.92,6.96,6.86,687867,478961719.4,1.44,-0.29,-0.02,1.35
格林美,2024-12-04,6.92,6.8,6.93,6.78,800216,552689295.1,2.17,-1.73,-0.12,1.57
格林美,2024-12-05,6.77,6.79,6.82,6.76,571304,391694140.14,0.88,-0.15,-0.01,1.12
格林美,2024-12-06,6.79,6.86,6.89,6.71,869444,598202872.01,2.65,1.03,0.07,1.71
格林美,2024-12-09,6.86,6.83,6.91,6.77,717497,495776539.52,2.04,-0.44,-0.03,1.41
格林美,2024-12-10,7.0,6.83,7.03,6.82,1057168,738296797.98,3.07,0.0,0.0,2.08
格林美,2024-12-11,6.82,6.85,6.87,6.81,588792,406840993.45,0.88,0.29,0.02,1.16
格林美,2024-12-12,6.83,6.87,6.89,6.8,645329,446164972.56,1.31,0.29,0.02,1.27
格林美,2024-12-13,6.85,6.73,6.85,6.73,874155,597797740.23,1.75,-2.04,-0.14,1.72
格林美,2024-12-16,6.71,6.62,6.75,6.59,815522,547342578.73,2.38,-1.63,-0.11,1.6
格林美,2024-12-17,6.62,6.59,6.69,6.58,614794,411662207.11,1.66,-0.45,-0.03,1.21
格林美,2024-12-18,6.6,6.57,6.63,6.55,521450,347055615.8,1.21,-0.3,-0.02,1.03
格林美,2024-12-19,6.53,6.62,6.64,6.47,571853,379001016.56,2.59,0.76,0.05,1.12
格林美,2024-12-20,6.61,6.58,6.63,6.56,554393,369478567.05,1.06,-0.6,-0.04,1.09
格林美,2024-12-23,6.59,6.54,6.65,6.54,610922,407249733.12,1.67,-0.61,-0.04,1.2
格林美,2024-12-24,6.54,6.6,6.65,6.54,587682,392082056.72,1.68,0.92,0.06,1.16
格林美,2024-12-25,6.6,6.48,6.62,6.43,565904,371338925.51,2.88,-1.82,-0.12,1.11
格林美,2024-12-26,6.48,6.56,6.59,6.47,425238,281696132.92,1.85,1.23,0.08,0.84
格林美,2024-12-27,6.55,6.59,6.67,6.54,608405,406379760.95,1.98,0.46,0.03,1.2
格林美,2024-12-30,6.61,6.64,6.65,6.58,536247,358932287.91,1.06,0.76,0.05,1.05
格林美,2024-12-31,6.64,6.46,6.66,6.45,623612,411112923.82,3.16,-2.71,-0.18,1.23
格林美,2025-01-02,6.45,6.27,6.48,6.2,731328,469273475.42,4.33,-2.94,-0.19,1.44
格林美,2025-01-03,6.29,6.16,6.37,6.14,665493,420687882.89,3.67,-1.75,-0.11,1.31
格林美,2025-01-06,6.17,6.24,6.29,6.14,543462,341729790.26,2.44,1.3,0.08,1.07
格林美,2025-01-07,6.21,6.35,6.36,6.18,599548,381152590.03,2.88,1.76,0.11,1.18
格林美,2025-01-08,6.32,6.29,6.34,6.14,591937,373772358.2,3.15,-0.94,-0.06,1.16
格林美,2025-01-09,6.29,6.32,6.36,6.25,465739,297698053.45,1.75,0.48,0.03,0.92
格林美,2025-01-10,6.33,6.21,6.37,6.21,396468,252012624.32,2.53,-1.74,-0.11,0.78
格林美,2025-01-13,6.16,6.28,6.31,6.14,432341,273154955.06,2.74,1.13,0.07,0.85
格林美,2025-01-14,6.29,6.41,6.42,6.26,681516,438039192.34,2.55,2.07,0.13,1.34
格林美,2025-01-15,6.4,6.36,6.42,6.32,455403,292401232.75,1.56,-0.78,-0.05,0.9
格林美,2025-01-16,6.37,6.4,6.48,6.34,505364,327274126.12,2.2,0.63,0.04,0.99
格林美,2025-01-17,6.39,6.42,6.45,6.37,407944,264294384.42,1.25,0.31,0.02,0.8
格林美,2025-01-20,6.46,6.46,6.51,6.43,456432,298423046.55,1.25,0.62,0.04,0.9
格林美,2025-01-21,6.51,6.47,6.53,6.39,396513,258268013.75,2.17,0.15,0.01,0.78
格林美,2025-01-22,6.43,6.41,6.47,6.37,350870,227584854.7,1.55,-0.93,-0.06,0.69
格林美,2025-01-23,6.47,6.37,6.53,6.36,569541,372072793.3,2.65,-0.62,-0.04,1.12
格林美,2025-01-24,6.38,6.41,6.44,6.36,449501,290959942.21,1.26,0.63,0.04,0.88
格林美,2025-01-27,6.4,6.28,6.44,6.28,517824,332786260.77,2.5,-2.03,-0.13,1.02
格林美,2025-02-05,6.32,6.34,6.37,6.25,488553,312551183.64,1.91,0.96,0.06,0.96
格林美,2025-02-06,6.32,6.5,6.51,6.3,743874,484331326.18,3.31,2.52,0.16,1.46
格林美,2025-02-07,6.5,6.55,6.6,6.47,714050,472576540.16,2.0,0.77,0.05,1.4
格林美,2025-02-10,6.6,6.56,6.6,6.51,634871,420112915.13,1.37,0.15,0.01,1.25
格林美,2025-02-11,6.57,6.47,6.57,6.45,531188,348052401.04,1.83,-1.37,-0.09,1.04
格林美,2025-02-12,6.47,6.54,6.57,6.42,694799,454929830.41,2.32,1.08,0.07,1.37
格林美,2025-02-13,6.52,6.48,6.59,6.47,784279,517290806.09,1.83,-0.92,-0.06,1.54
格林美,2025-02-14,6.51,6.56,6.79,6.51,1191236,797450366.15,4.32,1.23,0.08,2.34
格林美,2025-02-17,6.59,6.5,6.62,6.45,946585,623332399.46,2.59,-0.91,-0.06,1.86
格林美,2025-02-18,6.53,6.47,6.6,6.44,1085470,717281060.32,2.46,-0.46,-0.03,2.13
格林美,2025-02-19,6.44,6.51,6.54,6.42,841647,551510688.06,1.85,0.62,0.04,1.66
格林美,2025-02-20,6.51,6.47,6.51,6.42,818747,534225225.99,1.38,-0.61,-0.04,1.61
格林美,2025-02-21,6.47,6.62,6.63,6.46,1413470,938220364.85,2.63,2.32,0.15,2.78
格林美,2025-02-24,6.97,6.87,7.09,6.81,3927065,2748514579.08,4.23,3.78,0.25,7.72
格林美,2025-02-25,6.87,6.85,7.0,6.82,2069581,1443254132.25,2.62,-0.29,-0.02,4.07
格林美,2025-02-26,6.81,6.89,6.94,6.8,1506581,1047370054.31,2.04,0.58,0.04,2.96
格林美,2025-02-27,6.91,6.88,6.92,6.79,1355946,938339104.42,1.89,-0.15,-0.01,2.67
格林美,2025-02-28,6.86,6.74,6.92,6.7,1209640,831483673.44,3.2,-2.03,-0.14,2.38
格林美,2025-03-03,6.79,6.87,7.01,6.78,2105229,1471715693.97,3.41,1.93,0.13,4.14
格林美,2025-03-04,6.81,6.75,6.82,6.71,1249928,852600244.01,1.6,-1.75,-0.12,2.46
格林美,2025-03-05,6.74,6.72,6.78,6.64,868105,586220053.74,2.07,-0.44,-0.03,1.71
格林美,2025-03-06,6.74,6.81,6.89,6.69,1466323,1004787898.91,2.98,1.34,0.09,2.88
格林美,2025-03-07,6.78,6.75,6.87,6.71,1165782,800886046.4,2.35,-0.88,-0.06,2.29
格林美,2025-03-10,6.78,6.84,6.96,6.75,1203687,830367594.68,3.11,1.33,0.09,2.37
格林美,2025-03-11,6.76,6.89,6.9,6.73,1283441,888848198.39,2.49,0.73,0.05,2.52
格林美,2025-03-12,6.91,6.82,6.93,6.81,976362,674456815.8,1.74,-1.02,-0.07,1.92
格林美,2025-03-13,6.82,6.81,6.86,6.73,980497,672087310.14,1.91,-0.15,-0.01,1.93
格林美,2025-03-14,6.86,6.89,7.05,6.83,1479548,1030651611.09,3.23,1.17,0.08,2.91
格林美,2025-03-17,6.89,6.82,6.9,6.81,939471,649623096.89,1.31,-1.02,-0.07,1.85
格林美,2025-03-18,6.84,6.86,6.92,6.83,927968,644389485.93,1.32,0.59,0.04,1.82
格林美,2025-03-19,6.84,6.77,6.85,6.76,809641,555013123.29,1.31,-1.31,-0.09,1.59
格林美,2025-03-20,6.8,6.72,6.81,6.71,701476,477922344.0,1.48,-0.74,-0.05,1.38
格林美,2025-03-21,6.7,6.62,6.73,6.59,795613,534786034.51,2.08,-1.49,-0.1,1.56
格林美,2025-03-24,6.62,6.61,6.67,6.53,780964,520684389.57,2.11,-0.15,-0.01,1.54
格林美,2025-03-25,6.61,6.66,6.68,6.58,593842,398488666.67,1.51,0.76,0.05,1.17
格林美,2025-03-26,6.67,6.67,6.77,6.65,730002,494904155.61,1.8,0.15,0.01,1.44
格林美,2025-03-27,6.66,6.65,6.68,6.57,555015,371803299.67,1.65,-0.3,-0.02,1.09
格林美,2025-03-28,6.65,6.56,6.66,6.55,576990,383958868.1,1.65,-1.35,-0.09,1.13
格林美,2025-03-31,6.53,6.45,6.56,6.42,640896,419932097.17,2.13,-1.68,-0.11,1.26
格林美,2025-04-01,6.44,6.47,6.52,6.44,414006,271252395.72,1.24,0.31,0.02,0.81
格林美,2025-04-02,6.47,6.47,6.51,6.45,317488,207902347.98,0.93,0.0,0.0,0.62
格林美,2025-04-03,6.44,6.43,6.49,6.41,448548,292092163.76,1.24,-0.62,-0.04,0.88
格林美,2025-04-07,6.15,5.78,6.16,5.78,1171153,698895223.71,5.91,-10.11,-0.65,2.3
格林美,2025-04-08,5.82,5.82,5.91,5.74,1034589,608614780.81,2.94,0.69,0.04,2.03
格林美,2025-04-09,5.73,5.86,5.88,5.54,957999,556798975.74,5.84,0.69,0.04,1.88
格林美,2025-04-10,5.95,5.95,6.02,5.88,810122,488928322.09,2.39,1.54,0.09,1.59
格林美,2025-04-11,5.91,5.95,5.99,5.89,591420,356011105.63,1.68,0.0,0.0,1.16
格林美,2025-04-14,6.0,6.01,6.04,5.99,536654,326410118.07,0.84,1.01,0.06,1.06
格林美,2025-04-15,6.01,5.99,6.02,5.95,345392,208839736.06,1.16,-0.33,-0.02,0.68
格林美,2025-04-16,5.97,5.92,5.97,5.86,424812,254153539.38,1.84,-1.17,-0.07,0.84
格林美,2025-04-17,5.91,5.93,5.98,5.88,312595,188195027.52,1.69,0.17,0.01,0.61
格林美,2025-04-18,5.93,5.96,5.98,5.89,298926,179406686.72,1.52,0.51,0.03,0.59
格林美,2025-04-21,5.97,6.03,6.04,5.93,440920,267879403.51,1.85,1.17,0.07,0.87
格林美,2025-04-22,6.01,6.03,6.06,5.99,358651,218571542.55,1.16,0.0,0.0,0.71
格林美,2025-04-23,6.05,6.04,6.09,6.01,383877,234335826.16,1.33,0.17,0.01,0.75
格林美,2025-04-24,6.04,6.04,6.08,6.0,412539,252018038.75,1.32,0.0,0.0,0.81
格林美,2025-04-25,6.04,6.1,6.11,6.02,514507,316124328.09,1.49,0.99,0.06,1.01
格林美,2025-04-28,6.11,6.0,6.11,5.99,494870,301058205.6,1.97,-1.64,-0.1,0.97
格林美,2025-04-29,6.0,5.98,6.03,5.98,398316,241850695.38,0.83,-0.33,-0.02,0.78
格林美,2025-04-30,6.04,6.05,6.13,6.03,677014,416156962.0,1.67,1.17,0.07,1.33
格林美,2025-05-06,6.13,6.14,6.16,6.1,597667,370446899.48,0.99,1.49,0.09,1.18
格林美,2025-05-07,6.18,6.13,6.21,6.1,551325,342664411.4,1.79,-0.16,-0.01,1.08
格林美,2025-05-08,6.12,6.19,6.19,6.09,486109,303009189.05,1.63,0.98,0.06,0.96
格林美,2025-05-09,6.18,6.14,6.18,6.11,329326,204604900.88,1.13,-0.81,-0.05,0.65
格林美,2025-05-12,6.18,6.27,6.27,6.16,613095,385867351.54,1.79,2.12,0.13,1.21
格林美,2025-05-13,6.33,6.24,6.33,6.23,463655,293563627.09,1.59,-0.48,-0.03,0.91
格林美,2025-05-14,6.24,6.26,6.3,6.22,449568,284301553.08,1.28,0.32,0.02,0.88
格林美,2025-05-15,6.24,6.17,6.25,6.16,409871,256842238.02,1.44,-1.44,-0.09,0.81
格林美,2025-05-16,6.17,6.17,6.22,6.16,329797,206205715.5,0.97,0.0,0.0,0.65
格林美,2025-05-19,6.17,6.16,6.17,6.11,372761,231438500.35,0.97,-0.16,-0.01,0.73
格林美,2025-05-20,6.16,6.16,6.19,6.12,376019,233949935.4,1.14,0.0,0.0,0.74
格林美,2025-05-21,6.16,6.19,6.21,6.14,544450,340584838.52,1.14,0.49,0.03,1.07
格林美,2025-05-22,6.17,6.09,6.18,6.09,505323,312995015.59,1.45,-1.62,-0.1,0.99
格林美,2025-05-23,6.09,6.05,6.15,6.05,411802,254473118.0,1.64,-0.66,-0.04,0.81
格林美,2025-05-26,6.05,6.03,6.08,6.01,348973,213275272.96,1.16,-0.33,-0.02,0.69
格林美,2025-05-27,6.04,6.03,6.06,6.0,308828,188231140.39,1.0,0.0,0.0,0.61
格林美,2025-05-28,6.03,6.03,6.07,6.02,311312,190312598.8,0.83,0.0,0.0,0.61
格林美,2025-05-29,6.03,6.07,6.09,6.02,387027,237652841.12,1.16,0.66,0.04,0.76
格林美,2025-05-30,6.06,5.99,6.07,5.99,415319,252638843.7,1.32,-1.32,-0.08,0.82
格林美,2025-06-03,6.0,6.02,6.03,5.97,388727,236297844.28,1.0,0.5,0.03,0.76
格林美,2025-06-04,6.02,6.07,6.09,6.01,368722,226250480.91,1.33,0.83,0.05,0.73
格林美,2025-06-05,6.06,6.04,6.07,6.01,382682,233636011.0,0.99,-0.49,-0.03,0.75
格林美,2025-06-06,6.07,6.05,6.1,6.04,401800,246495579.24,0.99,0.17,0.01,0.79
格林美,2025-06-09,6.07,6.09,6.1,6.05,483988,297978286.3,0.83,0.66,0.04,0.95
格林美,2025-06-10,6.1,6.05,6.13,6.03,532892,327827039.98,1.64,-0.66,-0.04,1.05
格林美,2025-06-11,6.06,6.14,6.19,6.05,828882,515756058.31,2.31,1.49,0.09,1.63
格林美,2025-06-12,6.16,6.16,6.17,6.1,471642,292683825.24,1.14,0.33,0.02,0.93
格林美,2025-06-13,6.14,6.18,6.19,6.1,718261,446608217.49,1.46,0.32,0.02,1.41
格林美,2025-06-16,6.18,6.14,6.18,6.11,440773,273617096.84,1.13,-0.65,-0.04,0.87
格林美,2025-06-17,6.12,6.14,6.16,6.11,368138,228385162.08,0.81,0.0,0.0,0.72
格林美,2025-06-18,6.14,6.11,6.15,6.06,407358,251127331.9,1.47,-0.49,-0.03,0.8
格林美,2025-06-19,6.1,6.03,6.15,6.01,516833,317446135.15,2.29,-1.31,-0.08,1.02
格林美,2025-06-20,6.02,6.02,6.11,6.01,430472,263719587.66,1.66,-0.17,-0.01,0.85
格林美,2025-06-23,6.01,6.14,6.15,6.0,640895,395666630.99,2.49,1.99,0.12,1.26
格林美,2025-06-24,6.13,6.24,6.25,6.11,984380,616993549.39,2.28,1.63,0.1,1.94
格林美,2025-06-25,6.26,6.28,6.3,6.23,843138,533693573.12,1.12,0.64,0.04,1.66
格林美,2025-06-26,6.28,6.24,6.37,6.24,766641,488169187.96,2.07,-0.64,-0.04,1.51
格林美,2025-06-27,6.26,6.24,6.34,6.23,644380,408843359.3,1.76,0.0,0.0,1.27
格林美,2025-06-30,6.29,6.28,6.31,6.24,542602,344150620.15,1.12,0.64,0.04,1.07
格林美,2025-07-01,6.3,6.28,6.3,6.21,570062,360336382.04,1.43,0.0,0.0,1.12
格林美,2025-07-02,6.27,6.33,6.35,6.25,737674,470421301.8,1.59,0.8,0.05,1.45
格林美,2025-07-03,6.34,6.37,6.38,6.28,697250,446610968.05,1.58,0.63,0.04,1.37
格林美,2025-07-04,6.38,6.3,6.38,6.3,623155,394066228.96,1.26,-1.1,-0.07,1.23
格林美,2025-07-07,6.29,6.29,6.32,6.26,461656,290240717.96,0.95,-0.16,-0.01,0.91
格林美,2025-07-08,6.28,6.34,6.36,6.27,548172,346757247.15,1.43,0.79,0.05,1.08
格林美,2025-07-09,6.34,6.29,6.35,6.27,572985,361229991.11,1.26,-0.79,-0.05,1.13
格林美,2025-07-10,6.28,6.31,6.32,6.27,484814,305021526.4,0.79,0.32,0.02,0.95
格林美,2025-07-11,6.32,6.45,6.53,6.29,1694266,1090092498.86,3.8,2.22,0.14,3.33
格林美,2025-07-14,6.45,6.41,6.52,6.4,940510,607810274.19,1.86,-0.62,-0.04,1.85
格林美,2025-07-15,6.39,6.38,6.45,6.34,702201,448338020.96,1.72,-0.47,-0.03,1.38
格林美,2025-07-16,6.39,6.36,6.42,6.33,521268,331776022.37,1.41,-0.31,-0.02,1.03
格林美,2025-07-17,6.35,6.38,6.38,6.32,672374,426862243.75,0.94,0.31,0.02,1.32
格林美,2025-07-18,6.39,6.45,6.48,6.37,997587,642775667.58,1.72,1.1,0.07,1.96
格林美,2025-07-21,6.45,6.56,6.6,6.45,1221806,799519324.64,2.33,1.71,0.11,2.4
格林美,2025-07-22,6.56,6.6,6.62,6.53,1234104,811931294.21,1.37,0.61,0.04,2.43
格林美,2025-07-23,6.6,6.53,6.64,6.52,852867,560813557.38,1.82,-1.06,-0.07,1.68
格林美,2025-07-24,6.56,6.74,6.76,6.54,1763277,1177654248.11,3.37,3.22,0.21,3.47
格林美,2025-07-25,6.74,6.68,6.74,6.66,981088,656265567.32,1.19,-0.89,-0.06,1.93
格林美,2025-07-28,6.66,6.69,6.73,6.61,838021,559663603.88,1.8,0.15,0.01,1.65
格林美,2025-07-29,6.66,6.71,6.72,6.65,804153,537584873.63,1.05,0.3,0.02,1.58
格林美,2025-07-30,6.71,6.64,6.75,6.61,888056,593823704.23,2.09,-1.04,-0.07,1.75
格林美,2025-07-31,6.62,6.45,6.62,6.43,1075475,700407843.68,2.86,-2.86,-0.19,2.12
格林美,2025-08-01,6.44,6.44,6.49,6.41,574992,370913246.54,1.24,-0.16,-0.01,1.13
格林美,2025-08-04,6.44,6.46,6.48,6.41,561816,361739065.98,1.09,0.31,0.02,1.1
格林美,2025-08-05,6.49,6.51,6.53,6.48,534800,347741486.4,0.77,0.77,0.05,1.05
格林美,2025-08-06,6.49,6.53,6.53,6.46,519048,337681083.45,1.08,0.31,0.02,1.02
格林美,2025-08-07,6.52,6.53,6.54,6.45,699134,454381523.16,1.38,0.0,0.0,1.38
格林美,2025-08-08,6.52,6.54,6.56,6.49,600893,392578707.15,1.07,0.15,0.01,1.18
格林美,2025-08-11,6.65,6.72,6.72,6.58,1451924,968682264.47,2.14,2.75,0.18,2.86
格林美,2025-08-12,6.71,6.68,6.71,6.63,751701,500968547.55,1.19,-0.6,-0.04,1.48
格林美,2025-08-13,6.68,6.69,6.72,6.65,812322,543189319.45,1.05,0.15,0.01,1.6
格林美,2025-08-14,6.7,6.6,6.73,6.56,789152,524078054.87,2.54,-1.35,-0.09,1.55
格林美,2025-08-15,6.58,6.7,6.71,6.57,886380,591920390.21,2.12,1.52,0.1,1.74
格林美,2025-08-18,6.75,6.72,6.77,6.7,1277408,860072480.1,1.04,0.3,0.02,2.51
格林美,2025-08-19,6.73,6.73,6.78,6.66,1037213,697066620.7,1.79,0.15,0.01,2.04
格林美,2025-08-20,6.72,6.85,6.96,6.68,1802267,1231629422.84,4.16,1.78,0.12,3.54
格林美,2025-08-21,6.85,6.82,6.91,6.78,1038191,709454963.76,1.9,-0.44,-0.03,2.04
格林美,2025-08-22,6.85,6.92,6.96,6.85,1454222,1005017816.8,1.61,1.47,0.1,2.86
格林美,2025-08-25,6.99,7.03,7.09,6.96,2001857,1407862821.87,1.88,1.59,0.11,3.94
格林美,2025-08-26,7.03,7.1,7.2,6.96,1667525,1183940556.42,3.41,1.0,0.07,3.28
格林美,2025-08-27,7.12,7.28,7.63,7.12,4334567,3198589988.61,7.18,2.54,0.18,8.53
格林美,2025-08-28,7.31,7.48,7.55,7.25,3514308,2600671954.64,4.12,2.75,0.2,6.91
格林美,2025-08-29,7.47,7.45,7.61,7.3,2976758,2215930055.02,4.14,-0.4,-0.03,5.85
格林美,2025-09-01,7.42,7.36,7.44,7.28,2311368,1698243920.35,2.15,-1.21,-0.09,4.55
格林美,2025-09-02,7.38,7.16,7.41,7.1,2388335,1721932317.87,4.21,-2.72,-0.2,4.7
格林美,2025-09-03,7.2,7.09,7.28,7.03,1633775,1165904946.2,3.49,-0.98,-0.07,3.21
格林美,2025-09-04,7.08,7.06,7.33,6.96,2505078,1792379919.71,5.22,-0.42,-0.03,4.93
格林美,2025-09-05,7.09,7.38,7.39,7.06,3103066,2265783267.32,4.67,4.53,0.32,6.1
格林美,2025-09-08,7.48,7.55,7.57,7.37,3328910,2495238011.7,2.71,2.3,0.17,6.55
格林美,2025-09-09,7.49,7.53,7.72,7.45,2819361,2134866547.39,3.58,-0.26,-0.02,5.55
格林美,2025-09-10,7.46,7.41,7.57,7.37,1796344,1336557313.96,2.66,-1.59,-0.12,3.53
格林美,2025-09-11,7.42,7.42,7.43,7.31,1557572,1148714113.42,1.62,0.13,0.01,3.06
格林美,2025-09-12,7.43,7.56,7.7,7.34,2681942,2018759573.63,4.85,1.89,0.14,5.27
格林美,2025-09-15,7.61,7.67,7.91,7.61,3474509,2699024258.94,3.97,1.46,0.11,6.83
格林美,2025-09-16,7.63,7.59,7.69,7.43,2219288,1674117539.38,3.39,-1.04,-0.08,4.36
格林美,2025-09-17,7.55,7.59,7.61,7.47,1525702,1151468068.24,1.84,0.0,0.0,3.0
格林美,2025-09-18,7.63,7.45,7.67,7.36,2246530,1692458750.96,4.08,-1.84,-0.14,4.42
格林美,2025-09-19,7.42,7.48,7.59,7.41,1359733,1020812930.34,2.42,0.4,0.03,2.67
格林美,2025-09-22,7.6,7.46,7.77,7.4,1567559,1178505716.42,4.95,-0.27,-0.02,3.08
格林美,2025-09-23,7.45,7.41,7.57,7.24,1805749,1335114037.94,4.42,-0.67,-0.05,3.55
格林美,2025-09-24,7.39,7.59,7.6,7.31,2243121,1685456774.29,3.91,2.43,0.18,4.41
格林美,2025-09-25,7.6,7.81,8.05,7.6,3904271,3047351966.45,5.93,2.9,0.22,7.68
格林美,2025-09-26,7.8,7.84,8.05,7.75,3085640,2439144987.05,3.84,0.38,0.03,6.07
格林美,2025-09-29,7.95,8.03,8.16,7.86,3730946,2994087704.71,3.83,2.42,0.19,7.34
格林美,2025-09-30,8.05,8.42,8.57,8.02,4303476,3606847233.71,6.85,4.86,0.39,8.46
格林美,2025-10-09,8.68,8.95,9.14,8.6,4787590,4263602728.07,6.41,6.29,0.53,9.41
格林美,2025-10-10,8.84,8.47,8.84,8.42,3617530,3109379054.45,4.69,-5.36,-0.48,7.11
格林美,2025-10-13,8.11,9.09,9.1,8.11,4612903,4005044274.52,11.69,7.32,0.62,9.07
格林美,2025-10-14,9.28,8.59,9.3,8.59,4127339,3661020808.25,7.81,-5.5,-0.5,8.12
格林美,2025-10-15,8.6,8.67,8.88,8.5,2323245,2011871141.33,4.42,0.93,0.08,4.57
格林美,2025-10-16,8.61,8.54,8.81,8.51,1923123,1664928964.18,3.46,-1.5,-0.13,3.78
格林美,2025-10-17,8.54,8.16,8.71,8.13,2604442,2173196014.81,6.79,-4.45,-0.38,5.12
格林美,2025-10-20,8.34,8.23,8.4,8.19,1738061,1438444661.39,2.57,0.86,0.07,3.42
格林美,2025-10-21,8.33,8.35,8.44,8.25,1794050,1500508723.99,2.31,1.46,0.12,3.53
格林美,2025-10-22,8.23,8.07,8.23,8.02,1875725,1518733795.38,2.51,-3.35,-0.28,3.69
格林美,2025-10-23,8.06,8.14,8.16,7.83,1904734,1519298990.1,4.09,0.87,0.07,3.75
格林美,2025-10-24,8.15,8.19,8.27,8.1,1474001,1205543157.69,2.09,0.61,0.05,2.9
格林美,2025-10-27,8.29,8.3,8.4,8.22,1741034,1447012408.63,2.2,1.34,0.11,3.42
格林美,2025-10-28,8.25,8.14,8.28,8.12,1508141,1234612421.83,1.93,-1.93,-0.16,2.97
格林美,2025-10-29,8.12,8.43,8.44,8.11,2039975,1696358972.27,4.05,3.56,0.29,4.01
格林美,2025-10-30,8.44,8.59,8.69,8.32,2975025,2538309423.42,4.39,1.9,0.16,5.85
格林美,2025-10-31,8.45,8.52,8.77,8.41,2839579,2449107021.68,4.19,-0.81,-0.07,5.58
格林美,2025-11-03,8.45,8.26,8.49,8.12,2188852,1799991830.22,4.34,-3.05,-0.26,4.3
格林美,2025-11-04,8.2,8.01,8.26,7.95,1801825,1454843009.15,3.75,-3.03,-0.25,3.54
格林美,2025-11-05,7.89,8.23,8.28,7.85,1854693,1503955387.96,5.37,2.75,0.22,3.65
格林美,2025-11-06,8.21,8.34,8.37,8.17,1778663,1472956257.27,2.43,1.34,0.11,3.5
格林美,2025-11-07,8.28,8.53,8.63,8.2,2513145,2126558230.56,5.16,2.28,0.19,4.94
格林美,2025-11-10,8.54,8.38,8.63,8.32,1873789,1582556779.25,3.63,-1.76,-0.15,3.68
格林美,2025-11-11,8.43,8.41,8.53,8.35,1695537,1429970946.08,2.15,0.36,0.03,3.33
格林美,2025-11-12,8.36,8.2,8.36,8.09,1733486,1419838985.1,3.21,-2.5,-0.21,3.41
格林美,2025-11-13,8.18,8.55,8.68,8.18,3443829,2933483563.07,6.1,4.27,0.35,6.77
格林美,2025-11-14,8.45,8.32,8.52,8.32,1874818,1575460799.66,2.34,-2.69,-0.23,3.69
格林美,2025-11-17,8.35,8.52,8.63,8.24,2631210,2228181643.9,4.69,2.4,0.2,5.17
格林美,2025-11-18,8.54,8.27,8.6,8.2,2617273,2183703155.97,4.69,-2.93,-0.25,5.15
格林美,2025-11-19,8.24,8.3,8.53,8.24,2072387,1733639810.95,3.51,0.36,0.03,4.07
格林美,2025-11-20,8.32,8.38,8.75,8.3,3856230,3285513743.85,5.42,0.96,0.08,7.58
格林美,2025-11-21,8.2,7.63,8.2,7.6,3817140,2986669889.35,7.16,-8.95,-0.75,7.51
格林美,2025-11-24,7.68,7.45,7.74,7.31,2007889,1498276356.15,5.64,-2.36,-0.18,3.95
格林美,2025-11-25,7.53,7.58,7.66,7.49,1340440,1016011830.78,2.28,1.74,0.13,2.64
格林美,2025-11-26,7.6,7.48,7.64,7.47,1108460,836563694.91,2.24,-1.32,-0.1,2.18
格林美,2025-11-27,7.48,7.47,7.65,7.46,1126802,851378014.38,2.54,-0.13,-0.01,2.22
格林美,2025-11-28,7.46,7.55,7.61,7.42,1127590,849746646.38,2.54,1.07,0.08,2.22
格林美,2025-12-01,7.6,7.58,7.72,7.54,1303683,993628041.79,2.38,0.4,0.03,2.56
格林美,2025-12-02,7.55,7.52,7.58,7.46,815787,612119850.11,1.58,-0.79,-0.06,1.6
格林美,2025-12-03,7.54,7.37,7.55,7.35,1043022,775046317.22,2.66,-1.99,-0.15,2.05
格林美,2025-12-04,7.36,7.36,7.46,7.32,746663,550630953.35,1.9,-0.14,-0.01,1.47
格林美,2025-12-05,7.33,7.5,7.51,7.29,1048075,777699031.84,2.99,1.9,0.14,2.06
格林美,2025-12-08,7.52,7.54,7.57,7.47,994323,748367323.18,1.33,0.53,0.04,1.96
格林美,2025-12-09,7.5,7.35,7.51,7.34,1078847,797313468.5,2.25,-2.52,-0.19,2.12
格林美,2025-12-10,7.33,7.36,7.38,7.24,865410,632065554.7,1.9,0.14,0.01,1.7
格林美,2025-12-11,7.37,7.25,7.43,7.25,846868,621271310.27,2.45,-1.49,-0.11,1.67
格林美,2025-12-12,7.28,7.39,7.45,7.24,1167518,857161529.3,2.9,1.93,0.14,2.3
格林美,2025-12-15,7.35,7.37,7.43,7.31,671087,494246512.96,1.62,-0.27,-0.02,1.32
格林美,2025-12-16,7.35,7.22,7.36,7.18,897048,648670575.15,2.44,-2.04,-0.15,1.76
格林美,2025-12-17,7.25,7.4,7.42,7.21,1054628,771736932.55,2.91,2.49,0.18,2.07
格林美,2025-12-18,7.35,7.4,7.58,7.31,1219055,910278014.12,3.65,0.0,0.0,2.4
格林美,2025-12-19,7.41,7.58,7.6,7.41,1310273,988891649.82,2.57,2.43,0.18,2.58
格林美,2025-12-22,7.66,7.82,7.95,7.65,1865003,1457749600.55,3.96,3.17,0.24,3.67
格林美,2025-12-23,7.84,7.88,7.95,7.79,1539759,1212389885.47,2.05,0.77,0.06,3.03
格林美,2025-12-24,7.99,8.02,8.14,7.94,1700881,1364718523.22,2.54,1.78,0.14,3.34
格林美,2025-12-25,7.9,7.95,7.99,7.84,1073500,852068875.16,1.87,-0.87,-0.07,2.11
格林美,2025-12-26,8.0,8.01,8.1,7.96,1322434,1060966161.48,1.76,0.75,0.06,2.6
格林美,2025-12-29,8.12,8.0,8.18,7.96,1355848,1092938649.14,2.75,-0.12,-0.01,2.67
格林美,2025-12-30,7.85,8.19,8.25,7.82,2002258,1624184614.29,5.38,2.38,0.19,3.94
格林美,2025-12-31,8.26,8.36,8.54,8.26,2162250,1818431769.1,3.42,2.08,0.17,4.25
格林美,2026-01-05,8.49,8.43,8.52,8.33,1826743,1537066697.53,2.27,0.84,0.07,3.59
格林美,2026-01-06,8.5,8.64,8.68,8.48,2418034,2079643135.07,2.37,2.49,0.21,4.75
格林美,2026-01-07,8.87,9.33,9.5,8.87,7593800,7146386905.82,7.29,7.99,0.69,14.93
格林美,2026-01-08,9.06,8.78,9.12,8.73,6204059,5536226830.89,4.18,-5.89,-0.55,12.2
格林美,2026-01-09,8.7,8.77,8.93,8.61,3319511,2910285782.31,3.64,-0.11,-0.01,6.53
格林美,2026-01-12,8.93,8.82,9.02,8.66,3139411,2752901941.81,4.1,0.57,0.05,6.17
格林美,2026-01-13,8.73,8.68,8.79,8.63,1201973,1047684917.14,1.81,-1.59,-0.14,2.36
